2  4  3
0   0.000   0.230   0.8333   15.8333   1   0   0.5
1   1.697  -0.196   5.8333   20.8333   1   0   0.5
2   1.278  -0.018   10.8333  25.8333   1   0   0.5
3   2.060   1.124   15.8333  30.8333   1   0   0.5
4   1.635  -0.407   0        1440     1   0   0.5
5   1.889   0.842   0        1440     1   0   0.5
6   1.742   0.978   0        1440     1   0   0.5
7   1.436   0.201   0        1440     1   0   0.5
8   0.000   0.000   0        1440     0   0   0
9   0.000   0.000   0        1440     0   0   0
10  1.206   0.019   0        1440     0   0   0.5
11  0.206   0.000   0        1440     0   0   0.5
12  1.997   1.052   0        1440     0   0   0.5

