20	200	80					
0	6.324	10.65	0	1440	0	1	3
1	10.062	9.679	390	405	0	1	3
2	13.67	13.863	0	1440	0	1	3
3	5.967	12.451	538	553	0	1	3
4	10.407	8.78	0	1440	1	0	1
5	3.98	17.693	581	596	1	0	1
6	6.037	10.665	0	1440	1	0	1
7	6.158	13.615	379	394	1	0	1
8	9.853	8.958	0	1440	1	0	1
9	7.337	-10.988	514	529	1	0	1
10	15.509	11.224	0	1440	1	0	1
11	-15.495	-10.969	250	265	1	0	1
12	7.12	17.333	0	1440	1	0	1
13	11.842	6.966	333	348	1	0	1
14	13.03	9.527	0	1440	1	0	1
15	15.464	4.407	565	580	1	0	1
16	13.046	11.767	0	1440	1	0	1
17	12.647	-7.461	402	417	1	0	1
18	6.306	9.456	0	1440	1	0	1
19	3.606	12.659	228	243	1	0	1
20	12.977	3.543	0	1440	1	0	1
21	10.038	10.847	325	340	1	0	1
22	12.817	6.919	0	1440	1	0	1
23	9.581	7.67	369	384	1	0	1
24	8.979	10.434	0	1440	1	0	1
25	5.019	8.879	415	430	1	0	1
26	13.332	14.864	0	1440	1	0	1
27	9.133	9.717	457	472	1	0	1
28	11.527	6.871	0	1440	1	0	1
29	10.146	11.17	553	568	1	0	1
30	9.312	10.087	0	1440	1	0	1
31	-8.769	10.195	315	330	1	0	1
32	9.71	5.48	0	1440	1	0	1
33	5.472	-9.787	584	599	1	0	1
34	8.753	11.088	0	1440	1	0	1
35	8.11	7.073	513	528	1	0	1
36	8.853	12.603	0	1440	0	1	3
37	9.776	7.892	557	572	0	1	3
38	9.493	3.45	0	1440	1	0	1
39	14.934	11.706	593	608	1	0	1
40	7.208	16.555	0	1440	1	0	1
41	10.394	10.062	256	271	1	0	1
42	12.283	6.99	0	1440	1	0	1
43	7.558	-8.664	524	539	1	0	1
44	8.57	14.79	0	1440	1	0	1
45	16.378	4.357	310	325	1	0	1
46	8.502	10.706	0	1440	0	1	3
47	8.961	12.237	625	640	0	1	3
48	18.089	19.222	0	1440	1	0	1
49	3.868	10.639	459	474	1	0	1
50	0.94	-13.731	0	1440	1	0	1
51	9.776	-5.856	578	593	1	0	1
52	13.133	-10.694	0	1440	0	1	3
53	-8.667	-6.874	579	594	0	1	3
54	11.313	-12.117	0	1440	1	0	1
55	17.556	-13.936	464	479	1	0	1
56	10.492	-5.775	0	1440	0	1	3
57	-10.688	-16.871	613	628	0	1	3
58	5.66	-11.745	0	1440	1	0	1
59	13.418	-10.327	321	336	1	0	1
60	10.103	-14.216	0	1440	1	0	1
61	9.342	5.755	452	467	1	0	1
62	-1.043	-13.578	0	1440	1	0	1
63	8.168	0.129	625	640	1	0	1
64	10.174	-12.997	0	1440	0	1	3
65	-9.541	-12.613	502	517	0	1	3
66	8.319	-9.213	0	1440	1	0	1
67	10.852	-9.286	532	547	1	0	1
68	9.292	-10.946	0	1440	1	0	1
69	9.024	-10.946	445	460	1	0	1
70	10.196	-13.514	0	1440	0	1	3
71	13.056	11.445	587	602	0	1	3
72	9.948	-6.5	0	1440	1	0	1
73	-14.115	12.182	376	391	1	0	1
74	15.168	-3.757	0	1440	0	1	3
75	-6.932	13.443	490	505	0	1	3
76	6.22	-5.934	0	1440	1	0	1
77	-10.271	7.943	545	560	1	0	1
78	12.046	-11.933	0	1440	1	0	1
79	-10.845	11.902	321	336	1	0	1
80	10.112	-6.502	0	1440	1	0	1
81	-5.325	16.877	280	295	1	0	1
82	11.993	-9.66	0	1440	0	1	3
83	18.061	-10.805	620	635	0	1	3
84	8.861	-7.394	0	1440	0	1	3
85	13.241	-10.26	577	592	0	1	3
86	8.447	-13.071	0	1440	1	0	1
87	12.901	-10.99	333	348	1	0	1
88	12.853	-7.247	0	1440	1	0	1
89	17.015	-6.715	625	640	1	0	1
90	3.469	-7.177	0	1440	0	1	3
91	-11.118	11.632	269	284	0	1	3
92	12.8	-8.922	0	1440	1	0	1
93	8.469	-9.482	476	491	1	0	1
94	11.303	-16.694	0	1440	1	0	1
95	9.289	2.407	595	610	1	0	1
96	8.527	-9.876	0	1440	0	1	3
97	16.234	-14.431	582	597	0	1	3
98	9.69	-14.687	0	1440	0	1	3
99	-10.331	-9.011	610	625	0	1	3
100	-13.935	8.873	0	1440	1	0	1
101	-6.652	-10.039	346	361	1	0	1
102	-7.957	11.373	0	1440	1	0	1
103	-10.013	7.634	487	502	1	0	1
104	-10.219	10.355	0	1440	1	0	1
105	-11.6	-14.15	453	468	1	0	1
106	-14.792	7.219	0	1440	1	0	1
107	-10.221	7.999	292	307	1	0	1
108	-10.224	10.228	0	1440	1	0	1
109	12.931	-9.656	345	360	1	0	1
110	-9.596	13.325	0	1440	1	0	1
111	-11.691	9.052	473	488	1	0	1
112	-3.391	6.577	0	1440	0	1	3
113	10.33	-8.809	265	280	0	1	3
114	-8.428	11.543	0	1440	1	0	1
115	-12.205	9.463	539	554	1	0	1
116	-11.997	8.469	0	1440	0	1	3
117	-7.017	12.222	556	571	0	1	3
118	-1.932	11.547	0	1440	1	0	1
119	-2.291	15.367	534	549	1	0	1
120	-13.077	8.102	0	1440	1	0	1
121	-12.248	2.009	479	494	1	0	1
122	-7.956	6.057	0	1440	1	0	1
123	-9.844	9.84	523	538	1	0	1
124	-10.628	7.126	0	1440	0	1	3
125	-8.583	-15.808	444	459	0	1	3
126	-1.498	13.717	0	1440	0	1	3
127	-13.608	16.505	206	221	0	1	3
128	-9.369	11.332	0	1440	1	0	1
129	-15.891	6.526	413	428	1	0	1
130	-17.253	4.284	0	1440	1	0	1
131	7.749	-8.827	541	556	1	0	1
132	-5.931	8.357	0	1440	1	0	1
133	-8.767	-9.825	381	396	1	0	1
134	-11.073	8.545	0	1440	1	0	1
135	-4.648	-14.034	440	455	1	0	1
136	-17.065	7.842	0	1440	1	0	1
137	9.418	-9.963	582	597	1	0	1
138	-9.216	7.797	0	1440	1	0	1
139	-7.638	10.912	262	277	1	0	1
140	-10.384	7.626	0	1440	1	0	1
141	-8.62	13.423	433	448	1	0	1
142	-13.192	6.536	0	1440	1	0	1
143	-9.004	14.551	464	479	1	0	1
144	-11.025	5.193	0	1440	1	0	1
145	9.702	-12.404	553	568	1	0	1
146	-9.867	8.539	0	1440	1	0	1
147	-5.933	16.717	477	492	1	0	1
148	-6.923	8.475	0	1440	1	0	1
149	8.098	-11.938	621	636	1	0	1
150	-10.769	-6.867	0	1440	1	0	1
151	8.058	7.752	559	574	1	0	1
152	-9.842	-9.163	0	1440	1	0	1
153	-14.513	-7.513	379	394	1	0	1
154	-11.961	-2.915	0	1440	1	0	1
155	-16.042	-10.046	292	307	1	0	1
156	-7.715	-7.834	0	1440	1	0	1
157	-16.94	-14.853	589	604	1	0	1
158	-10.716	-8.766	0	1440	1	0	1
159	-8.919	-10.41	502	517	1	0	1
160	-11.403	-11.69	0	1440	1	0	1
161	-9.429	-12.574	509	524	1	0	1
162	-10.368	-9.212	0	1440	0	1	3
163	5.528	0.433	198	213	0	1	3
164	-10.584	-10.087	0	1440	1	0	1
165	-9.93	-10.828	479	494	1	0	1
166	-9.067	-0.922	0	1440	0	1	3
167	-12.153	-9.333	318	333	0	1	3
168	-11.552	-10.453	0	1440	0	1	3
169	-6.15	-5.967	490	505	0	1	3
170	-10.962	-7.692	0	1440	0	1	3
171	15.419	-6.308	475	490	0	1	3
172	-10.978	-12.631	0	1440	1	0	1
173	-12.522	6.936	249	264	1	0	1
174	-3.594	-3.764	0	1440	1	0	1
175	-7.106	-4.535	257	272	1	0	1
176	-9.438	-6.62	0	1440	1	0	1
177	-17.24	-6.544	554	569	1	0	1
178	-11.072	-9.038	0	1440	1	0	1
179	-12.355	-13.973	438	453	1	0	1
180	-13.724	-2.77	0	1440	1	0	1
181	-8.577	7.765	398	413	1	0	1
182	-19.141	-4.794	0	1440	1	0	1
183	-12.864	6.23	499	514	1	0	1
184	-11.377	-9.612	0	1440	0	1	3
185	8.905	6.573	264	279	0	1	3
186	-10.778	-5.011	0	1440	1	0	1
187	-10.504	3.489	449	464	1	0	1
188	-5.088	-10.009	0	1440	1	0	1
189	-9.88	-14.007	514	529	1	0	1
190	-8.841	-7.362	0	1440	1	0	1
191	-7.695	-13.632	396	411	1	0	1
192	-13.009	-11.37	0	1440	0	1	3
193	-9.296	8.312	566	581	0	1	3
194	-10.677	-8.044	0	1440	1	0	1
195	-10.215	-13.65	483	498	1	0	1
196	-9.872	-7.657	0	1440	0	1	3
197	-3.021	-14.621	283	298	0	1	3
198	-11.401	-8.872	0	1440	1	0	1
199	-11.292	-17.026	268	283	1	0	1
200	10.062	9.679	196	211	0	-1	3
201	6.324	10.65	0	1440	0	-1	3
202	5.967	12.451	356	371	0	-1	3
203	13.67	13.863	0	1440	0	-1	3
204	3.98	17.693	380	395	-1	0	1
205	10.407	8.78	0	1440	-1	0	1
206	6.158	13.615	135	150	-1	0	1
207	6.037	10.665	0	1440	-1	0	1
208	7.337	-10.988	406	421	-1	0	1
209	9.853	8.958	0	1440	-1	0	1
210	-15.495	-10.969	172	187	-1	0	1
211	15.509	11.224	0	1440	-1	0	1
212	11.842	6.966	118	133	-1	0	1
213	7.12	17.333	0	1440	-1	0	1
214	15.464	4.407	330	345	-1	0	1
215	13.03	9.527	0	1440	-1	0	1
216	12.647	-7.461	176	191	-1	0	1
217	13.046	11.767	0	1440	-1	0	1
218	3.606	12.659	81	96	-1	0	1
219	6.306	9.456	0	1440	-1	0	1
220	10.038	10.847	119	134	-1	0	1
221	12.977	3.543	0	1440	-1	0	1
222	9.581	7.67	202	217	-1	0	1
223	12.817	6.919	0	1440	-1	0	1
224	5.019	8.879	316	331	-1	0	1
225	8.979	10.434	0	1440	-1	0	1
226	9.133	9.717	205	220	-1	0	1
227	13.332	14.864	0	1440	-1	0	1
228	10.146	11.17	446	461	-1	0	1
229	11.527	6.871	0	1440	-1	0	1
230	-8.769	10.195	143	158	-1	0	1
231	9.312	10.087	0	1440	-1	0	1
232	5.472	-9.787	390	405	-1	0	1
233	9.71	5.48	0	1440	-1	0	1
234	8.11	7.073	431	446	-1	0	1
235	8.753	11.088	0	1440	-1	0	1
236	9.776	7.892	458	473	0	-1	3
237	8.853	12.603	0	1440	0	-1	3
238	14.934	11.706	382	397	-1	0	1
239	9.493	3.45	0	1440	-1	0	1
240	10.394	10.062	86	101	-1	0	1
241	7.208	16.555	0	1440	-1	0	1
242	7.558	-8.664	330	345	-1	0	1
243	12.283	6.99	0	1440	-1	0	1
244	16.378	4.357	222	237	-1	0	1
245	8.57	14.79	0	1440	-1	0	1
246	8.961	12.237	420	435	0	-1	3
247	8.502	10.706	0	1440	0	-1	3
248	3.868	10.639	318	333	-1	0	1
249	18.089	19.222	0	1440	-1	0	1
250	9.776	-5.856	498	513	-1	0	1
251	0.94	-13.731	0	1440	-1	0	1
252	-8.667	-6.874	479	494	0	-1	3
253	13.133	-10.694	0	1440	0	-1	3
254	17.556	-13.936	250	265	-1	0	1
255	11.313	-12.117	0	1440	-1	0	1
256	-10.688	-16.871	424	439	0	-1	3
257	10.492	-5.775	0	1440	0	-1	3
258	13.418	-10.327	181	196	-1	0	1
259	5.66	-11.745	0	1440	-1	0	1
260	9.342	5.755	327	342	-1	0	1
261	10.103	-14.216	0	1440	-1	0	1
262	8.168	0.129	454	469	-1	0	1
263	-1.043	-13.578	0	1440	-1	0	1
264	-9.541	-12.613	249	264	0	-1	3
265	10.174	-12.997	0	1440	0	-1	3
266	10.852	-9.286	290	305	-1	0	1
267	8.319	-9.213	0	1440	-1	0	1
268	9.024	-10.946	267	282	-1	0	1
269	9.292	-10.946	0	1440	-1	0	1
270	13.056	11.445	342	357	0	-1	3
271	10.196	-13.514	0	1440	0	-1	3
272	-14.115	12.182	153	168	-1	0	1
273	9.948	-6.5	0	1440	-1	0	1
274	-6.932	13.443	249	264	0	-1	3
275	15.168	-3.757	0	1440	0	-1	3
276	-10.271	7.943	381	396	-1	0	1
277	6.22	-5.934	0	1440	-1	0	1
278	-10.845	11.902	107	122	-1	0	1
279	12.046	-11.933	0	1440	-1	0	1
280	-5.325	16.877	105	120	-1	0	1
281	10.112	-6.502	0	1440	-1	0	1
282	18.061	-10.805	510	525	0	-1	3
283	11.993	-9.66	0	1440	0	-1	3
284	13.241	-10.26	441	456	0	-1	3
285	8.861	-7.394	0	1440	0	-1	3
286	12.901	-10.99	217	232	-1	0	1
287	8.447	-13.071	0	1440	-1	0	1
288	17.015	-6.715	535	550	-1	0	1
289	12.853	-7.247	0	1440	-1	0	1
290	-11.118	11.632	181	196	0	-1	3
291	3.469	-7.177	0	1440	0	-1	3
292	8.469	-9.482	388	403	-1	0	1
293	12.8	-8.922	0	1440	-1	0	1
294	9.289	2.407	444	459	-1	0	1
295	11.303	-16.694	0	1440	-1	0	1
296	16.234	-14.431	374	389	0	-1	3
297	8.527	-9.876	0	1440	0	-1	3
298	-10.331	-9.011	507	522	0	-1	3
299	9.69	-14.687	0	1440	0	-1	3
300	-6.652	-10.039	120	135	-1	0	1
301	-13.935	8.873	0	1440	-1	0	1
302	-10.013	7.634	307	322	-1	0	1
303	-7.957	11.373	0	1440	-1	0	1
304	-11.6	-14.15	210	225	-1	0	1
305	-10.219	10.355	0	1440	-1	0	1
306	-10.221	7.999	143	158	-1	0	1
307	-14.792	7.219	0	1440	-1	0	1
308	12.931	-9.656	214	229	-1	0	1
309	-10.224	10.228	0	1440	-1	0	1
310	-11.691	9.052	271	286	-1	0	1
311	-9.596	13.325	0	1440	-1	0	1
312	10.33	-8.809	115	130	0	-1	3
313	-3.391	6.577	0	1440	0	-1	3
314	-12.205	9.463	358	373	-1	0	1
315	-8.428	11.543	0	1440	-1	0	1
316	-7.017	12.222	306	321	0	-1	3
317	-11.997	8.469	0	1440	0	-1	3
318	-2.291	15.367	352	367	-1	0	1
319	-1.932	11.547	0	1440	-1	0	1
320	-12.248	2.009	334	349	-1	0	1
321	-13.077	8.102	0	1440	-1	0	1
322	-9.844	9.84	351	366	-1	0	1
323	-7.956	6.057	0	1440	-1	0	1
324	-8.583	-15.808	337	352	0	-1	3
325	-10.628	7.126	0	1440	0	-1	3
326	-13.608	16.505	83	98	0	-1	3
327	-1.498	13.717	0	1440	0	-1	3
328	-15.891	6.526	336	351	-1	0	1
329	-9.369	11.332	0	1440	-1	0	1
330	7.749	-8.827	329	344	-1	0	1
331	-17.253	4.284	0	1440	-1	0	1
332	-8.767	-9.825	251	266	-1	0	1
333	-5.931	8.357	0	1440	-1	0	1
334	-4.648	-14.034	266	281	-1	0	1
335	-11.073	8.545	0	1440	-1	0	1
336	9.418	-9.963	389	404	-1	0	1
337	-17.065	7.842	0	1440	-1	0	1
338	-7.638	10.912	141	156	-1	0	1
339	-9.216	7.797	0	1440	-1	0	1
340	-8.62	13.423	196	211	-1	0	1
341	-10.384	7.626	0	1440	-1	0	1
342	-9.004	14.551	353	368	-1	0	1
343	-13.192	6.536	0	1440	-1	0	1
344	9.702	-12.404	326	341	-1	0	1
345	-11.025	5.193	0	1440	-1	0	1
346	-5.933	16.717	272	287	-1	0	1
347	-9.867	8.539	0	1440	-1	0	1
348	8.098	-11.938	472	487	-1	0	1
349	-6.923	8.475	0	1440	-1	0	1
350	8.058	7.752	365	380	-1	0	1
351	-10.769	-6.867	0	1440	-1	0	1
352	-14.513	-7.513	155	170	-1	0	1
353	-9.842	-9.163	0	1440	-1	0	1
354	-16.042	-10.046	146	161	-1	0	1
355	-11.961	-2.915	0	1440	-1	0	1
356	-16.94	-14.853	466	481	-1	0	1
357	-7.715	-7.834	0	1440	-1	0	1
358	-8.919	-10.41	368	383	-1	0	1
359	-10.716	-8.766	0	1440	-1	0	1
360	-9.429	-12.574	293	308	-1	0	1
361	-11.403	-11.69	0	1440	-1	0	1
362	5.528	0.433	85	100	0	-1	3
363	-10.368	-9.212	0	1440	0	-1	3
364	-9.93	-10.828	313	328	-1	0	1
365	-10.584	-10.087	0	1440	-1	0	1
366	-12.153	-9.333	192	207	0	-1	3
367	-9.067	-0.922	0	1440	0	-1	3
368	-6.15	-5.967	284	299	0	-1	3
369	-11.552	-10.453	0	1440	0	-1	3
370	15.419	-6.308	252	267	0	-1	3
371	-10.962	-7.692	0	1440	0	-1	3
372	-12.522	6.936	130	145	-1	0	1
373	-10.978	-12.631	0	1440	-1	0	1
374	-7.106	-4.535	117	132	-1	0	1
375	-3.594	-3.764	0	1440	-1	0	1
376	-17.24	-6.544	311	326	-1	0	1
377	-9.438	-6.62	0	1440	-1	0	1
378	-12.355	-13.973	209	224	-1	0	1
379	-11.072	-9.038	0	1440	-1	0	1
380	-8.577	7.765	151	166	-1	0	1
381	-13.724	-2.77	0	1440	-1	0	1
382	-12.864	6.23	335	350	-1	0	1
383	-19.141	-4.794	0	1440	-1	0	1
384	8.905	6.573	124	139	0	-1	3
385	-11.377	-9.612	0	1440	0	-1	3
386	-10.504	3.489	334	349	-1	0	1
387	-10.778	-5.011	0	1440	-1	0	1
388	-9.88	-14.007	350	365	-1	0	1
389	-5.088	-10.009	0	1440	-1	0	1
390	-7.695	-13.632	237	252	-1	0	1
391	-8.841	-7.362	0	1440	-1	0	1
392	-9.296	8.312	430	445	0	-1	3
393	-13.009	-11.37	0	1440	0	-1	3
394	-10.215	-13.65	284	299	-1	0	1
395	-10.677	-8.044	0	1440	-1	0	1
396	-3.021	-14.621	156	171	0	-1	3
397	-9.872	-7.657	0	1440	0	-1	3
398	-11.292	-17.026	160	175	-1	0	1
399	-11.401	-8.872	0	1440	-1	0	1
400	10	10	0	720	3	3	0
401	10	10	0	720	3	3	0
402	10	10	0	720	3	3	0
403	10	10	0	720	3	3	0
404	10	10	0	720	3	3	0
405	10	-10	0	720	3	3	0
406	10	-10	0	720	3	3	0
407	10	-10	0	720	3	3	0
408	10	-10	0	720	3	3	0
409	10	-10	0	720	3	3	0
410	-10	10	0	720	3	3	0
411	-10	10	0	720	3	3	0
412	-10	10	0	720	3	3	0
413	-10	10	0	720	3	3	0
414	-10	10	0	720	3	3	0
415	-10	-10	0	720	3	3	0
416	-10	-10	0	720	3	3	0
417	-10	-10	0	720	3	3	0
418	-10	-10	0	720	3	3	0
419	-10	-10	0	720	3	3	0
420	-20	10	0	720	0	0	1
421	-18	10	0	720	0	0	1
422	-16	10	0	720	0	0	1
423	-14	10	0	720	0	0	1
424	-12	10	0	720	0	0	1
425	-10	10	0	720	0	0	1
426	-8	10	0	720	0	0	1
427	-6	10	0	720	0	0	1
428	-4	10	0	720	0	0	1
429	-2	10	0	720	0	0	1
430	0	10	0	720	0	0	1
431	2	10	0	720	0	0	1
432	4	10	0	720	0	0	1
433	6	10	0	720	0	0	1
434	8	10	0	720	0	0	1
435	10	10	0	720	0	0	1
436	12	10	0	720	0	0	1
437	14	10	0	720	0	0	1
438	16	10	0	720	0	0	1
439	18	10	0	720	0	0	1
440	20	10	0	720	0	0	1
441	-20	-10	0	720	0	0	1
442	-18	-10	0	720	0	0	1
443	-16	-10	0	720	0	0	1
444	-14	-10	0	720	0	0	1
445	-12	-10	0	720	0	0	1
446	-10	-10	0	720	0	0	1
447	-8	-10	0	720	0	0	1
448	-6	-10	0	720	0	0	1
449	-4	-10	0	720	0	0	1
450	-2	-10	0	720	0	0	1
451	0	-10	0	720	0	0	1
452	2	-10	0	720	0	0	1
453	4	-10	0	720	0	0	1
454	6	-10	0	720	0	0	1
455	8	-10	0	720	0	0	1
456	10	-10	0	720	0	0	1
457	12	-10	0	720	0	0	1
458	14	-10	0	720	0	0	1
459	16	-10	0	720	0	0	1
460	18	-10	0	720	0	0	1
461	20	-10	0	720	0	0	1
462	-10	20	0	720	0	0	1
463	-10	18	0	720	0	0	1
464	-10	16	0	720	0	0	1
465	-10	14	0	720	0	0	1
466	-10	12	0	720	0	0	1
467	-10	8	0	720	0	0	1
468	-10	6	0	720	0	0	1
469	-10	4	0	720	0	0	1
470	-10	2	0	720	0	0	1
471	-10	0	0	720	0	0	1
472	-10	-2	0	720	0	0	1
473	-10	-4	0	720	0	0	1
474	-10	-6	0	720	0	0	1
475	-10	-8	0	720	0	0	1
476	-10	-12	0	720	0	0	1
477	-10	-14	0	720	0	0	1
478	-10	-16	0	720	0	0	1
479	-10	-18	0	720	0	0	1
480	-10	-20	0	720	0	0	1
481	10	20	0	720	0	0	1
482	10	18	0	720	0	0	1
483	10	16	0	720	0	0	1
484	10	14	0	720	0	0	1
485	10	12	0	720	0	0	1
486	10	8	0	720	0	0	1
487	10	6	0	720	0	0	1
488	10	4	0	720	0	0	1
489	10	2	0	720	0	0	1
490	10	0	0	720	0	0	1
491	10	-2	0	720	0	0	1
492	10	-4	0	720	0	0	1
493	10	-6	0	720	0	0	1
494	10	-8	0	720	0	0	1
495	10	-12	0	720	0	0	1
496	10	-14	0	720	0	0	1
497	10	-16	0	720	0	0	1
498	10	-18	0	720	0	0	1
499	10	-20	0	720	0	0	1
