Data DARP: datafile1.txt
Transfers: 1
Relative MRT: 1
MRT factor: 1.5
Speed factor PT : 1
PT interval: 10
Iterations: 25000
Iter without impr: 500
Max removal pct: 0.3
Max deterior pct: 0.04
Clustered removal: 0
IDARP adapted: 1
Without operator:  0
Terminals per node: 3
Priority non PT: 0
Priority PT: 0
Priority long: 0
Priority short: 0
Current iteration: 0
Total distance: 3182.11
Computation time: 0.125977
Average ride time: 17.4082
Pct PT users: 0.175
Users PT: 2 3 18 19 22 46 47 52 53 56 60 61 76 77 88 89 99 110 111 120 121 134 135 138 139 142 143 164 165 168 169 170 171 192 193 

- route 0: 400 (0 0 122.226) 782 (1 0 122.226) 342 (0 0 125.465) 10 (1 0 136.144) 210 (0 0 141) 18 (1 0 155.384) 458 (0 0 157) 48 (1 0 212.919) 248 (0 0 219) 40 (1 0 261.76) 240 (0 0 271.085) 12 (0 1 281.787) 212 (0 0 292) 26 (1 0 301.704) 226 (0 0 308) 111 (1 0 317.377) 551 (0 0 319) 30 (1 0 324.715) 230 (0 0 327) 28 (1 0 349.761) 228 (0 0 356.986) 51 (0 1 363.767) 251 (0 0 385.689) 696 (1 0 400.791) 256 (0 0 404.643) 134 (1 0 420.637) 574 (0 0 425) 642 (1 0 429.336) 202 (0 0 432.511) 126 (1 0 444.825) 687 (2 0 465.103) 247 (1 0 467.849) 16 (1 1 473.444) 326 (0 1 493.482) 119 (1 1 503.138) 216 (1 0 505.584) 159 (2 0 515.287) 359 (1 0 534.305) 319 (0 0 550.275) 17 (0 1 615) 43 (1 1 624.397) 243 (0 1 641.502) 217 (0 0 647.14) 420 (0 0 720) 

- route 1: 401 (0 0 92.1155) 6 (1 0 99.7197) 206 (0 0 107) 32 (0 1 152.001) 232 (0 0 174) 58 (1 0 224.791) 258 (0 0 245.301) 199 (0 1 248.878) 399 (0 0 269.93) 33 (0 1 293.594) 46 (1 1 314.254) 486 (0 1 317) 233 (0 0 325.092) 22 (1 0 343.14) 462 (0 0 347) 143 (1 0 355) 583 (0 0 361) 9 (1 0 402.525) 209 (0 0 405.173) 41 (1 0 411) 659 (2 0 421.094) 219 (1 0 422.711) 241 (0 0 424.488) 21 (0 1 434.114) 221 (0 0 445.742) 49 (1 0 455.552) 249 (0 0 461.632) 31 (1 0 466) 231 (0 0 468.928) 139 (1 0 481.344) 579 (0 0 485) 421 (0 0 720) 

- route 2: 402 (0 0 100.706) 44 (1 0 101.983) 244 (0 0 107.078) 36 (0 1 112.25) 236 (0 0 142.057) 104 (0 1 149.751) 304 (0 0 170) 128 (1 0 194.091) 110 (2 0 197.825) 550 (1 0 201) 328 (0 0 209.214) 138 (1 0 253.562) 578 (0 0 255) 124 (1 0 274.142) 158 (2 0 295.819) 88 (3 0 313.562) 528 (2 0 315) 358 (1 0 320) 324 (0 0 323.375) 99 (1 0 367.3) 539 (0 0 369) 38 (0 1 378.767) 27 (1 1 383.954) 227 (0 1 390.251) 85 (0 2 409.334) 238 (0 1 421) 285 (0 0 446.277) 81 (0 1 484) 281 (0 0 523.541) 23 (1 0 588) 1 (1 1 594) 223 (0 1 605.62) 201 (0 0 610.335) 643 (1 0 619.222) 203 (0 0 620.677) 422 (0 0 720) 

- route 3: 403 (0 0 221.031) 750 (1 0 221.031) 310 (0 0 222.654) 11 (1 0 233) 211 (0 0 239.784) 8 (1 0 245.137) 208 (0 0 247.785) 7 (1 0 252) 207 (0 0 262.42) 20 (0 1 313.372) 220 (0 0 325) 662 (1 0 356.067) 222 (0 0 360.76) 13 (0 1 397.845) 2 (1 1 405.545) 442 (0 1 407) 213 (0 0 411.664) 0 (0 1 422.379) 200 (0 0 434.269) 774 (1 0 441.308) 334 (0 0 443.178) 29 (1 0 519) 229 (0 0 529.338) 135 (1 0 577.13) 575 (0 0 579) 423 (0 0 720) 

- route 4: 404 (0 0 281.934) 778 (1 0 281.934) 338 (0 0 285.59) 34 (1 0 298.687) 234 (0 0 301.994) 45 (1 0 310) 245 (0 0 317.142) 716 (1 0 323.393) 276 (0 0 326) 77 (1 0 541) 517 (0 0 545.065) 35 (1 0 551) 235 (0 0 555.461) 424 (0 0 720) 

- route 5: 405 (0 0 81.0412) 86 (0 1 84.7967) 286 (0 0 91.9351) 60 (1 0 100.566) 500 (0 0 105) 760 (1 0 117.386) 320 (0 0 119.382) 70 (1 0 146.331) 270 (0 0 153) 66 (1 0 197.795) 266 (0 0 199.812) 90 (0 1 207.126) 290 (0 0 217.931) 98 (1 0 225.727) 298 (0 0 242) 4 (1 0 251.86) 204 (0 0 276) 164 (1 0 285.574) 604 (0 0 287) 178 (1 0 293.261) 378 (0 0 303) 53 (1 0 328.216) 493 (0 0 329.645) 108 (0 1 335.108) 102 (1 1 341.394) 302 (0 1 356) 308 (0 0 378.982) 92 (0 1 387.267) 292 (0 0 396.484) 78 (1 0 405.496) 278 (0 0 416) 47 (1 0 431.166) 487 (0 0 433) 54 (1 0 456.488) 254 (0 0 460) 63 (1 0 472) 263 (0 0 478.778) 93 (0 1 545.348) 293 (0 0 554.565) 69 (0 1 564) 269 (0 0 578.958) 79 (1 0 586.627) 127 (2 0 596) 279 (1 0 601.883) 327 (0 0 644.658) 425 (0 0 720) 

- route 6: 406 (0 0 54.1412) 64 (0 1 58.4658) 52 (1 1 64.5893) 492 (0 1 67) 264 (0 0 87.2832) 74 (0 1 108.521) 274 (0 0 119) 84 (0 1 160.147) 188 (1 1 181.825) 284 (1 0 192.631) 388 (0 0 222) 105 (0 1 249) 305 (0 0 277.873) 65 (0 1 322.96) 265 (0 0 346.413) 177 (1 0 368) 150 (2 0 375.097) 377 (1 0 377.394) 350 (0 0 388.492) 833 (1 0 424.745) 393 (0 0 427.944) 73 (0 1 456.697) 729 (1 1 482.509) 289 (0 1 485.446) 273 (0 0 497.202) 426 (0 0 720) 

- route 7: 407 (0 0 208.34) 82 (0 1 208.76) 282 (0 0 215) 62 (1 0 236.148) 262 (0 0 241) 50 (0 1 261.079) 250 (0 0 283) 71 (1 0 302) 271 (0 0 309.832) 67 (1 0 311) 267 (0 0 313.525) 87 (0 1 320.058) 287 (0 0 327.196) 83 (0 1 331.06) 283 (0 0 337.299) 686 (1 0 340.72) 246 (0 0 344) 68 (0 1 356.876) 121 (1 1 364.2) 561 (0 1 367) 268 (0 0 372.327) 56 (1 0 377.738) 496 (0 0 381) 739 (1 0 386.648) 299 (0 0 391.209) 137 (0 1 413.697) 337 (0 0 444.837) 129 (1 0 455) 329 (0 0 467.587) 42 (1 0 479.289) 57 (2 0 482.709) 242 (1 0 498) 257 (0 0 509.614) 427 (0 0 720) 

- route 8: 408 (0 0 360.999) 693 (1 0 360.999) 253 (0 0 363.41) 75 (0 1 367) 275 (0 0 381.219) 810 (1 0 398.057) 370 (0 0 402.219) 94 (1 0 422.474) 294 (0 0 428) 95 (1 0 530) 295 (0 0 537.788) 171 (1 0 566.838) 611 (0 0 571) 428 (0 0 720) 

- route 9: 409 (0 0 308.635) 91 (0 1 310.622) 291 (0 0 321.428) 97 (0 1 355) 297 (0 0 391.634) 701 (1 0 402.743) 261 (0 0 408.175) 429 (0 0 720) 

- route 10: 410 (0 0 63.9927) 120 (1 0 73.2619) 560 (0 0 78.3872) 198 (0 1 87.9303) 692 (1 1 95.4734) 252 (0 1 98.1587) 398 (0 0 111) 106 (0 1 120.848) 306 (0 0 126) 144 (1 0 148.381) 344 (0 0 166) 122 (0 1 209.659) 322 (0 0 218) 133 (0 1 329.316) 333 (0 0 335.278) 751 (1 0 339.031) 311 (0 0 342.206) 130 (1 0 355.485) 330 (0 0 358) 783 (1 0 379.465) 343 (0 0 381.421) 147 (0 1 393) 347 (0 0 400.314) 100 (0 1 440.304) 300 (0 0 447) 25 (1 0 482.439) 225 (0 0 493.913) 131 (1 0 502.043) 331 (0 0 504.558) 179 (1 0 519.082) 379 (0 0 528.821) 115 (0 1 542.483) 315 (0 0 574.207) 101 (0 1 579.732) 301 (0 0 586.428) 3 (1 0 593.711) 443 (0 0 597) 149 (0 1 631) 349 (0 0 637.967) 430 (0 0 720) 

- route 11: 411 (0 0 96.7663) 112 (1 0 96.8653) 142 (2 0 99.0449) 582 (1 0 101) 312 (0 0 128.032) 132 (0 1 152.037) 332 (0 0 158) 136 (0 1 175.766) 658 (1 1 186.675) 140 (2 1 189.262) 218 (1 1 191.08) 340 (0 1 198) 336 (0 0 220.976) 96 (0 1 253.577) 296 (0 0 279) 24 (1 0 310.525) 224 (0 0 322) 808 (1 0 376.127) 368 (0 0 378.416) 19 (1 0 384.5) 459 (0 0 387) 114 (0 1 414.053) 123 (0 2 420.553) 323 (0 1 428.893) 314 (0 0 457) 55 (1 0 570.573) 255 (0 0 574.085) 717 (1 0 575.693) 277 (0 0 578.526) 109 (0 1 610) 309 (0 0 653.874) 431 (0 0 720) 

- route 12: 412 (0 0 222.503) 146 (0 1 224.124) 346 (0 0 230) 156 (1 0 267.138) 356 (0 0 281) 113 (1 0 335) 313 (0 0 373.318) 193 (1 0 396.73) 633 (0 0 399) 103 (1 0 494) 303 (0 0 515.408) 775 (1 0 595.308) 335 (0 0 599.671) 432 (0 0 720) 

- route 13: 413 (0 0 129.744) 116 (1 0 135.775) 316 (0 0 154) 117 (1 0 313.723) 317 (0 0 331.948) 118 (1 0 344.427) 59 (2 0 351.675) 259 (1 0 372.185) 318 (0 0 382) 125 (1 0 468.465) 165 (2 0 496.819) 605 (1 0 499) 779 (2 0 510.416) 339 (1 0 513.371) 325 (0 0 517.697) 169 (1 0 626) 609 (0 0 635) 433 (0 0 720) 

- route 14: 414 (0 0 280.745) 832 (1 0 280.745) 392 (0 0 283.015) 37 (0 1 302) 804 (1 1 313.334) 364 (0 1 315.516) 237 (0 0 345.21) 434 (0 0 720) 

- route 15: 415 (0 0 133.726) 182 (1 0 134.464) 700 (2 0 136.836) 382 (1 0 139.241) 260 (0 0 143) 180 (0 1 230.554) 145 (1 1 244.449) 380 (1 0 261) 345 (0 0 270.376) 107 (0 1 353) 307 (0 0 359.228) 154 (1 0 395.108) 161 (2 0 398) 361 (1 0 401.21) 354 (0 0 404) 185 (1 0 430.754) 385 (0 0 434.857) 141 (1 0 449.799) 341 (0 0 456.977) 148 (0 1 458.355) 348 (0 0 464) 181 (0 1 489) 381 (0 0 518.146) 805 (1 0 525.334) 365 (0 0 526.76) 435 (0 0 720) 

- route 16: 416 (0 0 146.953) 196 (1 0 149.208) 396 (0 0 153) 162 (1 0 193.083) 362 (0 0 203) 72 (0 1 230.594) 190 (1 1 253.57) 390 (0 1 255.483) 167 (1 1 258) 367 (0 1 261.412) 272 (0 0 271.1) 183 (1 0 304.594) 383 (0 0 308.298) 172 (1 0 311.363) 372 (0 0 317.784) 184 (1 0 324.897) 384 (0 0 329) 168 (1 0 337.19) 152 (2 0 341.665) 608 (1 0 349) 352 (0 0 354.834) 197 (1 0 376.228) 175 (2 0 378) 397 (1 0 381.415) 375 (0 0 386.225) 157 (1 0 395) 761 (2 0 402.922) 321 (1 0 408.048) 357 (0 0 415.292) 173 (1 0 448.375) 89 (2 0 454) 529 (1 0 456.157) 373 (0 0 457.507) 151 (1 0 476) 351 (0 0 489.395) 153 (1 0 559) 353 (0 0 572.169) 39 (0 1 615.938) 155 (1 1 620) 355 (0 1 629.146) 239 (0 0 663.401) 436 (0 0 720) 

- route 17: 417 (0 0 162.713) 166 (1 0 163.392) 366 (0 0 166) 160 (1 0 235.04) 360 (0 0 238) 192 (1 0 251.8) 632 (0 0 255) 76 (1 0 289.261) 516 (0 0 291) 80 (0 1 303.906) 163 (1 1 328) 363 (0 1 338.71) 280 (0 0 343.027) 186 (1 0 350.527) 386 (0 0 355) 61 (1 0 365) 501 (0 0 375) 194 (1 0 464.611) 394 (0 0 468) 195 (1 0 554) 395 (0 0 558.583) 187 (1 0 582) 387 (0 0 588.21) 809 (1 0 667.017) 369 (0 0 672.129) 437 (0 0 720) 

- route 18: 418 (0 0 77.2081) 14 (1 0 100.128) 214 (0 0 120) 174 (1 0 126.183) 374 (0 0 132) 728 (1 0 343.473) 288 (0 0 345) 170 (1 0 377.972) 610 (0 0 381) 811 (1 0 588.057) 371 (0 0 591.085) 438 (0 0 720) 

- route 19: 419 (0 0 173.056) 176 (1 0 174.404) 376 (0 0 181) 5 (1 0 350.395) 15 (2 0 358.52) 205 (1 0 377.693) 215 (0 0 379.732) 189 (1 0 389) 389 (0 0 440.003) 191 (1 0 504) 391 (0 0 506.37) 439 (0 0 720) 


Data DARP: datafile1.txt
Transfers: 1
Relative MRT: 1
MRT factor: 1.5
Speed factor PT : 1
PT interval: 10
Iterations: 25000
Iter without impr: 500
Max removal pct: 0.3
Max deterior pct: 0.04
Clustered removal: 0
IDARP adapted: 1
Without operator:  0
Terminals per node: 3
Priority non PT: 0
Priority PT: 0
Priority long: 0
Priority short: 0
Current iteration: 5000
Total distance: 2390.54
Computation time: 400.112
Average ride time: 17.8303
Pct PT users: 0.16
Users PT: 2 3 18 19 46 47 52 56 57 60 61 76 77 88 89 98 110 111 120 121 135 138 139 142 143 164 168 169 170 171 192 193 

- route 0: 400 (0 0 130.966) 782 (1 0 130.966) 342 (0 0 134.206) 10 (1 0 136.144) 210 (0 0 141) 11 (1 0 227.874) 738 (2 0 230.921) 211 (1 0 233.752) 298 (0 0 236.05) 778 (1 0 281.934) 338 (0 0 285.59) 34 (1 0 312.693) 234 (0 0 316) 137 (0 1 418.505) 642 (1 1 437.132) 202 (0 1 440.307) 148 (0 2 450.368) 348 (0 1 456.012) 337 (0 0 463.716) 181 (0 1 489) 165 (1 1 499.671) 365 (0 1 519.966) 381 (0 0 525.575) 39 (0 1 615.938) 155 (1 1 620) 355 (0 1 629.146) 239 (0 0 663.401) 420 (0 0 720) 

- route 1: 401 (0 0 92.1155) 6 (1 0 99.7197) 206 (0 0 107) 32 (0 1 152.001) 232 (0 0 174) 138 (1 0 253.562) 578 (0 0 255) 124 (1 0 279.306) 158 (2 0 300.982) 358 (1 0 320) 87 (1 1 323.552) 324 (0 1 328.538) 287 (0 0 332.759) 83 (0 1 346) 283 (0 0 353.86) 56 (1 0 376.358) 496 (0 0 379) 810 (1 0 398.057) 370 (0 0 402.219) 171 (1 0 556.838) 611 (0 0 561) 55 (1 0 585) 255 (0 0 589.768) 17 (0 1 615) 43 (1 1 624.397) 243 (0 1 641.502) 217 (0 0 647.14) 421 (0 0 720) 

- route 2: 402 (0 0 101.163) 44 (1 0 102.44) 244 (0 0 107.535) 36 (0 1 112.707) 132 (0 2 138.828) 332 (0 1 144.791) 236 (0 0 150) 122 (0 1 209.659) 322 (0 0 218) 199 (0 1 261) 178 (1 1 288.662) 399 (1 0 291.078) 378 (0 0 302.77) 102 (1 0 337.903) 130 (2 0 345.001) 330 (1 0 347.516) 302 (0 0 356) 9 (1 0 413) 209 (0 0 416.473) 687 (1 0 474.512) 247 (0 0 478.209) 77 (1 0 541) 517 (0 0 547) 643 (1 0 619.222) 203 (0 0 620.677) 422 (0 0 720) 

- route 3: 403 (0 0 221.031) 750 (1 0 221.031) 310 (0 0 222.654) 8 (1 0 241.712) 208 (0 0 244.361) 4 (1 0 251.86) 204 (0 0 276) 5 (1 0 354.875) 15 (2 0 363) 205 (1 0 390.268) 215 (0 0 392.307) 41 (1 0 411) 659 (2 0 422.809) 241 (1 0 424.488) 219 (0 0 430.073) 21 (0 1 435) 221 (0 0 450.942) 49 (1 0 465) 249 (0 0 473.621) 139 (1 0 477.344) 579 (0 0 481) 29 (1 0 519) 229 (0 0 529.338) 135 (1 0 567.13) 575 (0 0 569) 423 (0 0 720) 

- route 4: 404 (0 0 152.815) 18 (1 0 155.384) 458 (0 0 157) 40 (1 0 267.675) 240 (0 0 277) 26 (1 0 301.704) 226 (0 0 308) 111 (1 0 317.377) 551 (0 0 319) 716 (1 0 323.393) 276 (0 0 326) 22 (1 0 346.092) 143 (2 0 349.037) 583 (1 0 351) 222 (0 0 363.712) 696 (1 0 399.411) 256 (0 0 403.262) 57 (1 0 489.657) 497 (0 0 493) 35 (1 0 551) 235 (0 0 555.461) 23 (1 0 588) 1 (1 1 594) 223 (0 1 605.62) 201 (0 0 610.335) 424 (0 0 720) 

- route 5: 405 (0 0 249.673) 72 (0 1 249.996) 272 (0 0 278) 168 (1 0 340.806) 608 (0 0 345) 152 (1 0 355.452) 61 (2 0 361.669) 352 (1 0 365.939) 501 (0 0 367) 154 (1 0 393.669) 161 (2 0 396.561) 361 (1 0 399.521) 354 (0 0 402.311) 85 (0 1 411) 185 (1 1 423.828) 385 (0 1 427.931) 285 (0 0 447.943) 69 (0 1 557.688) 269 (0 0 568.988) 717 (1 0 576.788) 277 (0 0 578.526) 425 (0 0 720) 

- route 6: 406 (0 0 208.34) 82 (0 1 208.76) 282 (0 0 215) 62 (1 0 236.148) 262 (0 0 241) 50 (0 1 261.079) 250 (0 0 283) 20 (0 1 313.372) 220 (0 0 325) 51 (0 1 372) 99 (1 1 379.376) 299 (0 1 395.648) 251 (0 0 403.382) 94 (1 0 422.474) 294 (0 0 428) 95 (1 0 530) 295 (0 0 537.788) 426 (0 0 720) 

- route 7: 407 (0 0 59.506) 64 (0 1 63.8305) 264 (0 0 87.2832) 74 (0 1 108.521) 274 (0 0 119) 84 (0 1 177.371) 284 (0 0 203) 117 (1 0 319) 751 (2 0 339.629) 311 (1 0 342.17) 317 (0 0 345.838) 808 (1 0 379.711) 368 (0 0 382) 126 (1 0 431.336) 134 (2 0 439.639) 334 (1 0 455) 31 (2 0 461.165) 231 (1 0 463.45) 326 (0 0 479.993) 729 (1 0 484.008) 289 (0 0 485.446) 427 (0 0 720) 

- route 8: 408 (0 0 67.8135) 52 (1 0 69.2241) 492 (0 0 71) 66 (1 0 210.983) 266 (0 0 213) 76 (1 0 290.166) 516 (0 0 293) 686 (1 0 336.758) 246 (0 0 338.592) 47 (1 0 441.526) 54 (2 0 443.968) 254 (1 0 447.48) 487 (0 0 449) 428 (0 0 720) 

- route 9: 409 (0 0 81.0412) 86 (0 1 84.7967) 286 (0 0 91.9351) 60 (1 0 100.566) 500 (0 0 105) 760 (1 0 126.277) 320 (0 0 128.274) 70 (1 0 146.331) 270 (0 0 153) 71 (1 0 294.652) 271 (0 0 301.321) 67 (1 0 302.488) 267 (0 0 304.505) 91 (0 1 309.012) 88 (1 1 314.42) 528 (0 1 317) 291 (0 0 323.721) 68 (0 1 356.614) 75 (0 2 367) 268 (0 1 372.065) 275 (0 0 381.219) 78 (1 0 405.496) 278 (0 0 416) 79 (1 0 591) 279 (0 0 606.256) 429 (0 0 720) 

- route 10: 410 (0 0 107.948) 142 (1 0 109.045) 582 (0 0 111) 128 (1 0 194.091) 110 (2 0 197.825) 550 (1 0 201) 328 (0 0 209.214) 146 (0 1 224.124) 346 (0 0 230) 832 (1 0 280.745) 392 (0 0 283.015) 804 (1 0 310.044) 364 (0 0 312.225) 133 (0 1 344) 333 (0 0 351.444) 783 (1 0 373.502) 343 (0 0 375.457) 147 (0 1 380.847) 347 (0 0 386.723) 19 (1 0 391.112) 459 (0 0 394.897) 193 (1 0 396.73) 633 (0 0 399) 114 (0 1 414.053) 123 (0 2 420.553) 323 (0 1 428.893) 314 (0 0 457) 115 (0 1 554) 811 (1 1 577.613) 371 (0 1 580.451) 315 (0 0 600.086) 430 (0 0 720) 

- route 11: 411 (0 0 66.9979) 14 (1 0 83.468) 692 (2 0 102.571) 252 (1 0 104) 214 (0 0 112.775) 174 (1 0 125.516) 374 (0 0 131.333) 182 (1 0 134.464) 700 (2 0 136.836) 382 (1 0 139.241) 260 (0 0 143) 180 (0 1 230.554) 145 (1 1 244.449) 380 (1 0 261) 345 (0 0 270.376) 118 (1 0 336.376) 59 (2 0 343.623) 97 (2 1 352.942) 259 (1 1 372.185) 318 (0 1 382) 297 (0 0 389.576) 92 (0 1 400.783) 292 (0 0 410) 93 (0 1 557) 293 (0 0 569.326) 127 (1 0 588.421) 327 (0 0 621.193) 169 (1 0 626) 609 (0 0 635) 431 (0 0 720) 

- route 12: 412 (0 0 146.311) 144 (1 0 148.381) 344 (0 0 166) 192 (1 0 251.8) 632 (0 0 255) 183 (1 0 304.81) 383 (0 0 308.514) 172 (1 0 311.579) 372 (0 0 318) 53 (1 0 325.752) 108 (1 1 331.53) 253 (0 1 359.428) 121 (1 1 363.004) 561 (0 1 365) 308 (0 0 375.405) 701 (1 0 400.41) 261 (0 0 404.844) 63 (1 0 458.053) 263 (0 0 462.904) 125 (1 0 468.073) 131 (2 0 493.418) 331 (1 0 495.932) 325 (0 0 504.015) 779 (1 0 507.934) 339 (0 0 509.371) 101 (0 1 592) 301 (0 0 600.544) 432 (0 0 720) 

- route 13: 413 (0 0 121.836) 116 (1 0 127.867) 104 (1 1 141.42) 316 (0 1 154) 304 (0 0 170) 105 (0 1 236.413) 305 (0 0 256.662) 156 (1 0 267.138) 356 (0 0 281) 65 (0 1 315.372) 113 (1 1 335) 265 (1 0 341.551) 313 (0 0 373.318) 100 (0 1 440.304) 300 (0 0 447) 25 (1 0 492) 225 (0 0 508.712) 775 (1 0 584.335) 335 (0 0 588.798) 3 (1 0 593.711) 443 (0 0 597) 433 (0 0 720) 

- route 14: 414 (0 0 113.023) 112 (1 0 113.122) 312 (0 0 139) 98 (1 0 212.141) 538 (0 0 217) 58 (1 0 238.49) 258 (0 0 259) 37 (0 1 300.494) 33 (0 2 308) 233 (0 1 330.052) 237 (0 0 343.704) 28 (1 0 360.775) 228 (0 0 368) 13 (0 1 405) 2 (1 1 413.342) 442 (0 1 414.797) 213 (0 0 418.819) 0 (0 1 426.11) 200 (0 0 438) 16 (0 1 473.256) 42 (1 1 480.895) 242 (0 1 498) 119 (1 1 502.951) 216 (1 0 505.397) 159 (2 0 511.482) 697 (3 0 513.906) 257 (2 0 516.562) 359 (1 0 534.117) 319 (0 0 550.088) 149 (0 1 631) 349 (0 0 637.967) 434 (0 0 720) 

- route 15: 415 (0 0 252.967) 190 (1 0 253.57) 390 (0 0 255.483) 167 (1 0 258) 367 (0 0 261.412) 164 (1 0 282.284) 604 (0 0 285) 177 (1 0 367.406) 377 (0 0 374.001) 197 (1 0 376.228) 175 (2 0 378) 397 (1 0 381.415) 375 (0 0 386.225) 157 (1 0 395) 761 (2 0 402.922) 321 (1 0 408.048) 357 (0 0 415.292) 173 (1 0 448.375) 89 (2 0 454) 529 (1 0 456.157) 373 (0 0 457.507) 153 (1 0 559) 353 (0 0 572.169) 809 (1 0 667.935) 369 (0 0 672.129) 435 (0 0 720) 

- route 16: 416 (0 0 146.953) 196 (1 0 149.208) 396 (0 0 153) 188 (1 0 169.896) 176 (2 0 174.404) 376 (1 0 181) 48 (2 0 209.97) 248 (1 0 216.051) 388 (0 0 220.899) 12 (0 1 281.787) 212 (0 0 292) 46 (1 0 301.909) 486 (0 0 305) 45 (1 0 310) 245 (0 0 317.142) 30 (1 0 324.715) 230 (0 0 327) 38 (0 1 376.613) 189 (1 1 384.896) 27 (2 1 390.566) 227 (1 1 396.862) 238 (1 0 421) 389 (0 0 435.899) 73 (0 1 469) 81 (0 2 484) 273 (0 1 509.506) 281 (0 0 523.541) 109 (0 1 610) 309 (0 0 653.874) 436 (0 0 720) 

- route 17: 417 (0 0 162.713) 166 (1 0 163.392) 366 (0 0 166) 160 (1 0 235.04) 360 (0 0 238) 184 (1 0 324.897) 384 (0 0 329) 728 (1 0 341.503) 288 (0 0 345) 186 (1 0 350.527) 386 (0 0 355) 833 (1 0 424.745) 393 (0 0 427.944) 194 (1 0 464.611) 394 (0 0 468) 195 (1 0 554) 395 (0 0 558.583) 187 (1 0 582) 387 (0 0 588.21) 437 (0 0 720) 

- route 18: 418 (0 0 179.325) 162 (1 0 181.588) 362 (0 0 191.504) 90 (0 1 208.194) 290 (0 0 219) 96 (0 1 253.577) 296 (0 0 279) 24 (1 0 310.525) 224 (0 0 322) 107 (0 1 353) 307 (0 0 359.228) 141 (1 0 449.225) 129 (2 0 455) 341 (1 0 459.492) 329 (0 0 470.123) 103 (1 0 494) 303 (0 0 515.408) 179 (1 0 529) 379 (0 0 543.108) 438 (0 0 720) 

- route 19: 419 (0 0 66.913) 198 (0 1 68.3705) 120 (1 1 82.1532) 560 (0 1 87) 398 (0 0 98.4483) 106 (0 1 120.848) 306 (0 0 126) 136 (0 1 175.969) 658 (1 1 185.651) 140 (2 1 189.262) 218 (1 1 191.08) 340 (0 1 198) 336 (0 0 221.18) 7 (1 0 252) 207 (0 0 262.42) 80 (0 1 303.906) 163 (1 1 328) 363 (0 1 339.13) 280 (0 0 343.447) 170 (1 0 377.972) 610 (0 0 381) 150 (1 0 389.737) 350 (0 0 399) 151 (1 0 476) 351 (0 0 489.395) 191 (1 0 504) 391 (0 0 506.37) 439 (0 0 720) 


Data DARP: datafile1.txt
Transfers: 1
Relative MRT: 1
MRT factor: 1.5
Speed factor PT : 1
PT interval: 10
Iterations: 25000
Iter without impr: 500
Max removal pct: 0.3
Max deterior pct: 0.04
Clustered removal: 0
IDARP adapted: 1
Without operator:  0
Terminals per node: 3
Priority non PT: 0
Priority PT: 0
Priority long: 0
Priority short: 0
Current iteration: 10000
Total distance: 2390.54
Computation time: 811.042
Average ride time: 17.8303
Pct PT users: 0.16
Users PT: 2 3 18 19 46 47 52 56 57 60 61 76 77 88 89 98 110 111 120 121 135 138 139 142 143 164 168 169 170 171 192 193 

- route 0: 400 (0 0 130.966) 782 (1 0 130.966) 342 (0 0 134.206) 10 (1 0 136.144) 210 (0 0 141) 11 (1 0 227.874) 738 (2 0 230.921) 211 (1 0 233.752) 298 (0 0 236.05) 778 (1 0 281.934) 338 (0 0 285.59) 34 (1 0 312.693) 234 (0 0 316) 137 (0 1 418.505) 642 (1 1 437.132) 202 (0 1 440.307) 148 (0 2 450.368) 348 (0 1 456.012) 337 (0 0 463.716) 181 (0 1 489) 165 (1 1 499.671) 365 (0 1 519.966) 381 (0 0 525.575) 39 (0 1 615.938) 155 (1 1 620) 355 (0 1 629.146) 239 (0 0 663.401) 420 (0 0 720) 

- route 1: 401 (0 0 92.1155) 6 (1 0 99.7197) 206 (0 0 107) 32 (0 1 152.001) 232 (0 0 174) 138 (1 0 253.562) 578 (0 0 255) 124 (1 0 279.306) 158 (2 0 300.982) 358 (1 0 320) 87 (1 1 323.552) 324 (0 1 328.538) 287 (0 0 332.759) 83 (0 1 346) 283 (0 0 353.86) 56 (1 0 376.358) 496 (0 0 379) 810 (1 0 398.057) 370 (0 0 402.219) 171 (1 0 556.838) 611 (0 0 561) 55 (1 0 585) 255 (0 0 589.768) 17 (0 1 615) 43 (1 1 624.397) 243 (0 1 641.502) 217 (0 0 647.14) 421 (0 0 720) 

- route 2: 402 (0 0 101.163) 44 (1 0 102.44) 244 (0 0 107.535) 36 (0 1 112.707) 132 (0 2 138.828) 332 (0 1 144.791) 236 (0 0 150) 122 (0 1 209.659) 322 (0 0 218) 199 (0 1 261) 178 (1 1 288.662) 399 (1 0 291.078) 378 (0 0 302.77) 102 (1 0 337.903) 130 (2 0 345.001) 330 (1 0 347.516) 302 (0 0 356) 9 (1 0 413) 209 (0 0 416.473) 687 (1 0 474.512) 247 (0 0 478.209) 77 (1 0 541) 517 (0 0 547) 643 (1 0 619.222) 203 (0 0 620.677) 422 (0 0 720) 

- route 3: 403 (0 0 221.031) 750 (1 0 221.031) 310 (0 0 222.654) 8 (1 0 241.712) 208 (0 0 244.361) 4 (1 0 251.86) 204 (0 0 276) 5 (1 0 354.875) 15 (2 0 363) 205 (1 0 390.268) 215 (0 0 392.307) 41 (1 0 411) 659 (2 0 422.809) 241 (1 0 424.488) 219 (0 0 430.073) 21 (0 1 435) 221 (0 0 450.942) 49 (1 0 465) 249 (0 0 473.621) 139 (1 0 477.344) 579 (0 0 481) 29 (1 0 519) 229 (0 0 529.338) 135 (1 0 567.13) 575 (0 0 569) 423 (0 0 720) 

- route 4: 404 (0 0 152.815) 18 (1 0 155.384) 458 (0 0 157) 40 (1 0 267.675) 240 (0 0 277) 26 (1 0 301.704) 226 (0 0 308) 111 (1 0 317.377) 551 (0 0 319) 716 (1 0 323.393) 276 (0 0 326) 22 (1 0 346.092) 143 (2 0 349.037) 583 (1 0 351) 222 (0 0 363.712) 696 (1 0 399.411) 256 (0 0 403.262) 57 (1 0 489.657) 497 (0 0 493) 35 (1 0 551) 235 (0 0 555.461) 23 (1 0 588) 1 (1 1 594) 223 (0 1 605.62) 201 (0 0 610.335) 424 (0 0 720) 

- route 5: 405 (0 0 249.673) 72 (0 1 249.996) 272 (0 0 278) 168 (1 0 340.806) 608 (0 0 345) 152 (1 0 355.452) 61 (2 0 361.669) 352 (1 0 365.939) 501 (0 0 367) 154 (1 0 393.669) 161 (2 0 396.561) 361 (1 0 399.521) 354 (0 0 402.311) 85 (0 1 411) 185 (1 1 423.828) 385 (0 1 427.931) 285 (0 0 447.943) 69 (0 1 557.688) 269 (0 0 568.988) 717 (1 0 576.788) 277 (0 0 578.526) 425 (0 0 720) 

- route 6: 406 (0 0 208.34) 82 (0 1 208.76) 282 (0 0 215) 62 (1 0 236.148) 262 (0 0 241) 50 (0 1 261.079) 250 (0 0 283) 20 (0 1 313.372) 220 (0 0 325) 51 (0 1 372) 99 (1 1 379.376) 299 (0 1 395.648) 251 (0 0 403.382) 94 (1 0 422.474) 294 (0 0 428) 95 (1 0 530) 295 (0 0 537.788) 426 (0 0 720) 

- route 7: 407 (0 0 59.506) 64 (0 1 63.8305) 264 (0 0 87.2832) 74 (0 1 108.521) 274 (0 0 119) 84 (0 1 177.371) 284 (0 0 203) 117 (1 0 319) 751 (2 0 339.629) 311 (1 0 342.17) 317 (0 0 345.838) 808 (1 0 379.711) 368 (0 0 382) 126 (1 0 431.336) 134 (2 0 439.639) 334 (1 0 455) 31 (2 0 461.165) 231 (1 0 463.45) 326 (0 0 479.993) 729 (1 0 484.008) 289 (0 0 485.446) 427 (0 0 720) 

- route 8: 408 (0 0 67.8135) 52 (1 0 69.2241) 492 (0 0 71) 66 (1 0 210.983) 266 (0 0 213) 76 (1 0 290.166) 516 (0 0 293) 686 (1 0 336.758) 246 (0 0 338.592) 47 (1 0 441.526) 54 (2 0 443.968) 254 (1 0 447.48) 487 (0 0 449) 428 (0 0 720) 

- route 9: 409 (0 0 81.0412) 86 (0 1 84.7967) 286 (0 0 91.9351) 60 (1 0 100.566) 500 (0 0 105) 760 (1 0 126.277) 320 (0 0 128.274) 70 (1 0 146.331) 270 (0 0 153) 71 (1 0 294.652) 271 (0 0 301.321) 67 (1 0 302.488) 267 (0 0 304.505) 91 (0 1 309.012) 88 (1 1 314.42) 528 (0 1 317) 291 (0 0 323.721) 68 (0 1 356.614) 75 (0 2 367) 268 (0 1 372.065) 275 (0 0 381.219) 78 (1 0 405.496) 278 (0 0 416) 79 (1 0 591) 279 (0 0 606.256) 429 (0 0 720) 

- route 10: 410 (0 0 107.948) 142 (1 0 109.045) 582 (0 0 111) 128 (1 0 194.091) 110 (2 0 197.825) 550 (1 0 201) 328 (0 0 209.214) 146 (0 1 224.124) 346 (0 0 230) 832 (1 0 280.745) 392 (0 0 283.015) 804 (1 0 310.044) 364 (0 0 312.225) 133 (0 1 344) 333 (0 0 351.444) 783 (1 0 373.502) 343 (0 0 375.457) 147 (0 1 380.847) 347 (0 0 386.723) 19 (1 0 391.112) 459 (0 0 394.897) 193 (1 0 396.73) 633 (0 0 399) 114 (0 1 414.053) 123 (0 2 420.553) 323 (0 1 428.893) 314 (0 0 457) 115 (0 1 554) 811 (1 1 577.613) 371 (0 1 580.451) 315 (0 0 600.086) 430 (0 0 720) 

- route 11: 411 (0 0 66.9979) 14 (1 0 83.468) 692 (2 0 102.571) 252 (1 0 104) 214 (0 0 112.775) 174 (1 0 125.516) 374 (0 0 131.333) 182 (1 0 134.464) 700 (2 0 136.836) 382 (1 0 139.241) 260 (0 0 143) 180 (0 1 230.554) 145 (1 1 244.449) 380 (1 0 261) 345 (0 0 270.376) 118 (1 0 336.376) 59 (2 0 343.623) 97 (2 1 352.942) 259 (1 1 372.185) 318 (0 1 382) 297 (0 0 389.576) 92 (0 1 400.783) 292 (0 0 410) 93 (0 1 557) 293 (0 0 569.326) 127 (1 0 588.421) 327 (0 0 621.193) 169 (1 0 626) 609 (0 0 635) 431 (0 0 720) 

- route 12: 412 (0 0 146.311) 144 (1 0 148.381) 344 (0 0 166) 192 (1 0 251.8) 632 (0 0 255) 183 (1 0 304.81) 383 (0 0 308.514) 172 (1 0 311.579) 372 (0 0 318) 53 (1 0 325.752) 108 (1 1 331.53) 253 (0 1 359.428) 121 (1 1 363.004) 561 (0 1 365) 308 (0 0 375.405) 701 (1 0 400.41) 261 (0 0 404.844) 63 (1 0 458.053) 263 (0 0 462.904) 125 (1 0 468.073) 131 (2 0 493.418) 331 (1 0 495.932) 325 (0 0 504.015) 779 (1 0 507.934) 339 (0 0 509.371) 101 (0 1 592) 301 (0 0 600.544) 432 (0 0 720) 

- route 13: 413 (0 0 121.836) 116 (1 0 127.867) 104 (1 1 141.42) 316 (0 1 154) 304 (0 0 170) 105 (0 1 236.413) 305 (0 0 256.662) 156 (1 0 267.138) 356 (0 0 281) 65 (0 1 315.372) 113 (1 1 335) 265 (1 0 341.551) 313 (0 0 373.318) 100 (0 1 440.304) 300 (0 0 447) 25 (1 0 492) 225 (0 0 508.712) 775 (1 0 584.335) 335 (0 0 588.798) 3 (1 0 593.711) 443 (0 0 597) 433 (0 0 720) 

- route 14: 414 (0 0 113.023) 112 (1 0 113.122) 312 (0 0 139) 98 (1 0 212.141) 538 (0 0 217) 58 (1 0 238.49) 258 (0 0 259) 37 (0 1 300.494) 33 (0 2 308) 233 (0 1 330.052) 237 (0 0 343.704) 28 (1 0 360.775) 228 (0 0 368) 13 (0 1 405) 2 (1 1 413.342) 442 (0 1 414.797) 213 (0 0 418.819) 0 (0 1 426.11) 200 (0 0 438) 16 (0 1 473.256) 42 (1 1 480.895) 242 (0 1 498) 119 (1 1 502.951) 216 (1 0 505.397) 159 (2 0 511.482) 697 (3 0 513.906) 257 (2 0 516.562) 359 (1 0 534.117) 319 (0 0 550.088) 149 (0 1 631) 349 (0 0 637.967) 434 (0 0 720) 

- route 15: 415 (0 0 252.967) 190 (1 0 253.57) 390 (0 0 255.483) 167 (1 0 258) 367 (0 0 261.412) 164 (1 0 282.284) 604 (0 0 285) 177 (1 0 367.406) 377 (0 0 374.001) 197 (1 0 376.228) 175 (2 0 378) 397 (1 0 381.415) 375 (0 0 386.225) 157 (1 0 395) 761 (2 0 402.922) 321 (1 0 408.048) 357 (0 0 415.292) 173 (1 0 448.375) 89 (2 0 454) 529 (1 0 456.157) 373 (0 0 457.507) 153 (1 0 559) 353 (0 0 572.169) 809 (1 0 667.935) 369 (0 0 672.129) 435 (0 0 720) 

- route 16: 416 (0 0 146.953) 196 (1 0 149.208) 396 (0 0 153) 188 (1 0 169.896) 176 (2 0 174.404) 376 (1 0 181) 48 (2 0 209.97) 248 (1 0 216.051) 388 (0 0 220.899) 12 (0 1 281.787) 212 (0 0 292) 46 (1 0 301.909) 486 (0 0 305) 45 (1 0 310) 245 (0 0 317.142) 30 (1 0 324.715) 230 (0 0 327) 38 (0 1 376.613) 189 (1 1 384.896) 27 (2 1 390.566) 227 (1 1 396.862) 238 (1 0 421) 389 (0 0 435.899) 73 (0 1 469) 81 (0 2 484) 273 (0 1 509.506) 281 (0 0 523.541) 109 (0 1 610) 309 (0 0 653.874) 436 (0 0 720) 

- route 17: 417 (0 0 162.713) 166 (1 0 163.392) 366 (0 0 166) 160 (1 0 235.04) 360 (0 0 238) 184 (1 0 324.897) 384 (0 0 329) 728 (1 0 341.503) 288 (0 0 345) 186 (1 0 350.527) 386 (0 0 355) 833 (1 0 424.745) 393 (0 0 427.944) 194 (1 0 464.611) 394 (0 0 468) 195 (1 0 554) 395 (0 0 558.583) 187 (1 0 582) 387 (0 0 588.21) 437 (0 0 720) 

- route 18: 418 (0 0 179.325) 162 (1 0 181.588) 362 (0 0 191.504) 90 (0 1 208.194) 290 (0 0 219) 96 (0 1 253.577) 296 (0 0 279) 24 (1 0 310.525) 224 (0 0 322) 107 (0 1 353) 307 (0 0 359.228) 141 (1 0 449.225) 129 (2 0 455) 341 (1 0 459.492) 329 (0 0 470.123) 103 (1 0 494) 303 (0 0 515.408) 179 (1 0 529) 379 (0 0 543.108) 438 (0 0 720) 

- route 19: 419 (0 0 66.913) 198 (0 1 68.3705) 120 (1 1 82.1532) 560 (0 1 87) 398 (0 0 98.4483) 106 (0 1 120.848) 306 (0 0 126) 136 (0 1 175.969) 658 (1 1 185.651) 140 (2 1 189.262) 218 (1 1 191.08) 340 (0 1 198) 336 (0 0 221.18) 7 (1 0 252) 207 (0 0 262.42) 80 (0 1 303.906) 163 (1 1 328) 363 (0 1 339.13) 280 (0 0 343.447) 170 (1 0 377.972) 610 (0 0 381) 150 (1 0 389.737) 350 (0 0 399) 151 (1 0 476) 351 (0 0 489.395) 191 (1 0 504) 391 (0 0 506.37) 439 (0 0 720) 


Data DARP: datafile1.txt
Transfers: 1
Relative MRT: 1
MRT factor: 1.5
Speed factor PT : 1
PT interval: 10
Iterations: 25000
Iter without impr: 500
Max removal pct: 0.3
Max deterior pct: 0.04
Clustered removal: 0
IDARP adapted: 1
Without operator:  0
Terminals per node: 3
Priority non PT: 0
Priority PT: 0
Priority long: 0
Priority short: 0
Current iteration: 15000
Total distance: 2390.54
Computation time: 1234.81
Average ride time: 17.8303
Pct PT users: 0.16
Users PT: 2 3 18 19 46 47 52 56 57 60 61 76 77 88 89 98 110 111 120 121 135 138 139 142 143 164 168 169 170 171 192 193 

- route 0: 400 (0 0 130.966) 782 (1 0 130.966) 342 (0 0 134.206) 10 (1 0 136.144) 210 (0 0 141) 11 (1 0 227.874) 738 (2 0 230.921) 211 (1 0 233.752) 298 (0 0 236.05) 778 (1 0 281.934) 338 (0 0 285.59) 34 (1 0 312.693) 234 (0 0 316) 137 (0 1 418.505) 642 (1 1 437.132) 202 (0 1 440.307) 148 (0 2 450.368) 348 (0 1 456.012) 337 (0 0 463.716) 181 (0 1 489) 165 (1 1 499.671) 365 (0 1 519.966) 381 (0 0 525.575) 39 (0 1 615.938) 155 (1 1 620) 355 (0 1 629.146) 239 (0 0 663.401) 420 (0 0 720) 

- route 1: 401 (0 0 92.1155) 6 (1 0 99.7197) 206 (0 0 107) 32 (0 1 152.001) 232 (0 0 174) 138 (1 0 253.562) 578 (0 0 255) 124 (1 0 279.306) 158 (2 0 300.982) 358 (1 0 320) 87 (1 1 323.552) 324 (0 1 328.538) 287 (0 0 332.759) 83 (0 1 346) 283 (0 0 353.86) 56 (1 0 376.358) 496 (0 0 379) 810 (1 0 398.057) 370 (0 0 402.219) 171 (1 0 556.838) 611 (0 0 561) 55 (1 0 585) 255 (0 0 589.768) 17 (0 1 615) 43 (1 1 624.397) 243 (0 1 641.502) 217 (0 0 647.14) 421 (0 0 720) 

- route 2: 402 (0 0 101.163) 44 (1 0 102.44) 244 (0 0 107.535) 36 (0 1 112.707) 132 (0 2 138.828) 332 (0 1 144.791) 236 (0 0 150) 122 (0 1 209.659) 322 (0 0 218) 199 (0 1 261) 178 (1 1 288.662) 399 (1 0 291.078) 378 (0 0 302.77) 102 (1 0 337.903) 130 (2 0 345.001) 330 (1 0 347.516) 302 (0 0 356) 9 (1 0 413) 209 (0 0 416.473) 687 (1 0 474.512) 247 (0 0 478.209) 77 (1 0 541) 517 (0 0 547) 643 (1 0 619.222) 203 (0 0 620.677) 422 (0 0 720) 

- route 3: 403 (0 0 221.031) 750 (1 0 221.031) 310 (0 0 222.654) 8 (1 0 241.712) 208 (0 0 244.361) 4 (1 0 251.86) 204 (0 0 276) 5 (1 0 354.875) 15 (2 0 363) 205 (1 0 390.268) 215 (0 0 392.307) 41 (1 0 411) 659 (2 0 422.809) 241 (1 0 424.488) 219 (0 0 430.073) 21 (0 1 435) 221 (0 0 450.942) 49 (1 0 465) 249 (0 0 473.621) 139 (1 0 477.344) 579 (0 0 481) 29 (1 0 519) 229 (0 0 529.338) 135 (1 0 567.13) 575 (0 0 569) 423 (0 0 720) 

- route 4: 404 (0 0 152.815) 18 (1 0 155.384) 458 (0 0 157) 40 (1 0 267.675) 240 (0 0 277) 26 (1 0 301.704) 226 (0 0 308) 111 (1 0 317.377) 551 (0 0 319) 716 (1 0 323.393) 276 (0 0 326) 22 (1 0 346.092) 143 (2 0 349.037) 583 (1 0 351) 222 (0 0 363.712) 696 (1 0 399.411) 256 (0 0 403.262) 57 (1 0 489.657) 497 (0 0 493) 35 (1 0 551) 235 (0 0 555.461) 23 (1 0 588) 1 (1 1 594) 223 (0 1 605.62) 201 (0 0 610.335) 424 (0 0 720) 

- route 5: 405 (0 0 249.673) 72 (0 1 249.996) 272 (0 0 278) 168 (1 0 340.806) 608 (0 0 345) 152 (1 0 355.452) 61 (2 0 361.669) 352 (1 0 365.939) 501 (0 0 367) 154 (1 0 393.669) 161 (2 0 396.561) 361 (1 0 399.521) 354 (0 0 402.311) 85 (0 1 411) 185 (1 1 423.828) 385 (0 1 427.931) 285 (0 0 447.943) 69 (0 1 557.688) 269 (0 0 568.988) 717 (1 0 576.788) 277 (0 0 578.526) 425 (0 0 720) 

- route 6: 406 (0 0 208.34) 82 (0 1 208.76) 282 (0 0 215) 62 (1 0 236.148) 262 (0 0 241) 50 (0 1 261.079) 250 (0 0 283) 20 (0 1 313.372) 220 (0 0 325) 51 (0 1 372) 99 (1 1 379.376) 299 (0 1 395.648) 251 (0 0 403.382) 94 (1 0 422.474) 294 (0 0 428) 95 (1 0 530) 295 (0 0 537.788) 426 (0 0 720) 

- route 7: 407 (0 0 59.506) 64 (0 1 63.8305) 264 (0 0 87.2832) 74 (0 1 108.521) 274 (0 0 119) 84 (0 1 177.371) 284 (0 0 203) 117 (1 0 319) 751 (2 0 339.629) 311 (1 0 342.17) 317 (0 0 345.838) 808 (1 0 379.711) 368 (0 0 382) 126 (1 0 431.336) 134 (2 0 439.639) 334 (1 0 455) 31 (2 0 461.165) 231 (1 0 463.45) 326 (0 0 479.993) 729 (1 0 484.008) 289 (0 0 485.446) 427 (0 0 720) 

- route 8: 408 (0 0 67.8135) 52 (1 0 69.2241) 492 (0 0 71) 66 (1 0 210.983) 266 (0 0 213) 76 (1 0 290.166) 516 (0 0 293) 686 (1 0 336.758) 246 (0 0 338.592) 47 (1 0 441.526) 54 (2 0 443.968) 254 (1 0 447.48) 487 (0 0 449) 428 (0 0 720) 

- route 9: 409 (0 0 81.0412) 86 (0 1 84.7967) 286 (0 0 91.9351) 60 (1 0 100.566) 500 (0 0 105) 760 (1 0 126.277) 320 (0 0 128.274) 70 (1 0 146.331) 270 (0 0 153) 71 (1 0 294.652) 271 (0 0 301.321) 67 (1 0 302.488) 267 (0 0 304.505) 91 (0 1 309.012) 88 (1 1 314.42) 528 (0 1 317) 291 (0 0 323.721) 68 (0 1 356.614) 75 (0 2 367) 268 (0 1 372.065) 275 (0 0 381.219) 78 (1 0 405.496) 278 (0 0 416) 79 (1 0 591) 279 (0 0 606.256) 429 (0 0 720) 

- route 10: 410 (0 0 107.948) 142 (1 0 109.045) 582 (0 0 111) 128 (1 0 194.091) 110 (2 0 197.825) 550 (1 0 201) 328 (0 0 209.214) 146 (0 1 224.124) 346 (0 0 230) 832 (1 0 280.745) 392 (0 0 283.015) 804 (1 0 310.044) 364 (0 0 312.225) 133 (0 1 344) 333 (0 0 351.444) 783 (1 0 373.502) 343 (0 0 375.457) 147 (0 1 380.847) 347 (0 0 386.723) 19 (1 0 391.112) 459 (0 0 394.897) 193 (1 0 396.73) 633 (0 0 399) 114 (0 1 414.053) 123 (0 2 420.553) 323 (0 1 428.893) 314 (0 0 457) 115 (0 1 554) 811 (1 1 577.613) 371 (0 1 580.451) 315 (0 0 600.086) 430 (0 0 720) 

- route 11: 411 (0 0 66.9979) 14 (1 0 83.468) 692 (2 0 102.571) 252 (1 0 104) 214 (0 0 112.775) 174 (1 0 125.516) 374 (0 0 131.333) 182 (1 0 134.464) 700 (2 0 136.836) 382 (1 0 139.241) 260 (0 0 143) 180 (0 1 230.554) 145 (1 1 244.449) 380 (1 0 261) 345 (0 0 270.376) 118 (1 0 336.376) 59 (2 0 343.623) 97 (2 1 352.942) 259 (1 1 372.185) 318 (0 1 382) 297 (0 0 389.576) 92 (0 1 400.783) 292 (0 0 410) 93 (0 1 557) 293 (0 0 569.326) 127 (1 0 588.421) 327 (0 0 621.193) 169 (1 0 626) 609 (0 0 635) 431 (0 0 720) 

- route 12: 412 (0 0 146.311) 144 (1 0 148.381) 344 (0 0 166) 192 (1 0 251.8) 632 (0 0 255) 183 (1 0 304.81) 383 (0 0 308.514) 172 (1 0 311.579) 372 (0 0 318) 53 (1 0 325.752) 108 (1 1 331.53) 253 (0 1 359.428) 121 (1 1 363.004) 561 (0 1 365) 308 (0 0 375.405) 701 (1 0 400.41) 261 (0 0 404.844) 63 (1 0 458.053) 263 (0 0 462.904) 125 (1 0 468.073) 131 (2 0 493.418) 331 (1 0 495.932) 325 (0 0 504.015) 779 (1 0 507.934) 339 (0 0 509.371) 101 (0 1 592) 301 (0 0 600.544) 432 (0 0 720) 

- route 13: 413 (0 0 121.836) 116 (1 0 127.867) 104 (1 1 141.42) 316 (0 1 154) 304 (0 0 170) 105 (0 1 236.413) 305 (0 0 256.662) 156 (1 0 267.138) 356 (0 0 281) 65 (0 1 315.372) 113 (1 1 335) 265 (1 0 341.551) 313 (0 0 373.318) 100 (0 1 440.304) 300 (0 0 447) 25 (1 0 492) 225 (0 0 508.712) 775 (1 0 584.335) 335 (0 0 588.798) 3 (1 0 593.711) 443 (0 0 597) 433 (0 0 720) 

- route 14: 414 (0 0 113.023) 112 (1 0 113.122) 312 (0 0 139) 98 (1 0 212.141) 538 (0 0 217) 58 (1 0 238.49) 258 (0 0 259) 37 (0 1 300.494) 33 (0 2 308) 233 (0 1 330.052) 237 (0 0 343.704) 28 (1 0 360.775) 228 (0 0 368) 13 (0 1 405) 2 (1 1 413.342) 442 (0 1 414.797) 213 (0 0 418.819) 0 (0 1 426.11) 200 (0 0 438) 16 (0 1 473.256) 42 (1 1 480.895) 242 (0 1 498) 119 (1 1 502.951) 216 (1 0 505.397) 159 (2 0 511.482) 697 (3 0 513.906) 257 (2 0 516.562) 359 (1 0 534.117) 319 (0 0 550.088) 149 (0 1 631) 349 (0 0 637.967) 434 (0 0 720) 

- route 15: 415 (0 0 252.967) 190 (1 0 253.57) 390 (0 0 255.483) 167 (1 0 258) 367 (0 0 261.412) 164 (1 0 282.284) 604 (0 0 285) 177 (1 0 367.406) 377 (0 0 374.001) 197 (1 0 376.228) 175 (2 0 378) 397 (1 0 381.415) 375 (0 0 386.225) 157 (1 0 395) 761 (2 0 402.922) 321 (1 0 408.048) 357 (0 0 415.292) 173 (1 0 448.375) 89 (2 0 454) 529 (1 0 456.157) 373 (0 0 457.507) 153 (1 0 559) 353 (0 0 572.169) 809 (1 0 667.935) 369 (0 0 672.129) 435 (0 0 720) 

- route 16: 416 (0 0 146.953) 196 (1 0 149.208) 396 (0 0 153) 188 (1 0 169.896) 176 (2 0 174.404) 376 (1 0 181) 48 (2 0 209.97) 248 (1 0 216.051) 388 (0 0 220.899) 12 (0 1 281.787) 212 (0 0 292) 46 (1 0 301.909) 486 (0 0 305) 45 (1 0 310) 245 (0 0 317.142) 30 (1 0 324.715) 230 (0 0 327) 38 (0 1 376.613) 189 (1 1 384.896) 27 (2 1 390.566) 227 (1 1 396.862) 238 (1 0 421) 389 (0 0 435.899) 73 (0 1 469) 81 (0 2 484) 273 (0 1 509.506) 281 (0 0 523.541) 109 (0 1 610) 309 (0 0 653.874) 436 (0 0 720) 

- route 17: 417 (0 0 162.713) 166 (1 0 163.392) 366 (0 0 166) 160 (1 0 235.04) 360 (0 0 238) 184 (1 0 324.897) 384 (0 0 329) 728 (1 0 341.503) 288 (0 0 345) 186 (1 0 350.527) 386 (0 0 355) 833 (1 0 424.745) 393 (0 0 427.944) 194 (1 0 464.611) 394 (0 0 468) 195 (1 0 554) 395 (0 0 558.583) 187 (1 0 582) 387 (0 0 588.21) 437 (0 0 720) 

- route 18: 418 (0 0 179.325) 162 (1 0 181.588) 362 (0 0 191.504) 90 (0 1 208.194) 290 (0 0 219) 96 (0 1 253.577) 296 (0 0 279) 24 (1 0 310.525) 224 (0 0 322) 107 (0 1 353) 307 (0 0 359.228) 141 (1 0 449.225) 129 (2 0 455) 341 (1 0 459.492) 329 (0 0 470.123) 103 (1 0 494) 303 (0 0 515.408) 179 (1 0 529) 379 (0 0 543.108) 438 (0 0 720) 

- route 19: 419 (0 0 66.913) 198 (0 1 68.3705) 120 (1 1 82.1532) 560 (0 1 87) 398 (0 0 98.4483) 106 (0 1 120.848) 306 (0 0 126) 136 (0 1 175.969) 658 (1 1 185.651) 140 (2 1 189.262) 218 (1 1 191.08) 340 (0 1 198) 336 (0 0 221.18) 7 (1 0 252) 207 (0 0 262.42) 80 (0 1 303.906) 163 (1 1 328) 363 (0 1 339.13) 280 (0 0 343.447) 170 (1 0 377.972) 610 (0 0 381) 150 (1 0 389.737) 350 (0 0 399) 151 (1 0 476) 351 (0 0 489.395) 191 (1 0 504) 391 (0 0 506.37) 439 (0 0 720) 


Data DARP: datafile1.txt
Transfers: 1
Relative MRT: 1
MRT factor: 1.5
Speed factor PT : 1
PT interval: 10
Iterations: 25000
Iter without impr: 500
Max removal pct: 0.3
Max deterior pct: 0.04
Clustered removal: 0
IDARP adapted: 1
Without operator:  0
Terminals per node: 3
Priority non PT: 0
Priority PT: 0
Priority long: 0
Priority short: 0
Current iteration: 20000
Total distance: 2372.69
Computation time: 1642.88
Average ride time: 17.6912
Pct PT users: 0.16
Users PT: 2 3 18 19 46 47 52 53 56 60 61 76 77 88 89 98 110 111 120 121 135 138 139 142 143 164 168 169 170 171 192 193 

- route 0: 400 (0 0 240.3) 738 (1 0 240.3) 298 (0 0 242) 778 (1 0 281.934) 338 (0 0 285.59) 34 (1 0 312.693) 234 (0 0 316) 696 (1 0 395.92) 256 (0 0 399.262) 29 (1 0 519) 229 (0 0 529.338) 135 (1 0 567.13) 575 (0 0 569) 420 (0 0 720) 

- route 1: 401 (0 0 92.1155) 6 (1 0 99.7197) 206 (0 0 107) 32 (0 1 152.001) 232 (0 0 174) 138 (1 0 253.562) 578 (0 0 255) 124 (1 0 273.277) 71 (2 0 302) 271 (1 0 308.913) 88 (2 0 313.562) 528 (1 0 315) 87 (1 1 317.522) 324 (0 1 322.509) 287 (0 0 326.73) 83 (0 1 342.281) 283 (0 0 348.521) 75 (0 1 352.523) 275 (0 0 363.002) 56 (1 0 372.358) 496 (0 0 375) 810 (1 0 398.057) 370 (0 0 402.219) 171 (1 0 556.838) 611 (0 0 561) 55 (1 0 585) 255 (0 0 589.768) 17 (0 1 615) 43 (1 1 624.397) 243 (0 1 641.502) 217 (0 0 647.14) 421 (0 0 720) 

- route 2: 402 (0 0 101.163) 44 (1 0 102.44) 244 (0 0 107.535) 36 (0 1 112.707) 132 (0 2 138.828) 332 (0 1 144.791) 236 (0 0 150) 122 (0 1 209.659) 322 (0 0 218) 146 (0 1 224.124) 346 (0 0 230) 832 (1 0 280.745) 392 (0 0 283.015) 33 (0 1 294.494) 37 (0 2 302) 233 (0 1 325.992) 237 (0 0 345.21) 28 (1 0 360.775) 228 (0 0 368) 13 (0 1 405) 2 (1 1 413.342) 442 (0 1 414.797) 213 (0 0 418.819) 0 (0 1 426.11) 200 (0 0 438) 35 (1 0 551) 235 (0 0 555.461) 23 (1 0 588) 1 (1 1 594) 223 (0 1 605.62) 201 (0 0 610.335) 422 (0 0 720) 

- route 3: 403 (0 0 130.966) 782 (1 0 130.966) 342 (0 0 134.206) 10 (1 0 136.144) 210 (0 0 141) 18 (1 0 155.384) 458 (0 0 157) 40 (1 0 267.675) 240 (0 0 277) 26 (1 0 291.543) 226 (0 0 297.84) 46 (1 0 301.909) 486 (0 0 305) 45 (1 0 310) 245 (0 0 317.142) 30 (1 0 324.715) 230 (0 0 327) 31 (1 0 466) 231 (0 0 468.391) 687 (1 0 475.103) 247 (0 0 477.849) 77 (1 0 541) 517 (0 0 547) 643 (1 0 619.222) 203 (0 0 620.677) 423 (0 0 720) 

- route 4: 404 (0 0 221.031) 750 (1 0 221.031) 310 (0 0 222.654) 7 (1 0 252) 207 (0 0 262.42) 80 (0 1 327.64) 280 (0 0 355) 170 (1 0 377.972) 610 (0 0 381) 150 (1 0 389.737) 350 (0 0 399) 151 (1 0 476) 351 (0 0 489.395) 191 (1 0 504) 391 (0 0 506.37) 39 (0 1 615.938) 155 (1 1 620) 355 (0 1 629.146) 239 (0 0 663.401) 424 (0 0 720) 

- route 5: 405 (0 0 59.506) 64 (0 1 63.8305) 264 (0 0 87.2832) 74 (0 1 108.521) 274 (0 0 119) 84 (0 1 177.371) 284 (0 0 203) 117 (1 0 316.605) 317 (0 0 334.83) 97 (0 1 340.331) 22 (1 1 352.055) 143 (2 1 355) 583 (1 1 357.159) 222 (0 1 366.536) 297 (0 0 376.965) 92 (0 1 400.783) 292 (0 0 410) 93 (0 1 557) 293 (0 0 569.326) 425 (0 0 720) 

- route 6: 406 (0 0 207.473) 82 (0 1 207.893) 282 (0 0 214.133) 62 (1 0 221.938) 262 (0 0 226.79) 72 (0 1 228.837) 167 (1 1 251.254) 367 (0 1 253.862) 190 (1 1 256.087) 390 (0 1 258) 272 (0 0 269.342) 168 (1 0 340.806) 608 (0 0 345) 152 (1 0 355.452) 61 (2 0 361.669) 352 (1 0 365.939) 501 (0 0 367) 154 (1 0 393.669) 161 (2 0 396.561) 361 (1 0 399.521) 354 (0 0 402.311) 85 (0 1 411) 185 (1 1 423.828) 385 (0 1 427.931) 285 (0 0 447.943) 69 (0 1 557.688) 269 (0 0 568.988) 717 (1 0 576.788) 277 (0 0 578.526) 426 (0 0 720) 

- route 7: 407 (0 0 202.31) 90 (0 1 208.194) 290 (0 0 219) 96 (0 1 253.577) 296 (0 0 279) 24 (1 0 310.525) 224 (0 0 322) 107 (0 1 353) 307 (0 0 359.228) 808 (1 0 379.711) 368 (0 0 382) 126 (1 0 431.336) 134 (2 0 439.639) 334 (1 0 455) 42 (2 0 463.517) 326 (1 0 479.993) 242 (0 0 488.675) 427 (0 0 720) 

- route 8: 408 (0 0 81.0412) 86 (0 1 84.7967) 286 (0 0 91.9351) 60 (1 0 100.566) 500 (0 0 105) 760 (1 0 126.277) 320 (0 0 128.274) 70 (1 0 146.331) 270 (0 0 153) 50 (0 1 261.079) 250 (0 0 283) 20 (0 1 313.372) 220 (0 0 325) 51 (0 1 372) 99 (1 1 379.376) 299 (0 1 395.648) 251 (0 0 403.382) 94 (1 0 422.474) 294 (0 0 428) 95 (1 0 530) 295 (0 0 537.788) 428 (0 0 720) 

- route 9: 409 (0 0 67.8135) 52 (1 0 69.2241) 492 (0 0 71) 66 (1 0 210.983) 266 (0 0 213) 76 (1 0 289.261) 516 (0 0 291) 67 (1 0 311) 267 (0 0 313.525) 686 (1 0 336.758) 246 (0 0 338.592) 693 (1 0 362.989) 253 (0 0 364.765) 63 (1 0 472) 263 (0 0 478.778) 729 (1 0 482.866) 289 (0 0 485.446) 429 (0 0 720) 

- route 10: 410 (0 0 113.023) 112 (1 0 113.122) 312 (0 0 139) 98 (1 0 222.141) 538 (0 0 227) 58 (1 0 238.49) 258 (0 0 259) 804 (1 0 316.394) 364 (0 0 319.29) 133 (0 1 329.37) 333 (0 0 335.333) 751 (1 0 339.665) 311 (0 0 342.206) 783 (1 0 379.465) 343 (0 0 381.421) 114 (0 1 414.053) 123 (0 2 420.553) 323 (0 1 428.893) 314 (0 0 457) 115 (0 1 554) 811 (1 1 577.613) 371 (0 1 580.451) 315 (0 0 600.086) 430 (0 0 720) 

- route 11: 411 (0 0 66.9979) 14 (1 0 83.468) 692 (2 0 102.571) 252 (1 0 104) 214 (0 0 112.775) 65 (0 1 315.372) 113 (1 1 335) 265 (1 0 341.551) 313 (0 0 373.318) 147 (0 1 380.847) 347 (0 0 386.723) 19 (1 0 391.112) 459 (0 0 394.897) 193 (1 0 396.73) 633 (0 0 399) 100 (0 1 440.304) 300 (0 0 447) 779 (1 0 507.934) 339 (0 0 509.371) 101 (0 1 592) 301 (0 0 600.544) 431 (0 0 720) 

- route 12: 412 (0 0 166.564) 136 (0 1 175.969) 658 (1 1 185.651) 140 (2 1 189.262) 218 (1 1 191.08) 340 (0 1 198) 336 (0 0 221.18) 11 (1 0 233) 211 (0 0 239.266) 8 (1 0 241.712) 208 (0 0 244.361) 4 (1 0 251.86) 204 (0 0 276) 5 (1 0 354.875) 15 (2 0 363) 205 (1 0 390.268) 215 (0 0 392.307) 41 (1 0 411) 659 (2 0 422.809) 241 (1 0 424.488) 219 (0 0 430.073) 21 (0 1 435) 221 (0 0 450.942) 49 (1 0 465) 249 (0 0 473.621) 139 (1 0 477.344) 579 (0 0 481) 16 (0 1 487.508) 57 (1 1 494.469) 119 (2 1 510.554) 216 (2 0 513) 159 (3 0 517.678) 257 (2 0 521.374) 359 (1 0 541.721) 319 (0 0 557.691) 149 (0 1 631) 349 (0 0 637.967) 432 (0 0 720) 

- route 13: 413 (0 0 121.836) 116 (1 0 127.867) 104 (1 1 141.42) 316 (0 1 154) 304 (0 0 170) 105 (0 1 236.413) 305 (0 0 256.662) 156 (1 0 267.138) 356 (0 0 281) 158 (1 0 296.76) 91 (1 1 313.792) 358 (0 1 320) 291 (0 0 328.501) 68 (0 1 356.876) 121 (1 1 364.2) 561 (0 1 367) 268 (0 0 372.327) 78 (1 0 405.496) 278 (0 0 416) 79 (1 0 576.249) 127 (2 0 585.622) 279 (1 0 589.566) 327 (0 0 621.193) 169 (1 0 626) 609 (0 0 635) 433 (0 0 720) 

- route 14: 414 (0 0 107.948) 142 (1 0 109.045) 582 (0 0 111) 128 (1 0 194.091) 110 (2 0 197.825) 550 (1 0 201) 328 (0 0 209.214) 118 (1 0 334.076) 108 (1 1 341.76) 59 (2 1 350.321) 259 (1 1 370.83) 318 (0 1 380.646) 308 (0 0 385) 701 (1 0 400.41) 261 (0 0 404.844) 47 (1 0 441.166) 487 (0 0 443) 54 (1 0 455.851) 254 (0 0 459.363) 125 (1 0 461.526) 25 (2 0 492) 325 (1 0 499.748) 225 (0 0 508.712) 775 (1 0 584.335) 335 (0 0 588.798) 3 (1 0 593.711) 443 (0 0 597) 434 (0 0 720) 

- route 15: 415 (0 0 133.726) 182 (1 0 134.464) 700 (2 0 136.836) 382 (1 0 139.241) 260 (0 0 143) 180 (0 1 223.509) 145 (1 1 237.404) 380 (1 0 253.955) 345 (0 0 258.023) 199 (0 1 261) 399 (0 0 291.078) 172 (1 0 311.579) 372 (0 0 318) 53 (1 0 329.571) 493 (0 0 331) 173 (1 0 448.375) 89 (2 0 454) 373 (1 0 456.32) 529 (0 0 459) 435 (0 0 720) 

- route 16: 416 (0 0 122.64) 174 (1 0 126.183) 374 (0 0 132) 196 (1 0 149.208) 396 (0 0 153) 188 (1 0 169.896) 176 (2 0 174.404) 376 (1 0 181) 48 (2 0 209.97) 248 (1 0 216.051) 388 (0 0 220.899) 12 (0 1 281.787) 212 (0 0 292) 111 (1 0 317.377) 551 (0 0 319) 716 (1 0 323.393) 276 (0 0 326) 189 (1 0 379.095) 38 (1 1 385.378) 27 (2 1 390.566) 227 (1 1 396.862) 238 (1 0 421) 389 (0 0 430.098) 73 (0 1 469) 81 (0 2 484) 273 (0 1 509.506) 281 (0 0 523.541) 109 (0 1 610) 309 (0 0 653.874) 436 (0 0 720) 

- route 17: 417 (0 0 162.713) 166 (1 0 163.392) 366 (0 0 166) 160 (1 0 235.04) 360 (0 0 238) 164 (1 0 289.348) 604 (0 0 290.774) 178 (1 0 293.261) 378 (0 0 303) 102 (1 0 337.903) 130 (2 0 345.001) 330 (1 0 347.516) 302 (0 0 356) 9 (1 0 411.579) 209 (0 0 414.228) 137 (0 1 418.505) 642 (1 1 437.132) 202 (0 1 440.307) 148 (0 2 450.368) 348 (0 1 456.012) 337 (0 0 463.716) 181 (0 1 489) 165 (1 1 499.671) 365 (0 1 519.966) 381 (0 0 525.575) 153 (1 0 559) 353 (0 0 572.169) 809 (1 0 667.935) 369 (0 0 672.129) 437 (0 0 720) 

- route 18: 418 (0 0 190.821) 162 (1 0 193.083) 362 (0 0 203) 163 (1 0 328) 728 (2 0 338.816) 288 (1 0 340.343) 363 (0 0 342.375) 186 (1 0 350.527) 386 (0 0 355) 833 (1 0 424.745) 393 (0 0 427.944) 194 (1 0 464.611) 394 (0 0 468) 195 (1 0 554) 395 (0 0 558.583) 187 (1 0 582) 387 (0 0 588.21) 438 (0 0 720) 

- route 19: 419 (0 0 66.913) 198 (0 1 68.3705) 120 (1 1 82.1532) 560 (0 1 87) 398 (0 0 98.4483) 106 (0 1 120.848) 306 (0 0 126) 144 (1 0 148.381) 344 (0 0 166) 192 (1 0 251.8) 632 (0 0 255) 183 (1 0 316.187) 383 (0 0 319.891) 184 (1 0 324.897) 384 (0 0 329) 177 (1 0 367.406) 377 (0 0 374.001) 197 (1 0 376.228) 175 (2 0 378) 397 (1 0 381.415) 375 (0 0 386.225) 157 (1 0 395) 761 (2 0 402.922) 321 (1 0 408.048) 357 (0 0 415.292) 141 (1 0 449.225) 129 (2 0 455) 341 (1 0 459.492) 329 (0 0 470.123) 103 (1 0 494) 131 (2 0 505.795) 331 (1 0 508.31) 303 (0 0 515.408) 179 (1 0 529) 379 (0 0 543.108) 439 (0 0 720) 


Data DARP: datafile1.txt
Transfers: 1
Relative MRT: 1
MRT factor: 1.5
Speed factor PT : 1
PT interval: 10
Iterations: 25000
Iter without impr: 500
Max removal pct: 0.3
Max deterior pct: 0.04
Clustered removal: 0
IDARP adapted: 1
Without operator:  0
Terminals per node: 3
Priority non PT: 0
Priority PT: 0
Priority long: 0
Priority short: 0
Current iteration: 25000
Total distance: 2372.69
Computation time: 2058.83
Average ride time: 17.6912
Pct PT users: 0.16
Users PT: 2 3 18 19 46 47 52 53 56 60 61 76 77 88 89 98 110 111 120 121 135 138 139 142 143 164 168 169 170 171 192 193 

- route 0: 400 (0 0 240.3) 738 (1 0 240.3) 298 (0 0 242) 778 (1 0 281.934) 338 (0 0 285.59) 34 (1 0 312.693) 234 (0 0 316) 696 (1 0 395.92) 256 (0 0 399.262) 29 (1 0 519) 229 (0 0 529.338) 135 (1 0 567.13) 575 (0 0 569) 420 (0 0 720) 

- route 1: 401 (0 0 92.1155) 6 (1 0 99.7197) 206 (0 0 107) 32 (0 1 152.001) 232 (0 0 174) 138 (1 0 253.562) 578 (0 0 255) 124 (1 0 273.277) 71 (2 0 302) 271 (1 0 308.913) 88 (2 0 313.562) 528 (1 0 315) 87 (1 1 317.522) 324 (0 1 322.509) 287 (0 0 326.73) 83 (0 1 342.281) 283 (0 0 348.521) 75 (0 1 352.523) 275 (0 0 363.002) 56 (1 0 372.358) 496 (0 0 375) 810 (1 0 398.057) 370 (0 0 402.219) 171 (1 0 556.838) 611 (0 0 561) 55 (1 0 585) 255 (0 0 589.768) 17 (0 1 615) 43 (1 1 624.397) 243 (0 1 641.502) 217 (0 0 647.14) 421 (0 0 720) 

- route 2: 402 (0 0 101.163) 44 (1 0 102.44) 244 (0 0 107.535) 36 (0 1 112.707) 132 (0 2 138.828) 332 (0 1 144.791) 236 (0 0 150) 122 (0 1 209.659) 322 (0 0 218) 146 (0 1 224.124) 346 (0 0 230) 832 (1 0 280.745) 392 (0 0 283.015) 33 (0 1 294.494) 37 (0 2 302) 233 (0 1 325.992) 237 (0 0 345.21) 28 (1 0 360.775) 228 (0 0 368) 13 (0 1 405) 2 (1 1 413.342) 442 (0 1 414.797) 213 (0 0 418.819) 0 (0 1 426.11) 200 (0 0 438) 35 (1 0 551) 235 (0 0 555.461) 23 (1 0 588) 1 (1 1 594) 223 (0 1 605.62) 201 (0 0 610.335) 422 (0 0 720) 

- route 3: 403 (0 0 130.966) 782 (1 0 130.966) 342 (0 0 134.206) 10 (1 0 136.144) 210 (0 0 141) 18 (1 0 155.384) 458 (0 0 157) 40 (1 0 267.675) 240 (0 0 277) 26 (1 0 291.543) 226 (0 0 297.84) 46 (1 0 301.909) 486 (0 0 305) 45 (1 0 310) 245 (0 0 317.142) 30 (1 0 324.715) 230 (0 0 327) 31 (1 0 466) 231 (0 0 468.391) 687 (1 0 475.103) 247 (0 0 477.849) 77 (1 0 541) 517 (0 0 547) 643 (1 0 619.222) 203 (0 0 620.677) 423 (0 0 720) 

- route 4: 404 (0 0 221.031) 750 (1 0 221.031) 310 (0 0 222.654) 7 (1 0 252) 207 (0 0 262.42) 80 (0 1 327.64) 280 (0 0 355) 170 (1 0 377.972) 610 (0 0 381) 150 (1 0 389.737) 350 (0 0 399) 151 (1 0 476) 351 (0 0 489.395) 191 (1 0 504) 391 (0 0 506.37) 39 (0 1 615.938) 155 (1 1 620) 355 (0 1 629.146) 239 (0 0 663.401) 424 (0 0 720) 

- route 5: 405 (0 0 59.506) 64 (0 1 63.8305) 264 (0 0 87.2832) 74 (0 1 108.521) 274 (0 0 119) 84 (0 1 177.371) 284 (0 0 203) 117 (1 0 316.605) 317 (0 0 334.83) 97 (0 1 340.331) 22 (1 1 352.055) 143 (2 1 355) 583 (1 1 357.159) 222 (0 1 366.536) 297 (0 0 376.965) 92 (0 1 400.783) 292 (0 0 410) 93 (0 1 557) 293 (0 0 569.326) 425 (0 0 720) 

- route 6: 406 (0 0 207.473) 82 (0 1 207.893) 282 (0 0 214.133) 62 (1 0 221.938) 262 (0 0 226.79) 72 (0 1 228.837) 167 (1 1 251.254) 367 (0 1 253.862) 190 (1 1 256.087) 390 (0 1 258) 272 (0 0 269.342) 168 (1 0 340.806) 608 (0 0 345) 152 (1 0 355.452) 61 (2 0 361.669) 352 (1 0 365.939) 501 (0 0 367) 154 (1 0 393.669) 161 (2 0 396.561) 361 (1 0 399.521) 354 (0 0 402.311) 85 (0 1 411) 185 (1 1 423.828) 385 (0 1 427.931) 285 (0 0 447.943) 69 (0 1 557.688) 269 (0 0 568.988) 717 (1 0 576.788) 277 (0 0 578.526) 426 (0 0 720) 

- route 7: 407 (0 0 202.31) 90 (0 1 208.194) 290 (0 0 219) 96 (0 1 253.577) 296 (0 0 279) 24 (1 0 310.525) 224 (0 0 322) 107 (0 1 353) 307 (0 0 359.228) 808 (1 0 379.711) 368 (0 0 382) 126 (1 0 431.336) 134 (2 0 439.639) 334 (1 0 455) 42 (2 0 463.517) 326 (1 0 479.993) 242 (0 0 488.675) 427 (0 0 720) 

- route 8: 408 (0 0 81.0412) 86 (0 1 84.7967) 286 (0 0 91.9351) 60 (1 0 100.566) 500 (0 0 105) 760 (1 0 126.277) 320 (0 0 128.274) 70 (1 0 146.331) 270 (0 0 153) 50 (0 1 261.079) 250 (0 0 283) 20 (0 1 313.372) 220 (0 0 325) 51 (0 1 372) 99 (1 1 379.376) 299 (0 1 395.648) 251 (0 0 403.382) 94 (1 0 422.474) 294 (0 0 428) 95 (1 0 530) 295 (0 0 537.788) 428 (0 0 720) 

- route 9: 409 (0 0 67.8135) 52 (1 0 69.2241) 492 (0 0 71) 66 (1 0 210.983) 266 (0 0 213) 76 (1 0 289.261) 516 (0 0 291) 67 (1 0 311) 267 (0 0 313.525) 686 (1 0 336.758) 246 (0 0 338.592) 693 (1 0 362.989) 253 (0 0 364.765) 63 (1 0 472) 263 (0 0 478.778) 729 (1 0 482.866) 289 (0 0 485.446) 429 (0 0 720) 

- route 10: 410 (0 0 113.023) 112 (1 0 113.122) 312 (0 0 139) 98 (1 0 222.141) 538 (0 0 227) 58 (1 0 238.49) 258 (0 0 259) 804 (1 0 316.394) 364 (0 0 319.29) 133 (0 1 329.37) 333 (0 0 335.333) 751 (1 0 339.665) 311 (0 0 342.206) 783 (1 0 379.465) 343 (0 0 381.421) 114 (0 1 414.053) 123 (0 2 420.553) 323 (0 1 428.893) 314 (0 0 457) 115 (0 1 554) 811 (1 1 577.613) 371 (0 1 580.451) 315 (0 0 600.086) 430 (0 0 720) 

- route 11: 411 (0 0 66.9979) 14 (1 0 83.468) 692 (2 0 102.571) 252 (1 0 104) 214 (0 0 112.775) 65 (0 1 315.372) 113 (1 1 335) 265 (1 0 341.551) 313 (0 0 373.318) 147 (0 1 380.847) 347 (0 0 386.723) 19 (1 0 391.112) 459 (0 0 394.897) 193 (1 0 396.73) 633 (0 0 399) 100 (0 1 440.304) 300 (0 0 447) 779 (1 0 507.934) 339 (0 0 509.371) 101 (0 1 592) 301 (0 0 600.544) 431 (0 0 720) 

- route 12: 412 (0 0 166.564) 136 (0 1 175.969) 658 (1 1 185.651) 140 (2 1 189.262) 218 (1 1 191.08) 340 (0 1 198) 336 (0 0 221.18) 11 (1 0 233) 211 (0 0 239.266) 8 (1 0 241.712) 208 (0 0 244.361) 4 (1 0 251.86) 204 (0 0 276) 5 (1 0 354.875) 15 (2 0 363) 205 (1 0 390.268) 215 (0 0 392.307) 41 (1 0 411) 659 (2 0 422.809) 241 (1 0 424.488) 219 (0 0 430.073) 21 (0 1 435) 221 (0 0 450.942) 49 (1 0 465) 249 (0 0 473.621) 139 (1 0 477.344) 579 (0 0 481) 16 (0 1 487.508) 57 (1 1 494.469) 119 (2 1 510.554) 216 (2 0 513) 159 (3 0 517.678) 257 (2 0 521.374) 359 (1 0 541.721) 319 (0 0 557.691) 149 (0 1 631) 349 (0 0 637.967) 432 (0 0 720) 

- route 13: 413 (0 0 121.836) 116 (1 0 127.867) 104 (1 1 141.42) 316 (0 1 154) 304 (0 0 170) 105 (0 1 236.413) 305 (0 0 256.662) 156 (1 0 267.138) 356 (0 0 281) 158 (1 0 296.76) 91 (1 1 313.792) 358 (0 1 320) 291 (0 0 328.501) 68 (0 1 356.876) 121 (1 1 364.2) 561 (0 1 367) 268 (0 0 372.327) 78 (1 0 405.496) 278 (0 0 416) 79 (1 0 576.249) 127 (2 0 585.622) 279 (1 0 589.566) 327 (0 0 621.193) 169 (1 0 626) 609 (0 0 635) 433 (0 0 720) 

- route 14: 414 (0 0 107.948) 142 (1 0 109.045) 582 (0 0 111) 128 (1 0 194.091) 110 (2 0 197.825) 550 (1 0 201) 328 (0 0 209.214) 118 (1 0 334.076) 108 (1 1 341.76) 59 (2 1 350.321) 259 (1 1 370.83) 318 (0 1 380.646) 308 (0 0 385) 701 (1 0 400.41) 261 (0 0 404.844) 47 (1 0 441.166) 487 (0 0 443) 54 (1 0 455.851) 254 (0 0 459.363) 125 (1 0 461.526) 25 (2 0 492) 325 (1 0 499.748) 225 (0 0 508.712) 775 (1 0 584.335) 335 (0 0 588.798) 3 (1 0 593.711) 443 (0 0 597) 434 (0 0 720) 

- route 15: 415 (0 0 133.726) 182 (1 0 134.464) 700 (2 0 136.836) 382 (1 0 139.241) 260 (0 0 143) 180 (0 1 223.509) 145 (1 1 237.404) 380 (1 0 253.955) 345 (0 0 258.023) 199 (0 1 261) 399 (0 0 291.078) 172 (1 0 311.579) 372 (0 0 318) 53 (1 0 329.571) 493 (0 0 331) 173 (1 0 448.375) 89 (2 0 454) 373 (1 0 456.32) 529 (0 0 459) 435 (0 0 720) 

- route 16: 416 (0 0 122.64) 174 (1 0 126.183) 374 (0 0 132) 196 (1 0 149.208) 396 (0 0 153) 188 (1 0 169.896) 176 (2 0 174.404) 376 (1 0 181) 48 (2 0 209.97) 248 (1 0 216.051) 388 (0 0 220.899) 12 (0 1 281.787) 212 (0 0 292) 111 (1 0 317.377) 551 (0 0 319) 716 (1 0 323.393) 276 (0 0 326) 189 (1 0 379.095) 38 (1 1 385.378) 27 (2 1 390.566) 227 (1 1 396.862) 238 (1 0 421) 389 (0 0 430.098) 73 (0 1 469) 81 (0 2 484) 273 (0 1 509.506) 281 (0 0 523.541) 109 (0 1 610) 309 (0 0 653.874) 436 (0 0 720) 

- route 17: 417 (0 0 162.713) 166 (1 0 163.392) 366 (0 0 166) 160 (1 0 235.04) 360 (0 0 238) 164 (1 0 289.348) 604 (0 0 290.774) 178 (1 0 293.261) 378 (0 0 303) 102 (1 0 337.903) 130 (2 0 345.001) 330 (1 0 347.516) 302 (0 0 356) 9 (1 0 411.579) 209 (0 0 414.228) 137 (0 1 418.505) 642 (1 1 437.132) 202 (0 1 440.307) 148 (0 2 450.368) 348 (0 1 456.012) 337 (0 0 463.716) 181 (0 1 489) 165 (1 1 499.671) 365 (0 1 519.966) 381 (0 0 525.575) 153 (1 0 559) 353 (0 0 572.169) 809 (1 0 667.935) 369 (0 0 672.129) 437 (0 0 720) 

- route 18: 418 (0 0 190.821) 162 (1 0 193.083) 362 (0 0 203) 163 (1 0 328) 728 (2 0 338.816) 288 (1 0 340.343) 363 (0 0 342.375) 186 (1 0 350.527) 386 (0 0 355) 833 (1 0 424.745) 393 (0 0 427.944) 194 (1 0 464.611) 394 (0 0 468) 195 (1 0 554) 395 (0 0 558.583) 187 (1 0 582) 387 (0 0 588.21) 438 (0 0 720) 

- route 19: 419 (0 0 66.913) 198 (0 1 68.3705) 120 (1 1 82.1532) 560 (0 1 87) 398 (0 0 98.4483) 106 (0 1 120.848) 306 (0 0 126) 144 (1 0 148.381) 344 (0 0 166) 192 (1 0 251.8) 632 (0 0 255) 183 (1 0 316.187) 383 (0 0 319.891) 184 (1 0 324.897) 384 (0 0 329) 177 (1 0 367.406) 377 (0 0 374.001) 197 (1 0 376.228) 175 (2 0 378) 397 (1 0 381.415) 375 (0 0 386.225) 157 (1 0 395) 761 (2 0 402.922) 321 (1 0 408.048) 357 (0 0 415.292) 141 (1 0 449.225) 129 (2 0 455) 341 (1 0 459.492) 329 (0 0 470.123) 103 (1 0 494) 131 (2 0 505.795) 331 (1 0 508.31) 303 (0 0 515.408) 179 (1 0 529) 379 (0 0 543.108) 439 (0 0 720) 


