20 20 80 
0 9.486 -11.076 221 238 1 0 1 64 
1 -13.89 -10.275 221 238 1 0 1 192 
2 -14.804 16.245 205 232 1 0 1 122 
3 -9.535 -13.32 202 231 1 0 1 184 
4 5.943 -7.742 216 231 0 1 3 23 
5 6.66 8.487 227 242 0 1 3 11 
6 7.838 -12.743 228 243 1 0 1 3 
7 14.828 -10.714 236 251 1 0 1 27 
8 6.553 -12.365 249 266 1 0 1 72 
9 -16.664 -6.56 245 266 0 1 3 182 
10 -4.231 6.52 251 270 1 0 1 138 
11 -10.043 -10.358 245 260 1 0 1 117 
12 9.435 1.329 242 257 1 0 1 161 
13 13.067 12.792 255 270 1 0 1 39 
14 -9.845 -13.443 241 256 1 0 1 29 
15 9.536 9.905 261 278 1 0 1 6 
16 9.574 7.652 261 279 1 0 1 4 
17 14.001 4.147 257 277 1 0 1 46 
18 10.212 -2.947 263 278 0 1 3 89 
19 -7.211 10.237 267 285 1 0 1 126 
20 9.745 -11.866 223 238 -1 0 1 264 
21 -12.06 -9.855 224 239 -1 0 1 392 
22 6.983 13.063 239 254 -1 0 1 322 
23 15.699 -4.738 242 257 -1 0 1 384 
24 10.391 9.073 233 258 0 -1 3 223 
25 6.796 11.358 229 247 0 -1 3 211 
26 8.346 6.472 247 272 -1 0 1 203 
27 8.435 8.683 256 282 -1 0 1 227 
28 3.364 -12.123 254 269 -1 0 1 272 
29 -8.182 -13.914 262 277 0 -1 3 382 
30 -6.893 10.4 259 274 -1 0 1 338 
31 -4.927 6.703 262 287 -1 0 1 317 
32 -8.158 -13.919 265 292 -1 0 1 361 
33 4.421 13.315 263 283 -1 0 1 239 
34 12.443 12.947 275 308 -1 0 1 229 
35 8.883 8.604 264 279 -1 0 1 206 
36 11.851 10.287 267 282 -1 0 1 204 
37 11.524 12.435 270 285 -1 0 1 246 
38 11.086 -14.79 274 296 0 -1 3 289 
39 -10.684 8.307 273 288 -1 0 1 326 
40 10 10 0 720 3 3 0 400 
41 10 10 0 720 3 3 0 401 
42 10 10 0 720 3 3 0 402 
43 10 10 0 720 3 3 0 403 
44 10 10 0 720 3 3 0 404 
45 10 -10 0 720 3 3 0 405 
46 10 -10 0 720 3 3 0 406 
47 10 -10 0 720 3 3 0 407 
48 10 -10 0 720 3 3 0 408 
49 10 -10 0 720 3 3 0 409 
50 -10 10 0 720 3 3 0 410 
51 -10 10 0 720 3 3 0 411 
52 -10 10 0 720 3 3 0 412 
53 -10 10 0 720 3 3 0 413 
54 -10 10 0 720 3 3 0 414 
55 -10 -10 0 720 3 3 0 415 
56 -10 -10 0 720 3 3 0 416 
57 -10 -10 0 720 3 3 0 417 
58 -10 -10 0 720 3 3 0 418 
59 -10 -10 0 720 3 3 0 419 
60 -20 10 0 720 0 0 1 420 
61 -18 10 0 720 0 0 1 421 
62 -16 10 0 720 0 0 1 422 
63 -14 10 0 720 0 0 1 423 
64 -12 10 0 720 0 0 1 424 
65 -10 10 0 720 0 0 1 425 
66 -8 10 0 720 0 0 1 426 
67 -6 10 0 720 0 0 1 427 
68 -4 10 0 720 0 0 1 428 
69 -2 10 0 720 0 0 1 429 
70 0 10 0 720 0 0 1 430 
71 2 10 0 720 0 0 1 431 
72 4 10 0 720 0 0 1 432 
73 6 10 0 720 0 0 1 433 
74 8 10 0 720 0 0 1 434 
75 10 10 0 720 0 0 1 435 
76 12 10 0 720 0 0 1 436 
77 14 10 0 720 0 0 1 437 
78 16 10 0 720 0 0 1 438 
79 18 10 0 720 0 0 1 439 
80 20 10 0 720 0 0 1 440 
81 -20 -10 0 720 0 0 1 441 
82 -18 -10 0 720 0 0 1 442 
83 -16 -10 0 720 0 0 1 443 
84 -14 -10 0 720 0 0 1 444 
85 -12 -10 0 720 0 0 1 445 
86 -10 -10 0 720 0 0 1 446 
87 -8 -10 0 720 0 0 1 447 
88 -6 -10 0 720 0 0 1 448 
89 -4 -10 0 720 0 0 1 449 
90 -2 -10 0 720 0 0 1 450 
91 0 -10 0 720 0 0 1 451 
92 2 -10 0 720 0 0 1 452 
93 4 -10 0 720 0 0 1 453 
94 6 -10 0 720 0 0 1 454 
95 8 -10 0 720 0 0 1 455 
96 10 -10 0 720 0 0 1 456 
97 12 -10 0 720 0 0 1 457 
98 14 -10 0 720 0 0 1 458 
99 16 -10 0 720 0 0 1 459 
100 18 -10 0 720 0 0 1 460 
101 20 -10 0 720 0 0 1 461 
102 -10 20 0 720 0 0 1 462 
103 -10 18 0 720 0 0 1 463 
104 -10 16 0 720 0 0 1 464 
105 -10 14 0 720 0 0 1 465 
106 -10 12 0 720 0 0 1 466 
107 -10 8 0 720 0 0 1 467 
108 -10 6 0 720 0 0 1 468 
109 -10 4 0 720 0 0 1 469 
110 -10 2 0 720 0 0 1 470 
111 -10 0 0 720 0 0 1 471 
112 -10 -2 0 720 0 0 1 472 
113 -10 -4 0 720 0 0 1 473 
114 -10 -6 0 720 0 0 1 474 
115 -10 -8 0 720 0 0 1 475 
116 -10 -12 0 720 0 0 1 476 
117 -10 -14 0 720 0 0 1 477 
118 -10 -16 0 720 0 0 1 478 
119 -10 -18 0 720 0 0 1 479 
120 -10 -20 0 720 0 0 1 480 
121 10 20 0 720 0 0 1 481 
122 10 18 0 720 0 0 1 482 
123 10 16 0 720 0 0 1 483 
124 10 14 0 720 0 0 1 484 
125 10 12 0 720 0 0 1 485 
126 10 8 0 720 0 0 1 486 
127 10 6 0 720 0 0 1 487 
128 10 4 0 720 0 0 1 488 
129 10 2 0 720 0 0 1 489 
130 10 0 0 720 0 0 1 490 
131 10 -2 0 720 0 0 1 491 
132 10 -4 0 720 0 0 1 492 
133 10 -6 0 720 0 0 1 493 
134 10 -8 0 720 0 0 1 494 
135 10 -12 0 720 0 0 1 495 
136 10 -14 0 720 0 0 1 496 
137 10 -16 0 720 0 0 1 497 
138 10 -18 0 720 0 0 1 498 
139 10 -20 0 720 0 0 1 499 
