20 20 80 
0 -13.048 9.445 353 382 0 1 3 108 
1 8.059 8.681 377 392 1 0 1 17 
2 6.456 -14.107 372 392 0 1 3 50 
3 -7.723 13.524 379 394 1 0 1 129 
4 -11.744 -6.688 379 396 1 0 1 158 
5 6.965 10.731 378 393 0 1 3 121 
6 -9.772 7.442 376 391 0 1 3 63 
7 -11.384 -11.628 384 399 1 0 1 55 
8 9.745 -11.866 395 410 1 0 1 65 
9 -15.018 14.461 375 403 1 0 1 142 
10 15.679 -14.608 400 415 1 0 1 71 
11 9.785 10.401 399 416 1 0 1 8 
12 9.544 -10.904 390 416 1 0 1 74 
13 3.364 -12.123 408 423 1 0 1 73 
14 13.276 8.355 393 408 1 0 1 195 
15 5.027 6.257 399 414 1 0 1 99 
16 9.37 10.979 414 429 0 1 3 25 
17 -6.893 10.4 414 429 1 0 1 139 
18 10.576 -14.74 420 437 1 0 1 52 
19 10.175 -11.048 426 442 1 0 1 76 
20 14.158 8.737 394 409 0 -1 3 308 
21 12.014 7.809 381 399 -1 0 1 217 
22 6.987 -5.007 386 401 0 -1 3 250 
23 -7.589 11.439 381 398 -1 0 1 329 
24 -10.286 -8.592 383 398 -1 0 1 358 
25 -11.146 9.829 396 421 0 -1 3 321 
26 10.591 -10.317 403 432 0 -1 3 263 
27 7.1 -12.547 402 427 -1 0 1 255 
28 9.486 -11.076 395 412 -1 0 1 265 
29 -9.622 -8.461 411 426 -1 0 1 342 
30 15.227 -13.845 400 417 -1 0 1 271 
31 12.112 9.13 403 418 -1 0 1 208 
32 -10.426 -10.11 420 435 -1 0 1 274 
33 6.553 -12.365 411 428 -1 0 1 273 
34 -12.85 -4.675 422 452 -1 0 1 395 
35 9.84 -13.676 419 445 -1 0 1 299 
36 10.671 10.178 415 432 0 -1 3 225 
37 -4.231 6.52 418 437 -1 0 1 339 
38 9.239 -13.723 423 438 -1 0 1 252 
39 10.395 -11.042 427 442 -1 0 1 276 
40 10 10 0 720 3 3 0 400 
41 10 10 0 720 3 3 0 401 
42 10 10 0 720 3 3 0 402 
43 10 10 0 720 3 3 0 403 
44 10 10 0 720 3 3 0 404 
45 10 -10 0 720 3 3 0 405 
46 10 -10 0 720 3 3 0 406 
47 10 -10 0 720 3 3 0 407 
48 10 -10 0 720 3 3 0 408 
49 10 -10 0 720 3 3 0 409 
50 -10 10 0 720 3 3 0 410 
51 -10 10 0 720 3 3 0 411 
52 -10 10 0 720 3 3 0 412 
53 -10 10 0 720 3 3 0 413 
54 -10 10 0 720 3 3 0 414 
55 -10 -10 0 720 3 3 0 415 
56 -10 -10 0 720 3 3 0 416 
57 -10 -10 0 720 3 3 0 417 
58 -10 -10 0 720 3 3 0 418 
59 -10 -10 0 720 3 3 0 419 
60 -20 10 0 720 0 0 1 420 
61 -18 10 0 720 0 0 1 421 
62 -16 10 0 720 0 0 1 422 
63 -14 10 0 720 0 0 1 423 
64 -12 10 0 720 0 0 1 424 
65 -10 10 0 720 0 0 1 425 
66 -8 10 0 720 0 0 1 426 
67 -6 10 0 720 0 0 1 427 
68 -4 10 0 720 0 0 1 428 
69 -2 10 0 720 0 0 1 429 
70 0 10 0 720 0 0 1 430 
71 2 10 0 720 0 0 1 431 
72 4 10 0 720 0 0 1 432 
73 6 10 0 720 0 0 1 433 
74 8 10 0 720 0 0 1 434 
75 10 10 0 720 0 0 1 435 
76 12 10 0 720 0 0 1 436 
77 14 10 0 720 0 0 1 437 
78 16 10 0 720 0 0 1 438 
79 18 10 0 720 0 0 1 439 
80 20 10 0 720 0 0 1 440 
81 -20 -10 0 720 0 0 1 441 
82 -18 -10 0 720 0 0 1 442 
83 -16 -10 0 720 0 0 1 443 
84 -14 -10 0 720 0 0 1 444 
85 -12 -10 0 720 0 0 1 445 
86 -10 -10 0 720 0 0 1 446 
87 -8 -10 0 720 0 0 1 447 
88 -6 -10 0 720 0 0 1 448 
89 -4 -10 0 720 0 0 1 449 
90 -2 -10 0 720 0 0 1 450 
91 0 -10 0 720 0 0 1 451 
92 2 -10 0 720 0 0 1 452 
93 4 -10 0 720 0 0 1 453 
94 6 -10 0 720 0 0 1 454 
95 8 -10 0 720 0 0 1 455 
96 10 -10 0 720 0 0 1 456 
97 12 -10 0 720 0 0 1 457 
98 14 -10 0 720 0 0 1 458 
99 16 -10 0 720 0 0 1 459 
100 18 -10 0 720 0 0 1 460 
101 20 -10 0 720 0 0 1 461 
102 -10 20 0 720 0 0 1 462 
103 -10 18 0 720 0 0 1 463 
104 -10 16 0 720 0 0 1 464 
105 -10 14 0 720 0 0 1 465 
106 -10 12 0 720 0 0 1 466 
107 -10 8 0 720 0 0 1 467 
108 -10 6 0 720 0 0 1 468 
109 -10 4 0 720 0 0 1 469 
110 -10 2 0 720 0 0 1 470 
111 -10 0 0 720 0 0 1 471 
112 -10 -2 0 720 0 0 1 472 
113 -10 -4 0 720 0 0 1 473 
114 -10 -6 0 720 0 0 1 474 
115 -10 -8 0 720 0 0 1 475 
116 -10 -12 0 720 0 0 1 476 
117 -10 -14 0 720 0 0 1 477 
118 -10 -16 0 720 0 0 1 478 
119 -10 -18 0 720 0 0 1 479 
120 -10 -20 0 720 0 0 1 480 
121 10 20 0 720 0 0 1 481 
122 10 18 0 720 0 0 1 482 
123 10 16 0 720 0 0 1 483 
124 10 14 0 720 0 0 1 484 
125 10 12 0 720 0 0 1 485 
126 10 8 0 720 0 0 1 486 
127 10 6 0 720 0 0 1 487 
128 10 4 0 720 0 0 1 488 
129 10 2 0 720 0 0 1 489 
130 10 0 0 720 0 0 1 490 
131 10 -2 0 720 0 0 1 491 
132 10 -4 0 720 0 0 1 492 
133 10 -6 0 720 0 0 1 493 
134 10 -8 0 720 0 0 1 494 
135 10 -12 0 720 0 0 1 495 
136 10 -14 0 720 0 0 1 496 
137 10 -16 0 720 0 0 1 497 
138 10 -18 0 720 0 0 1 498 
139 10 -20 0 720 0 0 1 499 
