20 20 80 
0 -8.734 10.849 482 499 0 1 3 100 
1 -9.407 -9.901 483 498 1 0 1 171 
2 8.883 8.604 485 500 1 0 1 7 
3 11.802 -15.851 475 490 1 0 1 181 
4 10.395 -11.042 509 524 1 0 1 77 
5 -10.096 7.798 502 517 1 0 1 153 
6 -12.603 10.787 513 528 1 0 1 137 
7 -8.287 -5.595 505 520 1 0 1 103 
8 6.987 -5.007 526 541 0 1 3 51 
9 7.215 5.101 532 547 1 0 1 19 
10 14.158 8.737 524 539 0 1 3 109 
11 -11.296 6.603 532 547 1 0 1 43 
12 9.239 -13.723 546 561 1 0 1 53 
13 15.747 9.832 542 557 1 0 1 21 
14 11.1 5.943 554 569 1 0 1 49 
15 8.813 -12.932 554 569 1 0 1 85 
16 -10.942 10.736 553 568 1 0 1 125 
17 9.484 7.767 556 571 1 0 1 35 
18 12.882 13.797 535 550 0 1 3 197 
19 8.411 10.151 546 561 1 0 1 157 
20 -9.652 12.734 486 501 0 -1 3 300 
21 -10.862 -6.415 486 504 -1 0 1 371 
22 9.536 9.905 486 503 -1 0 1 207 
23 -10.344 -11.177 497 524 -1 0 1 381 
24 10.175 -11.048 509 525 -1 0 1 277 
25 -4.639 -11.635 522 548 -1 0 1 353 
26 -5.566 9.008 520 539 -1 0 1 337 
27 -3.164 14.036 525 551 -1 0 1 303 
28 6.456 -14.107 535 555 0 -1 3 251 
29 9.294 11.233 538 557 -1 0 1 219 
30 -13.048 9.445 551 580 0 -1 3 309 
31 10.711 14.715 555 583 -1 0 1 243 
32 10.576 -14.74 547 564 -1 0 1 253 
33 4.722 7.949 553 574 -1 0 1 221 
34 13.283 8.893 557 575 -1 0 1 249 
35 12.082 -9.931 558 576 -1 0 1 285 
36 -18.294 13.246 560 580 -1 0 1 325 
37 10.693 10.214 558 576 -1 0 1 235 
38 -12.539 -19.173 576 613 0 -1 3 397 
39 -7.721 -11.309 572 602 -1 0 1 357 
40 10 10 0 720 3 3 0 400 
41 10 10 0 720 3 3 0 401 
42 10 10 0 720 3 3 0 402 
43 10 10 0 720 3 3 0 403 
44 10 10 0 720 3 3 0 404 
45 10 -10 0 720 3 3 0 405 
46 10 -10 0 720 3 3 0 406 
47 10 -10 0 720 3 3 0 407 
48 10 -10 0 720 3 3 0 408 
49 10 -10 0 720 3 3 0 409 
50 -10 10 0 720 3 3 0 410 
51 -10 10 0 720 3 3 0 411 
52 -10 10 0 720 3 3 0 412 
53 -10 10 0 720 3 3 0 413 
54 -10 10 0 720 3 3 0 414 
55 -10 -10 0 720 3 3 0 415 
56 -10 -10 0 720 3 3 0 416 
57 -10 -10 0 720 3 3 0 417 
58 -10 -10 0 720 3 3 0 418 
59 -10 -10 0 720 3 3 0 419 
60 -20 10 0 720 0 0 1 420 
61 -18 10 0 720 0 0 1 421 
62 -16 10 0 720 0 0 1 422 
63 -14 10 0 720 0 0 1 423 
64 -12 10 0 720 0 0 1 424 
65 -10 10 0 720 0 0 1 425 
66 -8 10 0 720 0 0 1 426 
67 -6 10 0 720 0 0 1 427 
68 -4 10 0 720 0 0 1 428 
69 -2 10 0 720 0 0 1 429 
70 0 10 0 720 0 0 1 430 
71 2 10 0 720 0 0 1 431 
72 4 10 0 720 0 0 1 432 
73 6 10 0 720 0 0 1 433 
74 8 10 0 720 0 0 1 434 
75 10 10 0 720 0 0 1 435 
76 12 10 0 720 0 0 1 436 
77 14 10 0 720 0 0 1 437 
78 16 10 0 720 0 0 1 438 
79 18 10 0 720 0 0 1 439 
80 20 10 0 720 0 0 1 440 
81 -20 -10 0 720 0 0 1 441 
82 -18 -10 0 720 0 0 1 442 
83 -16 -10 0 720 0 0 1 443 
84 -14 -10 0 720 0 0 1 444 
85 -12 -10 0 720 0 0 1 445 
86 -10 -10 0 720 0 0 1 446 
87 -8 -10 0 720 0 0 1 447 
88 -6 -10 0 720 0 0 1 448 
89 -4 -10 0 720 0 0 1 449 
90 -2 -10 0 720 0 0 1 450 
91 0 -10 0 720 0 0 1 451 
92 2 -10 0 720 0 0 1 452 
93 4 -10 0 720 0 0 1 453 
94 6 -10 0 720 0 0 1 454 
95 8 -10 0 720 0 0 1 455 
96 10 -10 0 720 0 0 1 456 
97 12 -10 0 720 0 0 1 457 
98 14 -10 0 720 0 0 1 458 
99 16 -10 0 720 0 0 1 459 
100 18 -10 0 720 0 0 1 460 
101 20 -10 0 720 0 0 1 461 
102 -10 20 0 720 0 0 1 462 
103 -10 18 0 720 0 0 1 463 
104 -10 16 0 720 0 0 1 464 
105 -10 14 0 720 0 0 1 465 
106 -10 12 0 720 0 0 1 466 
107 -10 8 0 720 0 0 1 467 
108 -10 6 0 720 0 0 1 468 
109 -10 4 0 720 0 0 1 469 
110 -10 2 0 720 0 0 1 470 
111 -10 0 0 720 0 0 1 471 
112 -10 -2 0 720 0 0 1 472 
113 -10 -4 0 720 0 0 1 473 
114 -10 -6 0 720 0 0 1 474 
115 -10 -8 0 720 0 0 1 475 
116 -10 -12 0 720 0 0 1 476 
117 -10 -14 0 720 0 0 1 477 
118 -10 -16 0 720 0 0 1 478 
119 -10 -18 0 720 0 0 1 479 
120 -10 -20 0 720 0 0 1 480 
121 10 20 0 720 0 0 1 481 
122 10 18 0 720 0 0 1 482 
123 10 16 0 720 0 0 1 483 
124 10 14 0 720 0 0 1 484 
125 10 12 0 720 0 0 1 485 
126 10 8 0 720 0 0 1 486 
127 10 6 0 720 0 0 1 487 
128 10 4 0 720 0 0 1 488 
129 10 2 0 720 0 0 1 489 
130 10 0 0 720 0 0 1 490 
131 10 -2 0 720 0 0 1 491 
132 10 -4 0 720 0 0 1 492 
133 10 -6 0 720 0 0 1 493 
134 10 -8 0 720 0 0 1 494 
135 10 -12 0 720 0 0 1 495 
136 10 -14 0 720 0 0 1 496 
137 10 -16 0 720 0 0 1 497 
138 10 -18 0 720 0 0 1 498 
139 10 -20 0 720 0 0 1 499 
