20 20 80 
0 -4.187 13.458 40 68 1 0 1 146 
1 12.443 12.947 32 65 1 0 1 28 
2 -10.938 12.109 47 78 0 1 3 148 
3 15.666 -15.424 46 79 1 0 1 78 
4 8.346 6.472 66 91 1 0 1 2 
5 11.086 -14.79 78 100 0 1 3 88 
6 11.375 -10.713 64 94 1 0 1 90 
7 6.796 11.358 97 115 0 1 3 10 
8 -11.521 -10.176 105 122 1 0 1 172 
9 4.996 -12.589 104 123 1 0 1 96 
10 8.435 8.683 94 120 1 0 1 26 
11 10.391 9.073 103 128 0 1 3 22 
12 11.081 -12.668 120 138 0 1 3 86 
13 4.421 13.315 118 138 1 0 1 38 
14 -15.732 9.873 106 134 0 1 3 112 
15 -6.608 10.004 117 139 1 0 1 110 
16 12.014 7.809 124 142 1 0 1 16 
17 9.564 -10.483 125 146 1 0 1 66 
18 -8.972 -10.889 132 150 1 0 1 166 
19 9.84 -13.676 122 148 1 0 1 98 
20 4.904 -8.865 77 92 -1 0 1 346 
21 -9.845 -13.443 84 99 -1 0 1 228 
22 8.73 -10.345 92 107 0 -1 3 348 
23 -10.144 8.385 99 114 -1 0 1 278 
24 7.838 -12.743 95 110 -1 0 1 202 
25 10.212 -2.947 96 111 0 -1 3 288 
26 -10.919 6.409 107 122 -1 0 1 290 
27 6.66 8.487 102 117 0 -1 3 210 
28 -11.662 -12.22 109 124 -1 0 1 372 
29 7.551 -7.605 113 128 -1 0 1 296 
30 14.828 -10.714 125 140 -1 0 1 226 
31 5.943 -7.742 130 145 0 -1 3 222 
32 6.78 -11.392 127 142 0 -1 3 286 
33 13.067 12.792 131 146 -1 0 1 238 
34 7.172 10.889 141 156 0 -1 3 312 
35 5.095 13.772 136 151 -1 0 1 310 
36 8.059 8.681 131 146 -1 0 1 216 
37 6.098 -1.692 140 155 -1 0 1 266 
38 -4.529 -9.483 139 154 -1 0 1 366 
39 5.027 6.257 153 168 -1 0 1 298 
40 10 10 0 720 3 3 0 400 
41 10 10 0 720 3 3 0 401 
42 10 10 0 720 3 3 0 402 
43 10 10 0 720 3 3 0 403 
44 10 10 0 720 3 3 0 404 
45 10 -10 0 720 3 3 0 405 
46 10 -10 0 720 3 3 0 406 
47 10 -10 0 720 3 3 0 407 
48 10 -10 0 720 3 3 0 408 
49 10 -10 0 720 3 3 0 409 
50 -10 10 0 720 3 3 0 410 
51 -10 10 0 720 3 3 0 411 
52 -10 10 0 720 3 3 0 412 
53 -10 10 0 720 3 3 0 413 
54 -10 10 0 720 3 3 0 414 
55 -10 -10 0 720 3 3 0 415 
56 -10 -10 0 720 3 3 0 416 
57 -10 -10 0 720 3 3 0 417 
58 -10 -10 0 720 3 3 0 418 
59 -10 -10 0 720 3 3 0 419 
60 -20 10 0 720 0 0 1 420 
61 -18 10 0 720 0 0 1 421 
62 -16 10 0 720 0 0 1 422 
63 -14 10 0 720 0 0 1 423 
64 -12 10 0 720 0 0 1 424 
65 -10 10 0 720 0 0 1 425 
66 -8 10 0 720 0 0 1 426 
67 -6 10 0 720 0 0 1 427 
68 -4 10 0 720 0 0 1 428 
69 -2 10 0 720 0 0 1 429 
70 0 10 0 720 0 0 1 430 
71 2 10 0 720 0 0 1 431 
72 4 10 0 720 0 0 1 432 
73 6 10 0 720 0 0 1 433 
74 8 10 0 720 0 0 1 434 
75 10 10 0 720 0 0 1 435 
76 12 10 0 720 0 0 1 436 
77 14 10 0 720 0 0 1 437 
78 16 10 0 720 0 0 1 438 
79 18 10 0 720 0 0 1 439 
80 20 10 0 720 0 0 1 440 
81 -20 -10 0 720 0 0 1 441 
82 -18 -10 0 720 0 0 1 442 
83 -16 -10 0 720 0 0 1 443 
84 -14 -10 0 720 0 0 1 444 
85 -12 -10 0 720 0 0 1 445 
86 -10 -10 0 720 0 0 1 446 
87 -8 -10 0 720 0 0 1 447 
88 -6 -10 0 720 0 0 1 448 
89 -4 -10 0 720 0 0 1 449 
90 -2 -10 0 720 0 0 1 450 
91 0 -10 0 720 0 0 1 451 
92 2 -10 0 720 0 0 1 452 
93 4 -10 0 720 0 0 1 453 
94 6 -10 0 720 0 0 1 454 
95 8 -10 0 720 0 0 1 455 
96 10 -10 0 720 0 0 1 456 
97 12 -10 0 720 0 0 1 457 
98 14 -10 0 720 0 0 1 458 
99 16 -10 0 720 0 0 1 459 
100 18 -10 0 720 0 0 1 460 
101 20 -10 0 720 0 0 1 461 
102 -10 20 0 720 0 0 1 462 
103 -10 18 0 720 0 0 1 463 
104 -10 16 0 720 0 0 1 464 
105 -10 14 0 720 0 0 1 465 
106 -10 12 0 720 0 0 1 466 
107 -10 8 0 720 0 0 1 467 
108 -10 6 0 720 0 0 1 468 
109 -10 4 0 720 0 0 1 469 
110 -10 2 0 720 0 0 1 470 
111 -10 0 0 720 0 0 1 471 
112 -10 -2 0 720 0 0 1 472 
113 -10 -4 0 720 0 0 1 473 
114 -10 -6 0 720 0 0 1 474 
115 -10 -8 0 720 0 0 1 475 
116 -10 -12 0 720 0 0 1 476 
117 -10 -14 0 720 0 0 1 477 
118 -10 -16 0 720 0 0 1 478 
119 -10 -18 0 720 0 0 1 479 
120 -10 -20 0 720 0 0 1 480 
121 10 20 0 720 0 0 1 481 
122 10 18 0 720 0 0 1 482 
123 10 16 0 720 0 0 1 483 
124 10 14 0 720 0 0 1 484 
125 10 12 0 720 0 0 1 485 
126 10 8 0 720 0 0 1 486 
127 10 6 0 720 0 0 1 487 
128 10 4 0 720 0 0 1 488 
129 10 2 0 720 0 0 1 489 
130 10 0 0 720 0 0 1 490 
131 10 -2 0 720 0 0 1 491 
132 10 -4 0 720 0 0 1 492 
133 10 -6 0 720 0 0 1 493 
134 10 -8 0 720 0 0 1 494 
135 10 -12 0 720 0 0 1 495 
136 10 -14 0 720 0 0 1 496 
137 10 -16 0 720 0 0 1 497 
138 10 -18 0 720 0 0 1 498 
139 10 -20 0 720 0 0 1 499 
