20 20 80 
0 7.02 10.861 409 424 1 0 1 151 
1 9.294 11.233 422 441 1 0 1 18 
2 16.757 13.404 413 428 1 0 1 169 
3 -8.017 11.119 437 452 1 0 1 133 
4 -11.506 11.881 435 455 1 0 1 134 
5 -10.404 -10.647 444 459 1 0 1 187 
6 -18.294 13.246 439 459 1 0 1 124 
7 -7.721 -11.309 424 454 1 0 1 156 
8 8.058 10.22 434 449 1 0 1 177 
9 6.983 13.063 437 452 1 0 1 123 
10 -9.292 -11.578 449 464 0 1 3 191 
11 15.699 -4.738 437 452 1 0 1 185 
12 -6.032 -10.706 448 467 0 1 3 154 
13 10.158 -7.926 443 466 0 1 3 80 
14 8.092 13.624 453 468 1 0 1 1 
15 -11.603 6.577 438 453 1 0 1 59 
16 -9.898 5.27 440 466 1 0 1 118 
17 8.864 12.693 452 472 1 0 1 14 
18 6.846 -9.296 437 467 1 0 1 68 
19 -10.339 7.189 458 477 1 0 1 106 
20 -8.709 -12.945 437 467 -1 0 1 351 
21 7.215 5.101 432 447 -1 0 1 218 
22 -11.872 -13.479 452 487 -1 0 1 369 
23 -11.835 7.482 442 460 -1 0 1 333 
24 -18.573 16.379 448 463 -1 0 1 334 
25 -8.107 -9.655 446 463 -1 0 1 387 
26 -10.942 10.736 451 466 -1 0 1 324 
27 8.411 10.151 465 480 -1 0 1 356 
28 -8.851 -7.507 458 486 -1 0 1 377 
29 -14.804 16.245 459 486 -1 0 1 323 
30 -5.315 -16.675 455 474 0 -1 3 391 
31 -9.535 -13.32 463 492 -1 0 1 385 
32 -11.901 -10.907 457 472 0 -1 3 354 
33 13.171 5.984 465 480 0 -1 3 280 
34 10.141 7.192 459 479 -1 0 1 201 
35 13.465 -12.811 469 501 -1 0 1 259 
36 8.428 12.983 470 485 -1 0 1 318 
37 15.284 16.82 464 479 -1 0 1 214 
38 9.82 19.177 480 495 -1 0 1 268 
39 -8.057 12.104 467 482 -1 0 1 306 
40 10 10 0 720 3 3 0 400 
41 10 10 0 720 3 3 0 401 
42 10 10 0 720 3 3 0 402 
43 10 10 0 720 3 3 0 403 
44 10 10 0 720 3 3 0 404 
45 10 -10 0 720 3 3 0 405 
46 10 -10 0 720 3 3 0 406 
47 10 -10 0 720 3 3 0 407 
48 10 -10 0 720 3 3 0 408 
49 10 -10 0 720 3 3 0 409 
50 -10 10 0 720 3 3 0 410 
51 -10 10 0 720 3 3 0 411 
52 -10 10 0 720 3 3 0 412 
53 -10 10 0 720 3 3 0 413 
54 -10 10 0 720 3 3 0 414 
55 -10 -10 0 720 3 3 0 415 
56 -10 -10 0 720 3 3 0 416 
57 -10 -10 0 720 3 3 0 417 
58 -10 -10 0 720 3 3 0 418 
59 -10 -10 0 720 3 3 0 419 
60 -20 10 0 720 0 0 1 420 
61 -18 10 0 720 0 0 1 421 
62 -16 10 0 720 0 0 1 422 
63 -14 10 0 720 0 0 1 423 
64 -12 10 0 720 0 0 1 424 
65 -10 10 0 720 0 0 1 425 
66 -8 10 0 720 0 0 1 426 
67 -6 10 0 720 0 0 1 427 
68 -4 10 0 720 0 0 1 428 
69 -2 10 0 720 0 0 1 429 
70 0 10 0 720 0 0 1 430 
71 2 10 0 720 0 0 1 431 
72 4 10 0 720 0 0 1 432 
73 6 10 0 720 0 0 1 433 
74 8 10 0 720 0 0 1 434 
75 10 10 0 720 0 0 1 435 
76 12 10 0 720 0 0 1 436 
77 14 10 0 720 0 0 1 437 
78 16 10 0 720 0 0 1 438 
79 18 10 0 720 0 0 1 439 
80 20 10 0 720 0 0 1 440 
81 -20 -10 0 720 0 0 1 441 
82 -18 -10 0 720 0 0 1 442 
83 -16 -10 0 720 0 0 1 443 
84 -14 -10 0 720 0 0 1 444 
85 -12 -10 0 720 0 0 1 445 
86 -10 -10 0 720 0 0 1 446 
87 -8 -10 0 720 0 0 1 447 
88 -6 -10 0 720 0 0 1 448 
89 -4 -10 0 720 0 0 1 449 
90 -2 -10 0 720 0 0 1 450 
91 0 -10 0 720 0 0 1 451 
92 2 -10 0 720 0 0 1 452 
93 4 -10 0 720 0 0 1 453 
94 6 -10 0 720 0 0 1 454 
95 8 -10 0 720 0 0 1 455 
96 10 -10 0 720 0 0 1 456 
97 12 -10 0 720 0 0 1 457 
98 14 -10 0 720 0 0 1 458 
99 16 -10 0 720 0 0 1 459 
100 18 -10 0 720 0 0 1 460 
101 20 -10 0 720 0 0 1 461 
102 -10 20 0 720 0 0 1 462 
103 -10 18 0 720 0 0 1 463 
104 -10 16 0 720 0 0 1 464 
105 -10 14 0 720 0 0 1 465 
106 -10 12 0 720 0 0 1 466 
107 -10 8 0 720 0 0 1 467 
108 -10 6 0 720 0 0 1 468 
109 -10 4 0 720 0 0 1 469 
110 -10 2 0 720 0 0 1 470 
111 -10 0 0 720 0 0 1 471 
112 -10 -2 0 720 0 0 1 472 
113 -10 -4 0 720 0 0 1 473 
114 -10 -6 0 720 0 0 1 474 
115 -10 -8 0 720 0 0 1 475 
116 -10 -12 0 720 0 0 1 476 
117 -10 -14 0 720 0 0 1 477 
118 -10 -16 0 720 0 0 1 478 
119 -10 -18 0 720 0 0 1 479 
120 -10 -20 0 720 0 0 1 480 
121 10 20 0 720 0 0 1 481 
122 10 18 0 720 0 0 1 482 
123 10 16 0 720 0 0 1 483 
124 10 14 0 720 0 0 1 484 
125 10 12 0 720 0 0 1 485 
126 10 8 0 720 0 0 1 486 
127 10 6 0 720 0 0 1 487 
128 10 4 0 720 0 0 1 488 
129 10 2 0 720 0 0 1 489 
130 10 0 0 720 0 0 1 490 
131 10 -2 0 720 0 0 1 491 
132 10 -4 0 720 0 0 1 492 
133 10 -6 0 720 0 0 1 493 
134 10 -8 0 720 0 0 1 494 
135 10 -12 0 720 0 0 1 495 
136 10 -14 0 720 0 0 1 496 
137 10 -16 0 720 0 0 1 497 
138 10 -18 0 720 0 0 1 498 
139 10 -20 0 720 0 0 1 499 
