20 20 80 
0 -4.529 -9.483 292 307 1 0 1 167 
1 -4.639 -11.635 277 303 1 0 1 152 
2 -10.919 6.409 279 294 1 0 1 91 
3 13.465 -12.811 269 301 1 0 1 58 
4 7.172 10.889 284 299 0 1 3 113 
5 -11.872 -13.479 276 311 1 0 1 168 
6 -10.66 -5.407 294 321 1 0 1 188 
7 -12.06 -9.855 314 329 1 0 1 193 
8 10.141 7.192 310 330 1 0 1 0 
9 -8.202 -15.454 321 336 1 0 1 175 
10 -11.662 -12.22 322 337 1 0 1 173 
11 4.904 -8.865 313 328 1 0 1 147 
12 4.722 7.949 320 341 1 0 1 20 
13 -5.332 11.819 311 339 0 1 3 104 
14 11.486 -10.013 331 349 1 0 1 82 
15 -5.315 -16.675 332 351 0 1 3 190 
16 -7.271 15.481 328 343 1 0 1 33 
17 -17.898 11.542 336 351 0 1 3 131 
18 5.095 13.772 337 352 1 0 1 111 
19 8.305 11.663 344 359 0 1 3 41 
20 -8.972 -10.889 296 314 -1 0 1 367 
21 -10.096 7.798 308 323 -1 0 1 352 
22 11.375 -10.713 307 337 -1 0 1 291 
23 -11.603 6.577 317 332 -1 0 1 258 
24 -15.732 9.873 306 334 0 -1 3 313 
25 16.757 13.404 335 350 -1 0 1 368 
26 11.12 -11.2 328 343 -1 0 1 388 
27 -13.89 -10.275 315 332 -1 0 1 393 
28 8.092 13.624 321 336 -1 0 1 200 
29 -10.701 -13.545 324 341 -1 0 1 375 
30 -11.521 -10.176 324 341 -1 0 1 373 
31 -4.187 13.458 337 365 -1 0 1 347 
32 15.747 9.832 337 352 -1 0 1 220 
33 -11.86 -11.085 347 362 0 -1 3 304 
34 7.258 -12.684 339 354 -1 0 1 282 
35 -9.292 -11.578 342 357 0 -1 3 390 
36 9.949 12.263 345 370 -1 0 1 233 
37 -8.815 4.089 347 369 0 -1 3 331 
38 -6.608 10.004 349 371 -1 0 1 311 
39 11.083 6.195 350 369 0 -1 3 241 
40 10 10 0 720 3 3 0 400 
41 10 10 0 720 3 3 0 401 
42 10 10 0 720 3 3 0 402 
43 10 10 0 720 3 3 0 403 
44 10 10 0 720 3 3 0 404 
45 10 -10 0 720 3 3 0 405 
46 10 -10 0 720 3 3 0 406 
47 10 -10 0 720 3 3 0 407 
48 10 -10 0 720 3 3 0 408 
49 10 -10 0 720 3 3 0 409 
50 -10 10 0 720 3 3 0 410 
51 -10 10 0 720 3 3 0 411 
52 -10 10 0 720 3 3 0 412 
53 -10 10 0 720 3 3 0 413 
54 -10 10 0 720 3 3 0 414 
55 -10 -10 0 720 3 3 0 415 
56 -10 -10 0 720 3 3 0 416 
57 -10 -10 0 720 3 3 0 417 
58 -10 -10 0 720 3 3 0 418 
59 -10 -10 0 720 3 3 0 419 
60 -20 10 0 720 0 0 1 420 
61 -18 10 0 720 0 0 1 421 
62 -16 10 0 720 0 0 1 422 
63 -14 10 0 720 0 0 1 423 
64 -12 10 0 720 0 0 1 424 
65 -10 10 0 720 0 0 1 425 
66 -8 10 0 720 0 0 1 426 
67 -6 10 0 720 0 0 1 427 
68 -4 10 0 720 0 0 1 428 
69 -2 10 0 720 0 0 1 429 
70 0 10 0 720 0 0 1 430 
71 2 10 0 720 0 0 1 431 
72 4 10 0 720 0 0 1 432 
73 6 10 0 720 0 0 1 433 
74 8 10 0 720 0 0 1 434 
75 10 10 0 720 0 0 1 435 
76 12 10 0 720 0 0 1 436 
77 14 10 0 720 0 0 1 437 
78 16 10 0 720 0 0 1 438 
79 18 10 0 720 0 0 1 439 
80 20 10 0 720 0 0 1 440 
81 -20 -10 0 720 0 0 1 441 
82 -18 -10 0 720 0 0 1 442 
83 -16 -10 0 720 0 0 1 443 
84 -14 -10 0 720 0 0 1 444 
85 -12 -10 0 720 0 0 1 445 
86 -10 -10 0 720 0 0 1 446 
87 -8 -10 0 720 0 0 1 447 
88 -6 -10 0 720 0 0 1 448 
89 -4 -10 0 720 0 0 1 449 
90 -2 -10 0 720 0 0 1 450 
91 0 -10 0 720 0 0 1 451 
92 2 -10 0 720 0 0 1 452 
93 4 -10 0 720 0 0 1 453 
94 6 -10 0 720 0 0 1 454 
95 8 -10 0 720 0 0 1 455 
96 10 -10 0 720 0 0 1 456 
97 12 -10 0 720 0 0 1 457 
98 14 -10 0 720 0 0 1 458 
99 16 -10 0 720 0 0 1 459 
100 18 -10 0 720 0 0 1 460 
101 20 -10 0 720 0 0 1 461 
102 -10 20 0 720 0 0 1 462 
103 -10 18 0 720 0 0 1 463 
104 -10 16 0 720 0 0 1 464 
105 -10 14 0 720 0 0 1 465 
106 -10 12 0 720 0 0 1 466 
107 -10 8 0 720 0 0 1 467 
108 -10 6 0 720 0 0 1 468 
109 -10 4 0 720 0 0 1 469 
110 -10 2 0 720 0 0 1 470 
111 -10 0 0 720 0 0 1 471 
112 -10 -2 0 720 0 0 1 472 
113 -10 -4 0 720 0 0 1 473 
114 -10 -6 0 720 0 0 1 474 
115 -10 -8 0 720 0 0 1 475 
116 -10 -12 0 720 0 0 1 476 
117 -10 -14 0 720 0 0 1 477 
118 -10 -16 0 720 0 0 1 478 
119 -10 -18 0 720 0 0 1 479 
120 -10 -20 0 720 0 0 1 480 
121 10 20 0 720 0 0 1 481 
122 10 18 0 720 0 0 1 482 
123 10 16 0 720 0 0 1 483 
124 10 14 0 720 0 0 1 484 
125 10 12 0 720 0 0 1 485 
126 10 8 0 720 0 0 1 486 
127 10 6 0 720 0 0 1 487 
128 10 4 0 720 0 0 1 488 
129 10 2 0 720 0 0 1 489 
130 10 0 0 720 0 0 1 490 
131 10 -2 0 720 0 0 1 491 
132 10 -4 0 720 0 0 1 492 
133 10 -6 0 720 0 0 1 493 
134 10 -8 0 720 0 0 1 494 
135 10 -12 0 720 0 0 1 495 
136 10 -14 0 720 0 0 1 496 
137 10 -16 0 720 0 0 1 497 
138 10 -18 0 720 0 0 1 498 
139 10 -20 0 720 0 0 1 499 
