20 20 80 
0 11.524 12.435 459 474 1 0 1 47 
1 9.319 13.066 450 476 0 1 3 44 
2 9.238 -10.886 453 468 1 0 1 115 
3 10.693 10.214 468 486 1 0 1 34 
4 -9.117 -11.764 446 477 1 0 1 164 
5 -5.084 -7.773 472 487 0 1 3 179 
6 -8.091 -3.35 468 483 1 0 1 95 
7 -11.86 -11.085 468 483 0 1 3 105 
8 12.112 9.13 482 497 1 0 1 9 
9 -10.684 8.307 482 497 1 0 1 127 
10 -8.734 10.849 482 499 0 1 3 100 
11 -9.407 -9.901 483 498 1 0 1 171 
12 8.883 8.604 485 500 1 0 1 7 
13 11.802 -15.851 475 490 1 0 1 181 
14 10.395 -11.042 509 524 1 0 1 77 
15 -10.096 7.798 502 517 1 0 1 153 
16 -12.603 10.787 513 528 1 0 1 137 
17 -8.287 -5.595 505 520 1 0 1 103 
18 6.987 -5.007 526 541 0 1 3 51 
19 7.215 5.101 532 547 1 0 1 19 
20 14.001 4.147 467 487 -1 0 1 247 
21 -10.038 10.995 480 495 0 -1 3 244 
22 -8.038 8.667 479 508 -1 0 1 315 
23 9.484 7.767 473 488 -1 0 1 234 
24 10.766 9.837 491 506 -1 0 1 364 
25 -11.481 -10.716 479 498 0 -1 3 379 
26 11.122 -12.544 489 515 -1 0 1 295 
27 -5.332 11.819 491 519 0 -1 3 305 
28 9.785 10.401 484 501 -1 0 1 209 
29 -7.211 10.237 485 503 -1 0 1 327 
30 -9.652 12.734 486 501 0 -1 3 300 
31 -10.862 -6.415 486 504 -1 0 1 371 
32 9.536 9.905 486 503 -1 0 1 207 
33 -10.344 -11.177 497 524 -1 0 1 381 
34 10.175 -11.048 509 525 -1 0 1 277 
35 -4.639 -11.635 522 548 -1 0 1 353 
36 -5.566 9.008 520 539 -1 0 1 337 
37 -3.164 14.036 525 551 -1 0 1 303 
38 6.456 -14.107 535 555 0 -1 3 251 
39 9.294 11.233 538 557 -1 0 1 219 
40 10 10 0 720 3 3 0 400 
41 10 10 0 720 3 3 0 401 
42 10 10 0 720 3 3 0 402 
43 10 10 0 720 3 3 0 403 
44 10 10 0 720 3 3 0 404 
45 10 -10 0 720 3 3 0 405 
46 10 -10 0 720 3 3 0 406 
47 10 -10 0 720 3 3 0 407 
48 10 -10 0 720 3 3 0 408 
49 10 -10 0 720 3 3 0 409 
50 -10 10 0 720 3 3 0 410 
51 -10 10 0 720 3 3 0 411 
52 -10 10 0 720 3 3 0 412 
53 -10 10 0 720 3 3 0 413 
54 -10 10 0 720 3 3 0 414 
55 -10 -10 0 720 3 3 0 415 
56 -10 -10 0 720 3 3 0 416 
57 -10 -10 0 720 3 3 0 417 
58 -10 -10 0 720 3 3 0 418 
59 -10 -10 0 720 3 3 0 419 
60 -20 10 0 720 0 0 1 420 
61 -18 10 0 720 0 0 1 421 
62 -16 10 0 720 0 0 1 422 
63 -14 10 0 720 0 0 1 423 
64 -12 10 0 720 0 0 1 424 
65 -10 10 0 720 0 0 1 425 
66 -8 10 0 720 0 0 1 426 
67 -6 10 0 720 0 0 1 427 
68 -4 10 0 720 0 0 1 428 
69 -2 10 0 720 0 0 1 429 
70 0 10 0 720 0 0 1 430 
71 2 10 0 720 0 0 1 431 
72 4 10 0 720 0 0 1 432 
73 6 10 0 720 0 0 1 433 
74 8 10 0 720 0 0 1 434 
75 10 10 0 720 0 0 1 435 
76 12 10 0 720 0 0 1 436 
77 14 10 0 720 0 0 1 437 
78 16 10 0 720 0 0 1 438 
79 18 10 0 720 0 0 1 439 
80 20 10 0 720 0 0 1 440 
81 -20 -10 0 720 0 0 1 441 
82 -18 -10 0 720 0 0 1 442 
83 -16 -10 0 720 0 0 1 443 
84 -14 -10 0 720 0 0 1 444 
85 -12 -10 0 720 0 0 1 445 
86 -10 -10 0 720 0 0 1 446 
87 -8 -10 0 720 0 0 1 447 
88 -6 -10 0 720 0 0 1 448 
89 -4 -10 0 720 0 0 1 449 
90 -2 -10 0 720 0 0 1 450 
91 0 -10 0 720 0 0 1 451 
92 2 -10 0 720 0 0 1 452 
93 4 -10 0 720 0 0 1 453 
94 6 -10 0 720 0 0 1 454 
95 8 -10 0 720 0 0 1 455 
96 10 -10 0 720 0 0 1 456 
97 12 -10 0 720 0 0 1 457 
98 14 -10 0 720 0 0 1 458 
99 16 -10 0 720 0 0 1 459 
100 18 -10 0 720 0 0 1 460 
101 20 -10 0 720 0 0 1 461 
102 -10 20 0 720 0 0 1 462 
103 -10 18 0 720 0 0 1 463 
104 -10 16 0 720 0 0 1 464 
105 -10 14 0 720 0 0 1 465 
106 -10 12 0 720 0 0 1 466 
107 -10 8 0 720 0 0 1 467 
108 -10 6 0 720 0 0 1 468 
109 -10 4 0 720 0 0 1 469 
110 -10 2 0 720 0 0 1 470 
111 -10 0 0 720 0 0 1 471 
112 -10 -2 0 720 0 0 1 472 
113 -10 -4 0 720 0 0 1 473 
114 -10 -6 0 720 0 0 1 474 
115 -10 -8 0 720 0 0 1 475 
116 -10 -12 0 720 0 0 1 476 
117 -10 -14 0 720 0 0 1 477 
118 -10 -16 0 720 0 0 1 478 
119 -10 -18 0 720 0 0 1 479 
120 -10 -20 0 720 0 0 1 480 
121 10 20 0 720 0 0 1 481 
122 10 18 0 720 0 0 1 482 
123 10 16 0 720 0 0 1 483 
124 10 14 0 720 0 0 1 484 
125 10 12 0 720 0 0 1 485 
126 10 8 0 720 0 0 1 486 
127 10 6 0 720 0 0 1 487 
128 10 4 0 720 0 0 1 488 
129 10 2 0 720 0 0 1 489 
130 10 0 0 720 0 0 1 490 
131 10 -2 0 720 0 0 1 491 
132 10 -4 0 720 0 0 1 492 
133 10 -6 0 720 0 0 1 493 
134 10 -8 0 720 0 0 1 494 
135 10 -12 0 720 0 0 1 495 
136 10 -14 0 720 0 0 1 496 
137 10 -16 0 720 0 0 1 497 
138 10 -18 0 720 0 0 1 498 
139 10 -20 0 720 0 0 1 499 
