20 20 80 
0 -10.862 -6.415 356 374 1 0 1 170 
1 -8.182 -13.914 353 368 0 1 3 183 
2 12.082 -9.931 357 375 1 0 1 84 
3 6.098 -1.692 356 371 1 0 1 67 
4 9.049 7.567 349 364 1 0 1 145 
5 -6.177 -13.07 350 373 1 0 1 198 
6 7.551 -7.605 360 375 1 0 1 97 
7 -10.344 -11.177 344 371 1 0 1 180 
8 -11.625 -10.568 354 380 0 1 3 162 
9 4.624 7.138 368 383 0 1 3 37 
10 -13.048 9.445 353 382 0 1 3 108 
11 8.059 8.681 377 392 1 0 1 17 
12 6.456 -14.107 372 392 0 1 3 50 
13 -7.723 13.524 379 394 1 0 1 129 
14 -11.744 -6.688 379 396 1 0 1 158 
15 6.965 10.731 378 393 0 1 3 121 
16 -9.772 7.442 376 391 0 1 3 63 
17 -11.384 -11.628 384 399 1 0 1 55 
18 9.745 -11.866 395 410 1 0 1 65 
19 -15.018 14.461 375 403 1 0 1 142 
20 -9.407 -9.901 362 377 -1 0 1 370 
21 -16.664 -6.56 364 385 0 -1 3 383 
22 8.813 -12.932 364 379 -1 0 1 284 
23 9.564 -10.483 365 386 -1 0 1 267 
24 -11.618 8.587 369 396 -1 0 1 345 
25 7.586 -10.175 372 387 -1 0 1 398 
26 4.996 -12.589 365 384 -1 0 1 297 
27 11.802 -15.851 378 393 -1 0 1 380 
28 -8.922 9.847 385 400 0 -1 3 362 
29 11.447 10.333 375 395 0 -1 3 237 
30 14.158 8.737 394 409 0 -1 3 308 
31 12.014 7.809 381 399 -1 0 1 217 
32 6.987 -5.007 386 401 0 -1 3 250 
33 -7.589 11.439 381 398 -1 0 1 329 
34 -10.286 -8.592 383 398 -1 0 1 358 
35 -11.146 9.829 396 421 0 -1 3 321 
36 10.591 -10.317 403 432 0 -1 3 263 
37 7.1 -12.547 402 427 -1 0 1 255 
38 9.486 -11.076 395 412 -1 0 1 265 
39 -9.622 -8.461 411 426 -1 0 1 342 
40 10 10 0 720 3 3 0 400 
41 10 10 0 720 3 3 0 401 
42 10 10 0 720 3 3 0 402 
43 10 10 0 720 3 3 0 403 
44 10 10 0 720 3 3 0 404 
45 10 -10 0 720 3 3 0 405 
46 10 -10 0 720 3 3 0 406 
47 10 -10 0 720 3 3 0 407 
48 10 -10 0 720 3 3 0 408 
49 10 -10 0 720 3 3 0 409 
50 -10 10 0 720 3 3 0 410 
51 -10 10 0 720 3 3 0 411 
52 -10 10 0 720 3 3 0 412 
53 -10 10 0 720 3 3 0 413 
54 -10 10 0 720 3 3 0 414 
55 -10 -10 0 720 3 3 0 415 
56 -10 -10 0 720 3 3 0 416 
57 -10 -10 0 720 3 3 0 417 
58 -10 -10 0 720 3 3 0 418 
59 -10 -10 0 720 3 3 0 419 
60 -20 10 0 720 0 0 1 420 
61 -18 10 0 720 0 0 1 421 
62 -16 10 0 720 0 0 1 422 
63 -14 10 0 720 0 0 1 423 
64 -12 10 0 720 0 0 1 424 
65 -10 10 0 720 0 0 1 425 
66 -8 10 0 720 0 0 1 426 
67 -6 10 0 720 0 0 1 427 
68 -4 10 0 720 0 0 1 428 
69 -2 10 0 720 0 0 1 429 
70 0 10 0 720 0 0 1 430 
71 2 10 0 720 0 0 1 431 
72 4 10 0 720 0 0 1 432 
73 6 10 0 720 0 0 1 433 
74 8 10 0 720 0 0 1 434 
75 10 10 0 720 0 0 1 435 
76 12 10 0 720 0 0 1 436 
77 14 10 0 720 0 0 1 437 
78 16 10 0 720 0 0 1 438 
79 18 10 0 720 0 0 1 439 
80 20 10 0 720 0 0 1 440 
81 -20 -10 0 720 0 0 1 441 
82 -18 -10 0 720 0 0 1 442 
83 -16 -10 0 720 0 0 1 443 
84 -14 -10 0 720 0 0 1 444 
85 -12 -10 0 720 0 0 1 445 
86 -10 -10 0 720 0 0 1 446 
87 -8 -10 0 720 0 0 1 447 
88 -6 -10 0 720 0 0 1 448 
89 -4 -10 0 720 0 0 1 449 
90 -2 -10 0 720 0 0 1 450 
91 0 -10 0 720 0 0 1 451 
92 2 -10 0 720 0 0 1 452 
93 4 -10 0 720 0 0 1 453 
94 6 -10 0 720 0 0 1 454 
95 8 -10 0 720 0 0 1 455 
96 10 -10 0 720 0 0 1 456 
97 12 -10 0 720 0 0 1 457 
98 14 -10 0 720 0 0 1 458 
99 16 -10 0 720 0 0 1 459 
100 18 -10 0 720 0 0 1 460 
101 20 -10 0 720 0 0 1 461 
102 -10 20 0 720 0 0 1 462 
103 -10 18 0 720 0 0 1 463 
104 -10 16 0 720 0 0 1 464 
105 -10 14 0 720 0 0 1 465 
106 -10 12 0 720 0 0 1 466 
107 -10 8 0 720 0 0 1 467 
108 -10 6 0 720 0 0 1 468 
109 -10 4 0 720 0 0 1 469 
110 -10 2 0 720 0 0 1 470 
111 -10 0 0 720 0 0 1 471 
112 -10 -2 0 720 0 0 1 472 
113 -10 -4 0 720 0 0 1 473 
114 -10 -6 0 720 0 0 1 474 
115 -10 -8 0 720 0 0 1 475 
116 -10 -12 0 720 0 0 1 476 
117 -10 -14 0 720 0 0 1 477 
118 -10 -16 0 720 0 0 1 478 
119 -10 -18 0 720 0 0 1 479 
120 -10 -20 0 720 0 0 1 480 
121 10 20 0 720 0 0 1 481 
122 10 18 0 720 0 0 1 482 
123 10 16 0 720 0 0 1 483 
124 10 14 0 720 0 0 1 484 
125 10 12 0 720 0 0 1 485 
126 10 8 0 720 0 0 1 486 
127 10 6 0 720 0 0 1 487 
128 10 4 0 720 0 0 1 488 
129 10 2 0 720 0 0 1 489 
130 10 0 0 720 0 0 1 490 
131 10 -2 0 720 0 0 1 491 
132 10 -4 0 720 0 0 1 492 
133 10 -6 0 720 0 0 1 493 
134 10 -8 0 720 0 0 1 494 
135 10 -12 0 720 0 0 1 495 
136 10 -14 0 720 0 0 1 496 
137 10 -16 0 720 0 0 1 497 
138 10 -18 0 720 0 0 1 498 
139 10 -20 0 720 0 0 1 499 
