20 20 80 
0 7.258 -12.684 560 575 1 0 1 83 
1 -8.057 12.104 562 577 1 0 1 107 
2 13.171 5.984 557 572 0 1 3 81 
3 11.12 -11.2 556 571 1 0 1 189 
4 8.428 12.983 560 575 1 0 1 119 
5 -9.622 -8.461 561 576 1 0 1 143 
6 11.668 -9.714 586 601 1 0 1 61 
7 9.82 19.177 573 588 1 0 1 69 
8 6.269 -3.16 591 606 0 1 3 93 
9 -18.573 16.379 591 606 1 0 1 135 
10 7.586 -10.175 591 606 1 0 1 199 
11 10.766 9.837 588 603 1 0 1 165 
12 -11.901 -10.907 605 620 0 1 3 155 
13 -9.652 12.734 607 622 0 1 3 101 
14 -10.038 10.995 602 617 0 1 3 45 
15 -10.286 -8.592 618 633 1 0 1 159 
16 -10.358 -9.706 619 634 1 0 1 141 
17 15.284 16.82 627 642 1 0 1 15 
18 -8.922 9.847 621 636 0 1 3 163 
19 -10.426 -10.11 630 645 1 0 1 75 
20 11.486 -10.013 565 583 -1 0 1 283 
21 -10.339 7.189 567 586 -1 0 1 307 
22 10.158 -7.926 571 594 0 -1 3 281 
23 -10.66 -5.407 578 605 -1 0 1 389 
24 -9.898 5.27 579 605 -1 0 1 319 
25 -15.018 14.461 584 612 -1 0 1 343 
26 5.057 -11.496 592 612 -1 0 1 261 
27 6.846 -9.296 601 631 -1 0 1 269 
28 10.02 -8.79 597 617 0 -1 3 293 
29 -11.506 11.881 599 619 -1 0 1 335 
30 -6.177 -13.07 605 628 -1 0 1 399 
31 -9.117 -11.764 617 648 -1 0 1 365 
32 -6.032 -10.706 610 629 0 -1 3 355 
33 -8.734 10.849 609 626 0 -1 3 301 
34 9.319 13.066 621 647 0 -1 3 245 
35 -11.744 -6.688 620 637 -1 0 1 359 
36 -11.403 7.371 636 660 -1 0 1 341 
37 8.864 12.693 634 654 -1 0 1 215 
38 -11.625 -10.568 641 667 0 -1 3 363 
39 9.544 -10.904 649 675 -1 0 1 275 
40 10 10 0 720 3 3 0 400 
41 10 10 0 720 3 3 0 401 
42 10 10 0 720 3 3 0 402 
43 10 10 0 720 3 3 0 403 
44 10 10 0 720 3 3 0 404 
45 10 -10 0 720 3 3 0 405 
46 10 -10 0 720 3 3 0 406 
47 10 -10 0 720 3 3 0 407 
48 10 -10 0 720 3 3 0 408 
49 10 -10 0 720 3 3 0 409 
50 -10 10 0 720 3 3 0 410 
51 -10 10 0 720 3 3 0 411 
52 -10 10 0 720 3 3 0 412 
53 -10 10 0 720 3 3 0 413 
54 -10 10 0 720 3 3 0 414 
55 -10 -10 0 720 3 3 0 415 
56 -10 -10 0 720 3 3 0 416 
57 -10 -10 0 720 3 3 0 417 
58 -10 -10 0 720 3 3 0 418 
59 -10 -10 0 720 3 3 0 419 
60 -20 10 0 720 0 0 1 420 
61 -18 10 0 720 0 0 1 421 
62 -16 10 0 720 0 0 1 422 
63 -14 10 0 720 0 0 1 423 
64 -12 10 0 720 0 0 1 424 
65 -10 10 0 720 0 0 1 425 
66 -8 10 0 720 0 0 1 426 
67 -6 10 0 720 0 0 1 427 
68 -4 10 0 720 0 0 1 428 
69 -2 10 0 720 0 0 1 429 
70 0 10 0 720 0 0 1 430 
71 2 10 0 720 0 0 1 431 
72 4 10 0 720 0 0 1 432 
73 6 10 0 720 0 0 1 433 
74 8 10 0 720 0 0 1 434 
75 10 10 0 720 0 0 1 435 
76 12 10 0 720 0 0 1 436 
77 14 10 0 720 0 0 1 437 
78 16 10 0 720 0 0 1 438 
79 18 10 0 720 0 0 1 439 
80 20 10 0 720 0 0 1 440 
81 -20 -10 0 720 0 0 1 441 
82 -18 -10 0 720 0 0 1 442 
83 -16 -10 0 720 0 0 1 443 
84 -14 -10 0 720 0 0 1 444 
85 -12 -10 0 720 0 0 1 445 
86 -10 -10 0 720 0 0 1 446 
87 -8 -10 0 720 0 0 1 447 
88 -6 -10 0 720 0 0 1 448 
89 -4 -10 0 720 0 0 1 449 
90 -2 -10 0 720 0 0 1 450 
91 0 -10 0 720 0 0 1 451 
92 2 -10 0 720 0 0 1 452 
93 4 -10 0 720 0 0 1 453 
94 6 -10 0 720 0 0 1 454 
95 8 -10 0 720 0 0 1 455 
96 10 -10 0 720 0 0 1 456 
97 12 -10 0 720 0 0 1 457 
98 14 -10 0 720 0 0 1 458 
99 16 -10 0 720 0 0 1 459 
100 18 -10 0 720 0 0 1 460 
101 20 -10 0 720 0 0 1 461 
102 -10 20 0 720 0 0 1 462 
103 -10 18 0 720 0 0 1 463 
104 -10 16 0 720 0 0 1 464 
105 -10 14 0 720 0 0 1 465 
106 -10 12 0 720 0 0 1 466 
107 -10 8 0 720 0 0 1 467 
108 -10 6 0 720 0 0 1 468 
109 -10 4 0 720 0 0 1 469 
110 -10 2 0 720 0 0 1 470 
111 -10 0 0 720 0 0 1 471 
112 -10 -2 0 720 0 0 1 472 
113 -10 -4 0 720 0 0 1 473 
114 -10 -6 0 720 0 0 1 474 
115 -10 -8 0 720 0 0 1 475 
116 -10 -12 0 720 0 0 1 476 
117 -10 -14 0 720 0 0 1 477 
118 -10 -16 0 720 0 0 1 478 
119 -10 -18 0 720 0 0 1 479 
120 -10 -20 0 720 0 0 1 480 
121 10 20 0 720 0 0 1 481 
122 10 18 0 720 0 0 1 482 
123 10 16 0 720 0 0 1 483 
124 10 14 0 720 0 0 1 484 
125 10 12 0 720 0 0 1 485 
126 10 8 0 720 0 0 1 486 
127 10 6 0 720 0 0 1 487 
128 10 4 0 720 0 0 1 488 
129 10 2 0 720 0 0 1 489 
130 10 0 0 720 0 0 1 490 
131 10 -2 0 720 0 0 1 491 
132 10 -4 0 720 0 0 1 492 
133 10 -6 0 720 0 0 1 493 
134 10 -8 0 720 0 0 1 494 
135 10 -12 0 720 0 0 1 495 
136 10 -14 0 720 0 0 1 496 
137 10 -16 0 720 0 0 1 497 
138 10 -18 0 720 0 0 1 498 
139 10 -20 0 720 0 0 1 499 
