20 20 80 
0 -4.231 6.52 251 270 1 0 1 138 
1 -10.043 -10.358 245 260 1 0 1 117 
2 9.435 1.329 242 257 1 0 1 161 
3 13.067 12.792 255 270 1 0 1 39 
4 -9.845 -13.443 241 256 1 0 1 29 
5 9.536 9.905 261 278 1 0 1 6 
6 9.574 7.652 261 279 1 0 1 4 
7 14.001 4.147 257 277 1 0 1 46 
8 10.212 -2.947 263 278 0 1 3 89 
9 -7.211 10.237 267 285 1 0 1 126 
10 -12.539 -19.173 234 271 0 1 3 196 
11 -10.144 8.385 253 268 1 0 1 79 
12 10.711 14.715 257 285 1 0 1 42 
13 8.73 -10.345 263 278 0 1 3 149 
14 10.671 10.178 282 299 0 1 3 24 
15 -11.146 9.829 270 295 0 1 3 120 
16 -11.835 7.482 282 300 1 0 1 132 
17 -5.566 9.008 282 301 1 0 1 136 
18 11.122 -12.544 270 296 1 0 1 94 
19 6.308 -11.652 289 304 1 0 1 57 
20 -6.893 10.4 259 274 -1 0 1 338 
21 -4.927 6.703 262 287 -1 0 1 317 
22 -8.158 -13.919 265 292 -1 0 1 361 
23 4.421 13.315 263 283 -1 0 1 239 
24 12.443 12.947 275 308 -1 0 1 229 
25 8.883 8.604 264 279 -1 0 1 206 
26 11.851 10.287 267 282 -1 0 1 204 
27 11.524 12.435 270 285 -1 0 1 246 
28 11.086 -14.79 274 296 0 -1 3 289 
29 -10.684 8.307 273 288 -1 0 1 326 
30 12.882 13.797 297 312 0 -1 3 396 
31 15.666 -15.424 288 321 -1 0 1 279 
32 -11.296 6.603 293 308 -1 0 1 242 
33 -10.938 12.109 292 323 0 -1 3 349 
34 9.37 10.979 285 300 0 -1 3 224 
35 6.965 10.731 298 313 0 -1 3 320 
36 -8.017 11.119 290 305 -1 0 1 332 
37 -12.603 10.787 293 308 -1 0 1 336 
38 -8.091 -3.35 302 317 -1 0 1 294 
39 10.421 -7.21 295 314 -1 0 1 257 
40 10 10 0 720 3 3 0 400 
41 10 10 0 720 3 3 0 401 
42 10 10 0 720 3 3 0 402 
43 10 10 0 720 3 3 0 403 
44 10 10 0 720 3 3 0 404 
45 10 -10 0 720 3 3 0 405 
46 10 -10 0 720 3 3 0 406 
47 10 -10 0 720 3 3 0 407 
48 10 -10 0 720 3 3 0 408 
49 10 -10 0 720 3 3 0 409 
50 -10 10 0 720 3 3 0 410 
51 -10 10 0 720 3 3 0 411 
52 -10 10 0 720 3 3 0 412 
53 -10 10 0 720 3 3 0 413 
54 -10 10 0 720 3 3 0 414 
55 -10 -10 0 720 3 3 0 415 
56 -10 -10 0 720 3 3 0 416 
57 -10 -10 0 720 3 3 0 417 
58 -10 -10 0 720 3 3 0 418 
59 -10 -10 0 720 3 3 0 419 
60 -20 10 0 720 0 0 1 420 
61 -18 10 0 720 0 0 1 421 
62 -16 10 0 720 0 0 1 422 
63 -14 10 0 720 0 0 1 423 
64 -12 10 0 720 0 0 1 424 
65 -10 10 0 720 0 0 1 425 
66 -8 10 0 720 0 0 1 426 
67 -6 10 0 720 0 0 1 427 
68 -4 10 0 720 0 0 1 428 
69 -2 10 0 720 0 0 1 429 
70 0 10 0 720 0 0 1 430 
71 2 10 0 720 0 0 1 431 
72 4 10 0 720 0 0 1 432 
73 6 10 0 720 0 0 1 433 
74 8 10 0 720 0 0 1 434 
75 10 10 0 720 0 0 1 435 
76 12 10 0 720 0 0 1 436 
77 14 10 0 720 0 0 1 437 
78 16 10 0 720 0 0 1 438 
79 18 10 0 720 0 0 1 439 
80 20 10 0 720 0 0 1 440 
81 -20 -10 0 720 0 0 1 441 
82 -18 -10 0 720 0 0 1 442 
83 -16 -10 0 720 0 0 1 443 
84 -14 -10 0 720 0 0 1 444 
85 -12 -10 0 720 0 0 1 445 
86 -10 -10 0 720 0 0 1 446 
87 -8 -10 0 720 0 0 1 447 
88 -6 -10 0 720 0 0 1 448 
89 -4 -10 0 720 0 0 1 449 
90 -2 -10 0 720 0 0 1 450 
91 0 -10 0 720 0 0 1 451 
92 2 -10 0 720 0 0 1 452 
93 4 -10 0 720 0 0 1 453 
94 6 -10 0 720 0 0 1 454 
95 8 -10 0 720 0 0 1 455 
96 10 -10 0 720 0 0 1 456 
97 12 -10 0 720 0 0 1 457 
98 14 -10 0 720 0 0 1 458 
99 16 -10 0 720 0 0 1 459 
100 18 -10 0 720 0 0 1 460 
101 20 -10 0 720 0 0 1 461 
102 -10 20 0 720 0 0 1 462 
103 -10 18 0 720 0 0 1 463 
104 -10 16 0 720 0 0 1 464 
105 -10 14 0 720 0 0 1 465 
106 -10 12 0 720 0 0 1 466 
107 -10 8 0 720 0 0 1 467 
108 -10 6 0 720 0 0 1 468 
109 -10 4 0 720 0 0 1 469 
110 -10 2 0 720 0 0 1 470 
111 -10 0 0 720 0 0 1 471 
112 -10 -2 0 720 0 0 1 472 
113 -10 -4 0 720 0 0 1 473 
114 -10 -6 0 720 0 0 1 474 
115 -10 -8 0 720 0 0 1 475 
116 -10 -12 0 720 0 0 1 476 
117 -10 -14 0 720 0 0 1 477 
118 -10 -16 0 720 0 0 1 478 
119 -10 -18 0 720 0 0 1 479 
120 -10 -20 0 720 0 0 1 480 
121 10 20 0 720 0 0 1 481 
122 10 18 0 720 0 0 1 482 
123 10 16 0 720 0 0 1 483 
124 10 14 0 720 0 0 1 484 
125 10 12 0 720 0 0 1 485 
126 10 8 0 720 0 0 1 486 
127 10 6 0 720 0 0 1 487 
128 10 4 0 720 0 0 1 488 
129 10 2 0 720 0 0 1 489 
130 10 0 0 720 0 0 1 490 
131 10 -2 0 720 0 0 1 491 
132 10 -4 0 720 0 0 1 492 
133 10 -6 0 720 0 0 1 493 
134 10 -8 0 720 0 0 1 494 
135 10 -12 0 720 0 0 1 495 
136 10 -14 0 720 0 0 1 496 
137 10 -16 0 720 0 0 1 497 
138 10 -18 0 720 0 0 1 498 
139 10 -20 0 720 0 0 1 499 
