20 20 80 
0 -9.292 -11.578 449 464 0 1 3 191 
1 15.699 -4.738 437 452 1 0 1 185 
2 -6.032 -10.706 448 467 0 1 3 154 
3 10.158 -7.926 443 466 0 1 3 80 
4 8.092 13.624 453 468 1 0 1 1 
5 -11.603 6.577 438 453 1 0 1 59 
6 -9.898 5.27 440 466 1 0 1 118 
7 8.864 12.693 452 472 1 0 1 14 
8 6.846 -9.296 437 467 1 0 1 68 
9 -10.339 7.189 458 477 1 0 1 106 
10 11.524 12.435 459 474 1 0 1 47 
11 9.319 13.066 450 476 0 1 3 44 
12 9.238 -10.886 453 468 1 0 1 115 
13 10.693 10.214 468 486 1 0 1 34 
14 -9.117 -11.764 446 477 1 0 1 164 
15 -5.084 -7.773 472 487 0 1 3 179 
16 -8.091 -3.35 468 483 1 0 1 95 
17 -11.86 -11.085 468 483 0 1 3 105 
18 12.112 9.13 482 497 1 0 1 9 
19 -10.684 8.307 482 497 1 0 1 127 
20 -5.315 -16.675 455 474 0 -1 3 391 
21 -9.535 -13.32 463 492 -1 0 1 385 
22 -11.901 -10.907 457 472 0 -1 3 354 
23 13.171 5.984 465 480 0 -1 3 280 
24 10.141 7.192 459 479 -1 0 1 201 
25 13.465 -12.811 469 501 -1 0 1 259 
26 8.428 12.983 470 485 -1 0 1 318 
27 15.284 16.82 464 479 -1 0 1 214 
28 9.82 19.177 480 495 -1 0 1 268 
29 -8.057 12.104 467 482 -1 0 1 306 
30 14.001 4.147 467 487 -1 0 1 247 
31 -10.038 10.995 480 495 0 -1 3 244 
32 -8.038 8.667 479 508 -1 0 1 315 
33 9.484 7.767 473 488 -1 0 1 234 
34 10.766 9.837 491 506 -1 0 1 364 
35 -11.481 -10.716 479 498 0 -1 3 379 
36 11.122 -12.544 489 515 -1 0 1 295 
37 -5.332 11.819 491 519 0 -1 3 305 
38 9.785 10.401 484 501 -1 0 1 209 
39 -7.211 10.237 485 503 -1 0 1 327 
40 10 10 0 720 3 3 0 400 
41 10 10 0 720 3 3 0 401 
42 10 10 0 720 3 3 0 402 
43 10 10 0 720 3 3 0 403 
44 10 10 0 720 3 3 0 404 
45 10 -10 0 720 3 3 0 405 
46 10 -10 0 720 3 3 0 406 
47 10 -10 0 720 3 3 0 407 
48 10 -10 0 720 3 3 0 408 
49 10 -10 0 720 3 3 0 409 
50 -10 10 0 720 3 3 0 410 
51 -10 10 0 720 3 3 0 411 
52 -10 10 0 720 3 3 0 412 
53 -10 10 0 720 3 3 0 413 
54 -10 10 0 720 3 3 0 414 
55 -10 -10 0 720 3 3 0 415 
56 -10 -10 0 720 3 3 0 416 
57 -10 -10 0 720 3 3 0 417 
58 -10 -10 0 720 3 3 0 418 
59 -10 -10 0 720 3 3 0 419 
60 -20 10 0 720 0 0 1 420 
61 -18 10 0 720 0 0 1 421 
62 -16 10 0 720 0 0 1 422 
63 -14 10 0 720 0 0 1 423 
64 -12 10 0 720 0 0 1 424 
65 -10 10 0 720 0 0 1 425 
66 -8 10 0 720 0 0 1 426 
67 -6 10 0 720 0 0 1 427 
68 -4 10 0 720 0 0 1 428 
69 -2 10 0 720 0 0 1 429 
70 0 10 0 720 0 0 1 430 
71 2 10 0 720 0 0 1 431 
72 4 10 0 720 0 0 1 432 
73 6 10 0 720 0 0 1 433 
74 8 10 0 720 0 0 1 434 
75 10 10 0 720 0 0 1 435 
76 12 10 0 720 0 0 1 436 
77 14 10 0 720 0 0 1 437 
78 16 10 0 720 0 0 1 438 
79 18 10 0 720 0 0 1 439 
80 20 10 0 720 0 0 1 440 
81 -20 -10 0 720 0 0 1 441 
82 -18 -10 0 720 0 0 1 442 
83 -16 -10 0 720 0 0 1 443 
84 -14 -10 0 720 0 0 1 444 
85 -12 -10 0 720 0 0 1 445 
86 -10 -10 0 720 0 0 1 446 
87 -8 -10 0 720 0 0 1 447 
88 -6 -10 0 720 0 0 1 448 
89 -4 -10 0 720 0 0 1 449 
90 -2 -10 0 720 0 0 1 450 
91 0 -10 0 720 0 0 1 451 
92 2 -10 0 720 0 0 1 452 
93 4 -10 0 720 0 0 1 453 
94 6 -10 0 720 0 0 1 454 
95 8 -10 0 720 0 0 1 455 
96 10 -10 0 720 0 0 1 456 
97 12 -10 0 720 0 0 1 457 
98 14 -10 0 720 0 0 1 458 
99 16 -10 0 720 0 0 1 459 
100 18 -10 0 720 0 0 1 460 
101 20 -10 0 720 0 0 1 461 
102 -10 20 0 720 0 0 1 462 
103 -10 18 0 720 0 0 1 463 
104 -10 16 0 720 0 0 1 464 
105 -10 14 0 720 0 0 1 465 
106 -10 12 0 720 0 0 1 466 
107 -10 8 0 720 0 0 1 467 
108 -10 6 0 720 0 0 1 468 
109 -10 4 0 720 0 0 1 469 
110 -10 2 0 720 0 0 1 470 
111 -10 0 0 720 0 0 1 471 
112 -10 -2 0 720 0 0 1 472 
113 -10 -4 0 720 0 0 1 473 
114 -10 -6 0 720 0 0 1 474 
115 -10 -8 0 720 0 0 1 475 
116 -10 -12 0 720 0 0 1 476 
117 -10 -14 0 720 0 0 1 477 
118 -10 -16 0 720 0 0 1 478 
119 -10 -18 0 720 0 0 1 479 
120 -10 -20 0 720 0 0 1 480 
121 10 20 0 720 0 0 1 481 
122 10 18 0 720 0 0 1 482 
123 10 16 0 720 0 0 1 483 
124 10 14 0 720 0 0 1 484 
125 10 12 0 720 0 0 1 485 
126 10 8 0 720 0 0 1 486 
127 10 6 0 720 0 0 1 487 
128 10 4 0 720 0 0 1 488 
129 10 2 0 720 0 0 1 489 
130 10 0 0 720 0 0 1 490 
131 10 -2 0 720 0 0 1 491 
132 10 -4 0 720 0 0 1 492 
133 10 -6 0 720 0 0 1 493 
134 10 -8 0 720 0 0 1 494 
135 10 -12 0 720 0 0 1 495 
136 10 -14 0 720 0 0 1 496 
137 10 -16 0 720 0 0 1 497 
138 10 -18 0 720 0 0 1 498 
139 10 -20 0 720 0 0 1 499 
