20 20 80 
0 6.78 -11.392 346 361 0 1 3 87 
1 -13.395 -6.989 330 345 1 0 1 31 
2 -9.89 11.709 340 355 1 0 1 13 
3 10.02 -8.79 346 366 0 1 3 92 
4 11.851 10.287 353 368 1 0 1 5 
5 -11.481 -10.716 349 368 0 1 3 178 
6 13.283 8.893 352 370 1 0 1 48 
7 -3.164 14.036 339 365 1 0 1 102 
8 5.057 -11.496 351 371 1 0 1 60 
9 -11.403 7.371 344 368 1 0 1 140 
10 -10.862 -6.415 356 374 1 0 1 170 
11 -8.182 -13.914 353 368 0 1 3 183 
12 12.082 -9.931 357 375 1 0 1 84 
13 6.098 -1.692 356 371 1 0 1 67 
14 9.049 7.567 349 364 1 0 1 145 
15 -6.177 -13.07 350 373 1 0 1 198 
16 7.551 -7.605 360 375 1 0 1 97 
17 -10.344 -11.177 344 371 1 0 1 180 
18 -11.625 -10.568 354 380 0 1 3 162 
19 4.624 7.138 368 383 0 1 3 37 
20 11.081 -12.668 350 368 0 -1 3 287 
21 11.996 11.373 361 393 -1 0 1 231 
22 9.346 10.477 359 384 -1 0 1 213 
23 6.269 -3.16 357 372 0 -1 3 292 
24 9.574 7.652 356 374 -1 0 1 205 
25 -5.084 -7.773 360 375 0 -1 3 378 
26 11.1 5.943 358 373 -1 0 1 248 
27 -8.287 -5.595 370 385 -1 0 1 302 
28 11.668 -9.714 362 377 -1 0 1 260 
29 -10.358 -9.706 370 385 -1 0 1 340 
30 -9.407 -9.901 362 377 -1 0 1 370 
31 -16.664 -6.56 364 385 0 -1 3 383 
32 8.813 -12.932 364 379 -1 0 1 284 
33 9.564 -10.483 365 386 -1 0 1 267 
34 -11.618 8.587 369 396 -1 0 1 345 
35 7.586 -10.175 372 387 -1 0 1 398 
36 4.996 -12.589 365 384 -1 0 1 297 
37 11.802 -15.851 378 393 -1 0 1 380 
38 -8.922 9.847 385 400 0 -1 3 362 
39 11.447 10.333 375 395 0 -1 3 237 
40 10 10 0 720 3 3 0 400 
41 10 10 0 720 3 3 0 401 
42 10 10 0 720 3 3 0 402 
43 10 10 0 720 3 3 0 403 
44 10 10 0 720 3 3 0 404 
45 10 -10 0 720 3 3 0 405 
46 10 -10 0 720 3 3 0 406 
47 10 -10 0 720 3 3 0 407 
48 10 -10 0 720 3 3 0 408 
49 10 -10 0 720 3 3 0 409 
50 -10 10 0 720 3 3 0 410 
51 -10 10 0 720 3 3 0 411 
52 -10 10 0 720 3 3 0 412 
53 -10 10 0 720 3 3 0 413 
54 -10 10 0 720 3 3 0 414 
55 -10 -10 0 720 3 3 0 415 
56 -10 -10 0 720 3 3 0 416 
57 -10 -10 0 720 3 3 0 417 
58 -10 -10 0 720 3 3 0 418 
59 -10 -10 0 720 3 3 0 419 
60 -20 10 0 720 0 0 1 420 
61 -18 10 0 720 0 0 1 421 
62 -16 10 0 720 0 0 1 422 
63 -14 10 0 720 0 0 1 423 
64 -12 10 0 720 0 0 1 424 
65 -10 10 0 720 0 0 1 425 
66 -8 10 0 720 0 0 1 426 
67 -6 10 0 720 0 0 1 427 
68 -4 10 0 720 0 0 1 428 
69 -2 10 0 720 0 0 1 429 
70 0 10 0 720 0 0 1 430 
71 2 10 0 720 0 0 1 431 
72 4 10 0 720 0 0 1 432 
73 6 10 0 720 0 0 1 433 
74 8 10 0 720 0 0 1 434 
75 10 10 0 720 0 0 1 435 
76 12 10 0 720 0 0 1 436 
77 14 10 0 720 0 0 1 437 
78 16 10 0 720 0 0 1 438 
79 18 10 0 720 0 0 1 439 
80 20 10 0 720 0 0 1 440 
81 -20 -10 0 720 0 0 1 441 
82 -18 -10 0 720 0 0 1 442 
83 -16 -10 0 720 0 0 1 443 
84 -14 -10 0 720 0 0 1 444 
85 -12 -10 0 720 0 0 1 445 
86 -10 -10 0 720 0 0 1 446 
87 -8 -10 0 720 0 0 1 447 
88 -6 -10 0 720 0 0 1 448 
89 -4 -10 0 720 0 0 1 449 
90 -2 -10 0 720 0 0 1 450 
91 0 -10 0 720 0 0 1 451 
92 2 -10 0 720 0 0 1 452 
93 4 -10 0 720 0 0 1 453 
94 6 -10 0 720 0 0 1 454 
95 8 -10 0 720 0 0 1 455 
96 10 -10 0 720 0 0 1 456 
97 12 -10 0 720 0 0 1 457 
98 14 -10 0 720 0 0 1 458 
99 16 -10 0 720 0 0 1 459 
100 18 -10 0 720 0 0 1 460 
101 20 -10 0 720 0 0 1 461 
102 -10 20 0 720 0 0 1 462 
103 -10 18 0 720 0 0 1 463 
104 -10 16 0 720 0 0 1 464 
105 -10 14 0 720 0 0 1 465 
106 -10 12 0 720 0 0 1 466 
107 -10 8 0 720 0 0 1 467 
108 -10 6 0 720 0 0 1 468 
109 -10 4 0 720 0 0 1 469 
110 -10 2 0 720 0 0 1 470 
111 -10 0 0 720 0 0 1 471 
112 -10 -2 0 720 0 0 1 472 
113 -10 -4 0 720 0 0 1 473 
114 -10 -6 0 720 0 0 1 474 
115 -10 -8 0 720 0 0 1 475 
116 -10 -12 0 720 0 0 1 476 
117 -10 -14 0 720 0 0 1 477 
118 -10 -16 0 720 0 0 1 478 
119 -10 -18 0 720 0 0 1 479 
120 -10 -20 0 720 0 0 1 480 
121 10 20 0 720 0 0 1 481 
122 10 18 0 720 0 0 1 482 
123 10 16 0 720 0 0 1 483 
124 10 14 0 720 0 0 1 484 
125 10 12 0 720 0 0 1 485 
126 10 8 0 720 0 0 1 486 
127 10 6 0 720 0 0 1 487 
128 10 4 0 720 0 0 1 488 
129 10 2 0 720 0 0 1 489 
130 10 0 0 720 0 0 1 490 
131 10 -2 0 720 0 0 1 491 
132 10 -4 0 720 0 0 1 492 
133 10 -6 0 720 0 0 1 493 
134 10 -8 0 720 0 0 1 494 
135 10 -12 0 720 0 0 1 495 
136 10 -14 0 720 0 0 1 496 
137 10 -16 0 720 0 0 1 497 
138 10 -18 0 720 0 0 1 498 
139 10 -20 0 720 0 0 1 499 
