20 20 80 
0 -8.158 -13.919 120 147 1 0 1 160 
1 11.083 6.195 135 154 0 1 3 40 
2 9.346 10.477 130 155 1 0 1 12 
3 -8.815 4.089 142 164 0 1 3 130 
4 9.949 12.263 139 164 1 0 1 32 
5 -4.927 6.703 139 164 1 0 1 116 
6 -10.701 -13.545 153 170 1 0 1 174 
7 -11.618 8.587 138 165 1 0 1 144 
8 10.591 -10.317 134 163 0 1 3 62 
9 15.227 -13.845 172 189 1 0 1 70 
10 11.996 11.373 147 179 1 0 1 30 
11 -12.85 -4.675 154 184 1 0 1 194 
12 -8.851 -7.507 165 193 1 0 1 176 
13 -8.107 -9.655 190 207 1 0 1 186 
14 10.421 -7.21 190 209 1 0 1 56 
15 -8.709 -12.945 179 209 1 0 1 150 
16 11.447 10.333 199 219 0 1 3 36 
17 7.1 -12.547 190 215 1 0 1 54 
18 -8.038 8.667 185 214 1 0 1 114 
19 -7.589 11.439 216 233 1 0 1 128 
20 9.435 1.329 155 170 -1 0 1 360 
21 8.305 11.663 145 160 0 -1 3 240 
22 -9.89 11.709 159 174 -1 0 1 212 
23 -17.898 11.542 160 175 0 -1 3 330 
24 -7.271 15.481 166 181 -1 0 1 232 
25 -10.043 -10.358 166 181 -1 0 1 316 
26 -8.202 -15.454 158 173 -1 0 1 374 
27 9.049 7.567 170 185 -1 0 1 344 
28 -9.772 7.442 175 190 0 -1 3 262 
29 15.679 -14.608 174 189 -1 0 1 270 
30 -13.395 -6.989 195 210 -1 0 1 230 
31 13.276 8.355 198 213 -1 0 1 394 
32 8.058 10.22 202 217 -1 0 1 376 
33 -10.404 -10.647 194 209 -1 0 1 386 
34 6.308 -11.652 200 215 -1 0 1 256 
35 7.02 10.861 222 237 -1 0 1 350 
36 4.624 7.138 211 226 0 -1 3 236 
37 -11.384 -11.628 218 233 -1 0 1 254 
38 9.238 -10.886 225 240 -1 0 1 314 
39 -7.723 13.524 220 235 -1 0 1 328 
40 10 10 0 720 3 3 0 400 
41 10 10 0 720 3 3 0 401 
42 10 10 0 720 3 3 0 402 
43 10 10 0 720 3 3 0 403 
44 10 10 0 720 3 3 0 404 
45 10 -10 0 720 3 3 0 405 
46 10 -10 0 720 3 3 0 406 
47 10 -10 0 720 3 3 0 407 
48 10 -10 0 720 3 3 0 408 
49 10 -10 0 720 3 3 0 409 
50 -10 10 0 720 3 3 0 410 
51 -10 10 0 720 3 3 0 411 
52 -10 10 0 720 3 3 0 412 
53 -10 10 0 720 3 3 0 413 
54 -10 10 0 720 3 3 0 414 
55 -10 -10 0 720 3 3 0 415 
56 -10 -10 0 720 3 3 0 416 
57 -10 -10 0 720 3 3 0 417 
58 -10 -10 0 720 3 3 0 418 
59 -10 -10 0 720 3 3 0 419 
60 -20 10 0 720 0 0 1 420 
61 -18 10 0 720 0 0 1 421 
62 -16 10 0 720 0 0 1 422 
63 -14 10 0 720 0 0 1 423 
64 -12 10 0 720 0 0 1 424 
65 -10 10 0 720 0 0 1 425 
66 -8 10 0 720 0 0 1 426 
67 -6 10 0 720 0 0 1 427 
68 -4 10 0 720 0 0 1 428 
69 -2 10 0 720 0 0 1 429 
70 0 10 0 720 0 0 1 430 
71 2 10 0 720 0 0 1 431 
72 4 10 0 720 0 0 1 432 
73 6 10 0 720 0 0 1 433 
74 8 10 0 720 0 0 1 434 
75 10 10 0 720 0 0 1 435 
76 12 10 0 720 0 0 1 436 
77 14 10 0 720 0 0 1 437 
78 16 10 0 720 0 0 1 438 
79 18 10 0 720 0 0 1 439 
80 20 10 0 720 0 0 1 440 
81 -20 -10 0 720 0 0 1 441 
82 -18 -10 0 720 0 0 1 442 
83 -16 -10 0 720 0 0 1 443 
84 -14 -10 0 720 0 0 1 444 
85 -12 -10 0 720 0 0 1 445 
86 -10 -10 0 720 0 0 1 446 
87 -8 -10 0 720 0 0 1 447 
88 -6 -10 0 720 0 0 1 448 
89 -4 -10 0 720 0 0 1 449 
90 -2 -10 0 720 0 0 1 450 
91 0 -10 0 720 0 0 1 451 
92 2 -10 0 720 0 0 1 452 
93 4 -10 0 720 0 0 1 453 
94 6 -10 0 720 0 0 1 454 
95 8 -10 0 720 0 0 1 455 
96 10 -10 0 720 0 0 1 456 
97 12 -10 0 720 0 0 1 457 
98 14 -10 0 720 0 0 1 458 
99 16 -10 0 720 0 0 1 459 
100 18 -10 0 720 0 0 1 460 
101 20 -10 0 720 0 0 1 461 
102 -10 20 0 720 0 0 1 462 
103 -10 18 0 720 0 0 1 463 
104 -10 16 0 720 0 0 1 464 
105 -10 14 0 720 0 0 1 465 
106 -10 12 0 720 0 0 1 466 
107 -10 8 0 720 0 0 1 467 
108 -10 6 0 720 0 0 1 468 
109 -10 4 0 720 0 0 1 469 
110 -10 2 0 720 0 0 1 470 
111 -10 0 0 720 0 0 1 471 
112 -10 -2 0 720 0 0 1 472 
113 -10 -4 0 720 0 0 1 473 
114 -10 -6 0 720 0 0 1 474 
115 -10 -8 0 720 0 0 1 475 
116 -10 -12 0 720 0 0 1 476 
117 -10 -14 0 720 0 0 1 477 
118 -10 -16 0 720 0 0 1 478 
119 -10 -18 0 720 0 0 1 479 
120 -10 -20 0 720 0 0 1 480 
121 10 20 0 720 0 0 1 481 
122 10 18 0 720 0 0 1 482 
123 10 16 0 720 0 0 1 483 
124 10 14 0 720 0 0 1 484 
125 10 12 0 720 0 0 1 485 
126 10 8 0 720 0 0 1 486 
127 10 6 0 720 0 0 1 487 
128 10 4 0 720 0 0 1 488 
129 10 2 0 720 0 0 1 489 
130 10 0 0 720 0 0 1 490 
131 10 -2 0 720 0 0 1 491 
132 10 -4 0 720 0 0 1 492 
133 10 -6 0 720 0 0 1 493 
134 10 -8 0 720 0 0 1 494 
135 10 -12 0 720 0 0 1 495 
136 10 -14 0 720 0 0 1 496 
137 10 -16 0 720 0 0 1 497 
138 10 -18 0 720 0 0 1 498 
139 10 -20 0 720 0 0 1 499 
