20 20 80
0 -4.187 13.458 40 68 1 0 1
1 12.443 12.947 32 65 1 0 1
2 -10.938 12.109 47 78 0 1 3
3 15.666 -15.424 46 79 1 0 1
4 8.346 6.472 66 91 1 0 1
5 11.086 -14.79 78 100 0 1 3
6 11.375 -10.713 64 94 1 0 1
7 6.796 11.358 97 115 0 1 3
8 -11.521 -10.176 105 122 1 0 1
9 4.996 -12.589 104 123 1 0 1
10 8.435 8.683 94 120 1 0 1
11 10.391 9.073 103 128 0 1 3
12 11.081 -12.668 120 138 0 1 3
13 4.421 13.315 118 138 1 0 1
14 -15.732 9.873 106 134 0 1 3
15 -6.608 10.004 117 139 1 0 1
16 12.014 7.809 124 142 1 0 1
17 9.564 -10.483 125 146 1 0 1
18 -8.972 -10.889 132 150 1 0 1
19 9.84 -13.676 122 148 1 0 1
20 4.904 -8.865 77 92 -1 0 1
21 -9.845 -13.443 84 99 -1 0 1
22 8.73 -10.345 92 107 0 -1 3
23 -10.144 8.385 99 114 -1 0 1
24 7.838 -12.743 95 110 -1 0 1
25 10.212 -2.947 96 111 0 -1 3
26 -10.919 6.409 107 122 -1 0 1
27 6.66 8.487 102 117 0 -1 3
28 -11.662 -12.22 109 124 -1 0 1
29 7.551 -7.605 113 128 -1 0 1
30 14.828 -10.714 125 140 -1 0 1
31 5.943 -7.742 130 145 0 -1 3
32 6.78 -11.392 127 142 0 -1 3
33 13.067 12.792 131 146 -1 0 1
34 7.172 10.889 141 156 0 -1 3
35 5.095 13.772 136 151 -1 0 1
36 8.059 8.681 131 146 -1 0 1
37 6.098 -1.692 140 155 -1 0 1
38 -4.529 -9.483 139 154 -1 0 1
39 5.027 6.257 153 168 -1 0 1
40 10  10   0 720  3 3 0
41 10  10   0 720  3 3 0
42 10  10   0 720  3 3 0
43 10  10   0 720  3 3 0
44 10  10   0 720  3 3 0
45 10 -10   0 720  3 3 0
46 10 -10   0 720  3 3 0
47 10 -10   0 720  3 3 0
48 10 -10   0 720  3 3 0
49 10 -10   0 720  3 3 0
50 -10 10   0 720  3 3 0
51 -10 10   0 720  3 3 0
52 -10 10   0 720  3 3 0
53 -10 10   0 720  3 3 0
54 -10 10   0 720  3 3 0
55 -10 -10  0 720  3 3 0
56 -10 -10  0 720  3 3 0
57 -10 -10  0 720  3 3 0
58 -10 -10  0 720  3 3 0
59 -10 -10  0 720  3 3 0
60  -20  10   0 720 0 0 1
61  -18  10   0 720 0 0 1
62  -16  10   0 720 0 0 1
63  -14  10   0 720 0 0 1
64  -12  10   0 720 0 0 1
65  -10  10   0 720 0 0 1
66  -8   10   0 720 0 0 1
67  -6   10   0 720 0 0 1
68  -4   10   0 720 0 0 1
69  -2   10   0 720 0 0 1
70   0   10   0 720 0 0 1
71   2   10   0 720 0 0 1
72   4   10   0 720 0 0 1
73   6   10   0 720 0 0 1
74   8   10   0 720 0 0 1
75  10   10   0 720 0 0 1
76  12   10   0 720 0 0 1
77  14   10   0 720 0 0 1
78  16   10   0 720 0 0 1
79  18   10   0 720 0 0 1
80  20   10   0 720 0 0 1
81  -20 -10   0 720 0 0 1
82  -18 -10   0 720 0 0 1
83  -16 -10   0 720 0 0 1
84  -14 -10   0 720 0 0 1
85  -12 -10   0 720 0 0 1
86  -10 -10   0 720 0 0 1
87  -8  -10   0 720 0 0 1
88  -6  -10   0 720 0 0 1
89  -4  -10   0 720 0 0 1
90  -2  -10   0 720 0 0 1
91   0  -10   0 720 0 0 1
92   2  -10   0 720 0 0 1
93   4  -10   0 720 0 0 1
94   6  -10   0 720 0 0 1
95   8  -10   0 720 0 0 1
96  10  -10   0 720 0 0 1
97  12  -10   0 720 0 0 1
98  14  -10   0 720 0 0 1
99  16  -10   0 720 0 0 1
100 18  -10   0 720 0 0 1
101 20  -10   0 720 0 0 1
102 -10  20   0 720 0 0 1
103 -10  18   0 720 0 0 1
104 -10  16   0 720 0 0 1
105 -10  14   0 720 0 0 1
106 -10  12   0 720 0 0 1
107 -10   8   0 720 0 0 1
108 -10   6   0 720 0 0 1
109 -10   4   0 720 0 0 1
110 -10   2   0 720 0 0 1
111 -10   0   0 720 0 0 1
112 -10  -2   0 720 0 0 1
113 -10  -4   0 720 0 0 1
114 -10  -6   0 720 0 0 1
115 -10  -8   0 720 0 0 1
116 -10 -12   0 720 0 0 1
117 -10 -14   0 720 0 0 1
118 -10 -16   0 720 0 0 1
119 -10 -18   0 720 0 0 1
120 -10 -20   0 720 0 0 1
121 10  20   0 720 0 0 1
122 10  18   0 720 0 0 1
123 10  16   0 720 0 0 1
124 10  14   0 720 0 0 1
125 10  12   0 720 0 0 1
126 10   8   0 720 0 0 1
127 10   6   0 720 0 0 1
128 10   4   0 720 0 0 1
129 10   2   0 720 0 0 1
130 10   0   0 720 0 0 1
131 10  -2   0 720 0 0 1
132 10  -4   0 720 0 0 1
133 10  -6   0 720 0 0 1
134 10  -8   0 720 0 0 1
135 10 -12   0 720 0 0 1
136 10 -14   0 720 0 0 1
137 10 -16   0 720 0 0 1
138 10 -18   0 720 0 0 1
139 10 -20   0 720 0 0 1
