Data DARP: datafile6.txt
Transfers: 1
Relative MRT: 1
MRT factor: 1.5
Speed factor PT : 1
PT interval: 10
Iterations: 25000
Iter without impr: 500
Max removal pct: 0.3
Max deterior pct: 0.04
Clustered removal: 0
IDARP adapted: 1
Without operator:  0
Terminals per node: 3
Priority non PT: 0
Priority PT: 0
Priority long: 0
Priority short: 0
Current iteration: 0
Total distance: 2961.86
Computation time: 0.263866
Average ride time: 19.7739
Pct PT users: 0.335
Users PT: 0 1 18 19 20 21 26 27 28 29 30 31 36 37 38 39 42 43 48 49 50 51 60 61 66 67 70 71 72 73 80 81 86 87 88 89 90 91 96 97 106 107 112 113 122 123 124 125 130 131 136 137 144 145 150 151 158 159 180 181 182 183 188 190 191 196 197 

- route 0: 400 (0 0 190.75) 4 (1 0 191.158) 204 (0 0 195) 798 (1 0 237.559) 358 (0 0 240.134) 44 (0 1 251.666) 20 (1 1 257.91) 460 (0 1 261) 244 (0 0 266.237) 726 (1 0 287.103) 286 (0 0 289.486) 683 (1 0 291.133) 243 (0 0 293.398) 18 (1 0 294.868) 458 (0 0 297) 59 (0 1 345.894) 700 (1 1 350.713) 260 (0 1 354.703) 259 (0 0 380.198) 33 (1 0 406) 233 (0 0 414.166) 89 (1 0 435.193) 2 (2 0 441.788) 202 (1 0 445.276) 529 (0 0 447) 47 (1 0 464) 247 (0 0 466.825) 689 (1 0 512.927) 249 (0 0 515.686) 659 (1 0 520.158) 219 (0 0 522.753) 667 (1 0 537.896) 227 (0 0 542.647) 11 (1 0 551.522) 211 (0 0 556.178) 677 (1 0 558.701) 237 (0 0 561.21) 15 (0 1 566.91) 215 (0 0 573.908) 669 (1 0 582.437) 229 (0 0 583.86) 113 (1 0 586.632) 553 (0 0 589) 3 (1 0 598) 203 (0 0 602.732) 671 (1 0 654.099) 231 (0 0 659.124) 420 (0 0 720) 

- route 1: 401 (0 0 136.592) 78 (1 0 153.79) 278 (0 0 161.44) 168 (0 1 177.062) 828 (1 1 185.155) 388 (0 1 187.512) 368 (0 0 209.79) 746 (1 0 216.186) 306 (0 0 218.548) 730 (1 0 221.599) 728 (2 0 222.599) 290 (1 0 225.078) 288 (0 0 229.841) 36 (1 0 241.521) 476 (0 0 245) 32 (1 0 296.223) 232 (0 0 302) 48 (1 0 316.972) 488 (0 0 318.99) 91 (1 0 323.467) 531 (0 0 325) 6 (1 0 338.854) 206 (0 0 348) 14 (0 1 392.002) 214 (0 0 399) 123 (1 0 414) 28 (2 0 419.578) 563 (1 0 421) 468 (0 0 429) 107 (1 0 436.638) 547 (0 0 439) 710 (1 0 440.013) 270 (0 0 443.246) 10 (1 0 445.344) 210 (0 0 450) 9 (0 1 464) 209 (0 0 469.523) 7 (1 0 545.731) 207 (0 0 554.877) 41 (1 0 559.859) 241 (0 0 563.394) 71 (1 0 565.767) 511 (0 0 569) 641 (1 0 571.325) 201 (0 0 573.188) 421 (0 0 720) 

- route 2: 402 (0 0 79.7367) 24 (0 1 86.0732) 224 (0 0 94) 68 (1 0 151.777) 268 (0 0 159) 58 (0 1 162.75) 682 (1 1 170.504) 242 (0 1 173.724) 258 (0 0 202.593) 8 (0 1 209.318) 208 (0 0 214) 26 (1 0 238.249) 466 (0 0 243) 127 (0 1 260.376) 784 (1 1 265.455) 344 (0 1 266.793) 327 (0 0 286.5) 75 (0 1 311) 16 (1 1 329.315) 216 (0 1 340.182) 275 (0 0 344.052) 13 (1 0 363) 5 (2 0 385.105) 205 (1 0 388.947) 213 (0 0 395.683) 169 (0 1 405) 159 (1 1 412.425) 599 (0 1 415) 369 (0 0 440.661) 145 (1 0 482) 585 (0 0 487) 87 (1 0 524.057) 527 (0 0 527) 661 (1 0 562.133) 221 (0 0 564.027) 422 (0 0 720) 

- route 3: 403 (0 0 241.952) 762 (1 0 241.952) 322 (0 0 244) 0 (1 0 267.137) 440 (0 0 269) 25 (0 1 339) 225 (0 0 349.39) 40 (1 0 367.922) 240 (0 0 371.457) 752 (1 0 373.918) 312 (0 0 376.286) 46 (1 0 381.783) 246 (0 0 384) 679 (1 0 394.819) 239 (0 0 396.251) 45 (0 1 418) 245 (0 0 432.571) 30 (1 0 447.975) 470 (0 0 453) 61 (1 0 533.01) 501 (0 0 537) 423 (0 0 720) 

- route 4: 404 (0 0 720) 424 (0 0 720) 

- route 5: 405 (0 0 90.2494) 62 (0 1 96.1753) 38 (1 1 121.568) 478 (0 1 123) 262 (0 0 130.234) 42 (1 0 146.735) 482 (0 0 149) 34 (1 0 154.503) 166 (1 1 177.541) 366 (1 0 186.803) 234 (0 0 193) 51 (1 0 213.424) 491 (0 0 215) 154 (0 1 245.038) 180 (1 1 250.08) 620 (0 1 252.684) 354 (0 0 257.272) 164 (1 0 266.696) 35 (2 0 276.641) 364 (1 0 282.114) 235 (0 0 305.505) 111 (0 1 325.128) 311 (0 0 337.385) 129 (0 1 348) 329 (0 0 354.963) 140 (1 0 373.088) 340 (0 0 377) 109 (1 0 429) 309 (0 0 432.122) 763 (1 0 444.701) 323 (0 0 447.858) 114 (0 1 450.067) 314 (0 0 481.347) 19 (1 0 489) 459 (0 0 497) 29 (1 0 552.222) 469 (0 0 553.413) 727 (1 0 554.413) 287 (0 0 556.097) 137 (1 0 565.759) 577 (0 0 569) 425 (0 0 720) 

- route 6: 406 (0 0 160.805) 74 (0 1 162.64) 274 (0 0 185.674) 156 (1 0 222.639) 356 (0 0 241) 86 (1 0 258.094) 526 (0 0 260.416) 72 (1 0 264.334) 512 (0 0 267) 43 (1 0 270.443) 483 (0 0 273) 63 (0 1 382) 263 (0 0 406.146) 70 (1 0 423.033) 510 (0 0 427) 56 (1 0 442.585) 256 (0 0 450.68) 668 (1 0 452.234) 228 (0 0 453.425) 157 (1 0 457) 357 (0 0 475.459) 85 (0 1 485.753) 285 (0 0 512.62) 175 (0 1 522.09) 21 (1 1 530.592) 461 (0 1 532.611) 830 (1 1 538.083) 390 (0 1 539.867) 375 (0 0 557.324) 711 (1 0 580.639) 271 (0 0 584.609) 131 (1 0 594.166) 571 (0 0 597) 191 (1 0 624.822) 631 (0 0 626.606) 707 (1 0 627.606) 267 (0 0 631.266) 115 (0 1 637) 721 (1 1 649.599) 281 (0 1 650.805) 315 (0 0 682.421) 426 (0 0 720) 

- route 7: 407 (0 0 93.9949) 50 (1 0 95.9441) 490 (0 0 97) 90 (1 0 187.761) 530 (0 0 191) 790 (1 0 221.802) 350 (0 0 223.677) 79 (1 0 232.569) 279 (0 0 240.219) 691 (1 0 244.277) 822 (2 0 245.277) 251 (1 0 246.333) 382 (0 0 248) 96 (1 0 288.732) 536 (0 0 290.996) 94 (1 0 293.108) 294 (0 0 296) 64 (0 1 314.322) 60 (1 1 322.341) 500 (0 1 325) 658 (1 1 326.456) 218 (0 1 328.621) 264 (0 0 335.865) 688 (1 0 349.658) 248 (0 0 351.906) 731 (1 0 359.539) 291 (0 0 360.784) 66 (1 0 376.951) 506 (0 0 381) 713 (1 0 389.413) 273 (0 0 392.879) 69 (1 0 397) 269 (0 0 407.335) 55 (1 0 418) 255 (0 0 424.409) 770 (1 0 446.28) 330 (0 0 449.115) 95 (1 0 458.536) 295 (0 0 461.428) 98 (0 1 467.303) 298 (0 0 491.509) 27 (1 0 499.634) 467 (0 0 501.927) 161 (1 0 515) 361 (0 0 521.689) 1 (1 0 527.721) 441 (0 0 531) 23 (1 0 538.512) 83 (2 0 560.451) 223 (1 0 572.973) 283 (0 0 586.786) 57 (1 0 593) 737 (2 0 596.481) 297 (1 0 599.19) 257 (0 0 604.641) 99 (0 1 643) 299 (0 0 677.81) 427 (0 0 720) 

- route 8: 408 (0 0 193.362) 88 (1 0 193.681) 528 (0 0 195) 54 (1 0 230.394) 254 (0 0 235) 174 (0 1 257.171) 820 (1 1 276.766) 380 (0 1 279.301) 660 (1 1 282.159) 220 (0 1 285.276) 76 (0 2 291.065) 374 (0 1 294.889) 276 (0 0 324) 52 (1 0 360.77) 252 (0 0 364) 151 (1 0 375) 591 (0 0 379) 776 (1 0 401.608) 336 (0 0 404.849) 183 (1 0 415) 623 (0 0 419) 729 (1 0 470.035) 289 (0 0 471.354) 65 (0 1 516) 53 (1 1 527.095) 253 (0 1 530.325) 265 (0 0 537.543) 701 (1 0 562.238) 261 (0 0 564.635) 93 (0 1 568) 293 (0 0 573.734) 428 (0 0 720) 

- route 9: 409 (0 0 398.611) 92 (0 1 400.178) 292 (0 0 405) 17 (1 0 559) 217 (0 0 574.8) 429 (0 0 720) 

- route 10: 410 (0 0 71.5205) 110 (0 1 77.7437) 310 (0 0 90) 836 (1 0 166.076) 396 (0 0 168.83) 146 (1 0 233.268) 144 (2 0 240.059) 584 (1 0 243) 764 (2 0 244.059) 324 (1 0 246) 346 (0 0 275.637) 104 (1 0 302.186) 304 (0 0 305) 103 (0 1 335) 119 (1 1 339.36) 319 (0 1 343.957) 303 (0 0 346.943) 125 (1 0 353.966) 565 (0 0 357) 136 (1 0 359.287) 576 (0 0 361) 105 (1 0 433) 305 (0 0 436.721) 785 (1 0 508.096) 345 (0 0 509.885) 777 (1 0 609.608) 337 (0 0 611.321) 771 (1 0 632.28) 331 (0 0 635.232) 430 (0 0 720) 

- route 11: 411 (0 0 78.1204) 116 (0 1 80.1309) 316 (0 0 94) 132 (0 1 169.773) 332 (0 0 179.069) 106 (1 0 185.078) 546 (0 0 187) 124 (1 0 228.632) 564 (0 0 233) 676 (1 0 272.292) 236 (0 0 273.852) 121 (0 1 320) 138 (1 1 343.599) 338 (0 1 348.211) 321 (0 0 354.589) 765 (1 0 368.875) 325 (0 0 373.244) 197 (1 0 382.246) 637 (0 0 385) 133 (0 1 447) 333 (0 0 459.444) 670 (1 0 472.099) 230 (0 0 474.66) 141 (1 0 489.124) 341 (0 0 493.037) 149 (1 0 497) 349 (0 0 502.222) 81 (1 0 603.778) 521 (0 0 607) 135 (1 0 609.932) 335 (0 0 613.073) 753 (1 0 615.635) 313 (0 0 616.975) 31 (1 0 632.439) 471 (0 0 635) 431 (0 0 720) 

- route 12: 412 (0 0 110.78) 128 (0 1 112.527) 328 (0 0 118.169) 102 (0 1 126.038) 302 (0 0 135) 678 (1 0 168.819) 238 (0 0 170.099) 182 (1 0 213.865) 622 (0 0 217) 186 (0 1 274.598) 386 (0 0 307) 117 (0 1 332.686) 148 (1 1 342.415) 348 (0 1 346.229) 317 (0 0 350.98) 720 (1 0 356.4) 280 (0 0 358.82) 134 (1 0 402.837) 334 (0 0 405.977) 130 (1 0 408.048) 570 (0 0 411) 747 (1 0 470.336) 307 (0 0 472.258) 37 (1 0 530) 477 (0 0 535) 139 (1 0 598) 339 (0 0 604.418) 432 (0 0 720) 

- route 13: 413 (0 0 275.111) 666 (1 0 275.111) 226 (0 0 279) 112 (1 0 345.943) 552 (0 0 349) 433 (0 0 720) 

- route 14: 414 (0 0 720) 434 (0 0 720) 

- route 15: 415 (0 0 104.411) 192 (0 1 111.676) 392 (0 0 122.003) 152 (1 0 127.113) 352 (0 0 133) 108 (1 0 187.585) 308 (0 0 190) 118 (1 0 195.858) 318 (0 0 200.455) 120 (0 1 205.589) 122 (1 1 213.844) 562 (0 1 217) 320 (0 0 238.844) 176 (1 0 244.979) 376 (0 0 248.445) 22 (1 0 274.976) 222 (0 0 300) 82 (1 0 318.567) 282 (0 0 338.459) 100 (0 1 350.428) 300 (0 0 368) 706 (1 0 396.232) 266 (0 0 397.651) 77 (0 1 405) 162 (0 2 413.094) 362 (0 1 419) 277 (0 0 446.348) 49 (1 0 480.752) 489 (0 0 483) 181 (1 0 531.73) 621 (0 0 534.265) 101 (0 1 549.039) 301 (0 0 566.611) 171 (0 1 575) 67 (1 1 610.566) 507 (0 1 611.985) 371 (0 0 619.507) 195 (1 0 637) 395 (0 0 650.08) 435 (0 0 720) 

- route 16: 416 (0 0 121.232) 690 (1 0 123.232) 250 (0 0 126) 196 (1 0 134.242) 636 (0 0 139) 188 (1 0 171.147) 628 (0 0 175) 184 (0 1 193.595) 158 (1 1 198.184) 598 (0 1 201) 384 (0 0 237) 712 (1 0 290.37) 272 (0 0 292.487) 189 (1 0 306.271) 389 (0 0 317.514) 167 (0 1 321) 367 (0 0 332.668) 155 (0 1 341.392) 39 (1 1 347.72) 479 (0 1 349) 355 (0 0 353.936) 153 (1 0 380) 353 (0 0 388.33) 165 (1 0 391.336) 365 (0 0 401.994) 837 (1 0 412.076) 397 (0 0 416.835) 177 (1 0 485) 377 (0 0 489.698) 190 (1 0 513.54) 630 (0 0 517) 821 (1 0 558.348) 381 (0 0 560.951) 831 (1 0 649.162) 391 (0 0 652.622) 436 (0 0 720) 

- route 17: 417 (0 0 71.4325) 142 (1 0 87.0961) 342 (0 0 99) 143 (1 0 275.477) 343 (0 0 287.38) 80 (1 0 311.794) 520 (0 0 313) 147 (1 0 368) 347 (0 0 400.566) 187 (0 1 409.403) 387 (0 0 441.805) 170 (0 1 456.329) 370 (0 0 487) 179 (0 1 522) 173 (1 1 532.495) 379 (1 0 539.047) 373 (0 0 544.681) 163 (0 1 583) 363 (0 0 590.359) 437 (0 0 720) 

- route 18: 418 (0 0 41.5074) 126 (0 1 55.3629) 12 (1 1 82.8881) 326 (1 0 89.3694) 212 (0 0 110) 84 (0 1 231.832) 178 (0 2 255.528) 284 (0 1 265) 378 (0 0 272.575) 640 (1 0 309.325) 200 (0 0 312.604) 172 (1 0 337.542) 372 (0 0 346) 73 (1 0 366.883) 513 (0 0 369) 198 (1 0 387.873) 398 (0 0 390) 194 (1 0 401.166) 791 (2 0 402.572) 351 (1 0 405.134) 394 (0 0 414.246) 799 (1 0 451.559) 359 (0 0 454.375) 199 (1 0 632) 399 (0 0 634.69) 438 (0 0 720) 

- route 19: 419 (0 0 193.086) 150 (1 0 193.543) 590 (0 0 195) 736 (1 0 324.681) 296 (0 0 328) 160 (1 0 353.431) 360 (0 0 358.224) 193 (0 1 364) 393 (0 0 377.991) 823 (1 0 445.978) 383 (0 0 449.113) 185 (0 1 478) 385 (0 0 527.198) 97 (1 0 565.681) 537 (0 0 569) 439 (0 0 720) 


Data DARP: datafile6.txt
Transfers: 1
Relative MRT: 1
MRT factor: 1.5
Speed factor PT : 1
PT interval: 10
Iterations: 25000
Iter without impr: 500
Max removal pct: 0.3
Max deterior pct: 0.04
Clustered removal: 0
IDARP adapted: 1
Without operator:  0
Terminals per node: 3
Priority non PT: 0
Priority PT: 0
Priority long: 0
Priority short: 0
Current iteration: 5000
Total distance: 2101.81
Computation time: 1201.5
Average ride time: 20.3616
Pct PT users: 0.33
Users PT: 0 1 18 19 20 21 26 27 28 29 30 31 36 37 38 39 42 43 48 49 50 51 60 61 66 67 70 71 72 73 80 81 86 87 88 89 90 96 97 106 107 112 113 122 123 124 125 130 131 136 137 144 145 150 151 158 159 180 182 183 188 189 190 191 196 197 

- route 0: 400 (0 0 63.4326) 110 (0 1 77.7437) 310 (0 0 90) 836 (1 0 166.076) 396 (0 0 168.83) 146 (1 0 227.585) 764 (2 0 234.875) 324 (1 0 237.909) 72 (2 0 264.334) 512 (1 0 267) 346 (0 0 274.689) 80 (1 0 305.794) 520 (0 0 307) 66 (1 0 376.951) 506 (0 0 381) 713 (1 0 393.463) 273 (0 0 396.93) 70 (1 0 421.03) 510 (0 0 425) 2 (1 0 443.002) 202 (0 0 446.49) 107 (1 0 448) 547 (0 0 455) 659 (1 0 510.779) 689 (2 0 511.779) 87 (3 0 513.427) 527 (2 0 515.074) 249 (1 0 517.092) 219 (0 0 520.588) 3 (1 0 598) 203 (0 0 602.732) 420 (0 0 720) 

- route 1: 401 (0 0 80.5326) 12 (1 0 85.8906) 212 (0 0 110) 68 (1 0 151.777) 268 (0 0 159) 90 (1 0 187.761) 530 (0 0 191) 822 (1 0 244.532) 691 (2 0 245.532) 382 (1 0 247.922) 251 (0 0 252.902) 94 (1 0 282.579) 294 (0 0 285.471) 96 (1 0 289.124) 536 (0 0 293) 64 (0 1 318.322) 60 (1 1 326.341) 500 (0 1 329) 658 (1 1 331.17) 218 (0 1 333.335) 264 (0 0 339.865) 13 (1 0 362.847) 14 (1 1 377.076) 214 (1 0 384.074) 213 (0 0 393.14) 679 (1 0 397.559) 239 (0 0 400.251) 667 (1 0 546.061) 227 (0 0 550.812) 7 (1 0 555) 207 (0 0 566.382) 641 (1 0 571.325) 201 (0 0 573.188) 421 (0 0 720) 

- route 2: 402 (0 0 153.378) 42 (1 0 154.642) 482 (0 0 157) 36 (1 0 232.964) 476 (0 0 235.473) 728 (1 0 236.473) 288 (0 0 239.841) 46 (1 0 381.783) 246 (0 0 384) 47 (1 0 456.723) 247 (0 0 458.94) 9 (0 1 464) 209 (0 0 469.523) 145 (1 0 482) 585 (0 0 487) 15 (0 1 554.582) 215 (0 0 561.58) 661 (1 0 568.048) 221 (0 0 571.139) 41 (1 0 573) 241 (0 0 577.803) 113 (1 0 586.632) 553 (0 0 589) 422 (0 0 720) 

- route 3: 403 (0 0 190.75) 4 (1 0 191.158) 204 (0 0 195) 762 (1 0 228.39) 322 (0 0 231.606) 798 (1 0 237.559) 358 (0 0 240.134) 45 (0 1 407.716) 123 (1 1 414) 563 (0 1 417.581) 245 (0 0 422.288) 30 (1 0 447.975) 470 (0 0 453) 61 (1 0 539) 501 (0 0 547) 669 (1 0 572.597) 229 (0 0 574.019) 671 (1 0 654.099) 231 (0 0 659.124) 423 (0 0 720) 

- route 4: 404 (0 0 151.728) 34 (1 0 154.503) 166 (1 1 177.541) 366 (1 0 186.803) 234 (0 0 193) 158 (1 0 198.184) 598 (0 0 201) 150 (1 0 203.543) 590 (0 0 205) 180 (1 0 250.874) 620 (0 0 253.395) 176 (1 0 254.939) 376 (0 0 258.404) 154 (0 1 261.338) 35 (1 1 267.894) 354 (1 0 272) 235 (0 0 308.87) 25 (0 1 339) 225 (0 0 349.39) 5 (1 0 398) 33 (2 0 400.163) 205 (1 0 403.263) 233 (0 0 408.329) 89 (1 0 433.632) 529 (0 0 437) 710 (1 0 438.806) 270 (0 0 441.243) 10 (1 0 445.344) 210 (0 0 450) 11 (1 0 546.86) 677 (2 0 549.998) 211 (1 0 552.52) 237 (0 0 553.771) 71 (1 0 565.767) 511 (0 0 569) 424 (0 0 720) 

- route 5: 405 (0 0 88.0505) 50 (1 0 89.9997) 490 (0 0 91.0556) 62 (0 1 96.1753) 38 (1 1 121.568) 478 (0 1 123) 262 (0 0 130.234) 26 (1 0 238.249) 466 (0 0 243) 63 (0 1 382) 263 (0 0 408.425) 183 (1 0 415) 623 (0 0 423) 56 (1 0 451.906) 256 (0 0 460) 729 (1 0 467.699) 289 (0 0 469.018) 95 (1 0 471) 295 (0 0 474.838) 49 (1 0 482.158) 489 (0 0 484.406) 19 (1 0 486.835) 459 (0 0 489) 425 (0 0 720) 

- route 6: 406 (0 0 154.382) 78 (1 0 158.35) 278 (0 0 166) 79 (1 0 247) 279 (0 0 257.335) 43 (1 0 259.59) 483 (0 0 263.404) 784 (1 0 274.404) 344 (0 0 277.096) 169 (0 1 405) 159 (1 1 413.709) 599 (0 1 417) 369 (0 0 440.661) 823 (1 0 450.467) 383 (0 0 454.333) 85 (0 1 481.652) 65 (0 2 501.032) 285 (0 1 511.589) 265 (0 0 519.637) 53 (1 0 530) 253 (0 0 534.345) 93 (0 1 560.333) 293 (0 0 565.156) 701 (1 0 568.888) 261 (0 0 571.361) 426 (0 0 720) 

- route 7: 407 (0 0 163.985) 58 (0 1 166.767) 74 (0 2 172.527) 682 (1 2 178.411) 242 (0 2 181.631) 274 (0 1 200) 258 (0 0 206.609) 730 (1 0 222.599) 290 (0 0 225.078) 32 (1 0 296.223) 232 (0 0 302) 48 (1 0 314.24) 488 (0 0 317) 91 (1 0 324) 6 (2 0 330.638) 59 (2 1 333.953) 206 (1 1 342.891) 291 (0 1 361.317) 259 (0 0 373.796) 776 (1 0 403.016) 336 (0 0 404.849) 668 (1 0 452.234) 228 (0 0 453.425) 157 (1 0 457) 357 (0 0 484.041) 1 (1 0 527.721) 441 (0 0 531) 23 (1 0 540.861) 17 (2 0 559) 217 (1 0 573.163) 223 (0 0 577.067) 711 (1 0 582.01) 271 (0 0 585.98) 721 (1 0 649.599) 281 (0 0 650.805) 427 (0 0 720) 

- route 8: 408 (0 0 203.362) 88 (1 0 203.681) 528 (0 0 205) 84 (0 1 227.351) 790 (1 1 231.802) 350 (0 1 233.677) 178 (0 2 255.528) 284 (0 1 265) 378 (0 0 272.575) 121 (0 1 311.453) 321 (0 0 335.512) 148 (1 0 341.4) 348 (0 0 345.214) 129 (0 1 348) 329 (0 0 354.963) 130 (1 0 408.048) 570 (0 0 411) 763 (1 0 445.013) 323 (0 0 448.169) 114 (0 1 464.72) 314 (0 0 496) 21 (1 0 537.703) 29 (2 0 539.809) 461 (1 0 541) 469 (0 0 542.783) 727 (1 0 543.783) 287 (0 0 545.467) 137 (1 0 565.168) 577 (0 0 567) 57 (1 0 593) 737 (2 0 596.481) 297 (1 0 599.19) 257 (0 0 604.641) 428 (0 0 720) 

- route 9: 409 (0 0 253.994) 86 (1 0 255.316) 526 (0 0 257) 688 (1 0 346.927) 248 (0 0 349.174) 52 (1 0 360.77) 252 (0 0 364) 151 (1 0 375) 591 (0 0 377) 92 (0 1 387.685) 292 (0 0 392.508) 69 (1 0 397) 269 (0 0 407.335) 55 (1 0 418) 255 (0 0 424.409) 770 (1 0 446.28) 330 (0 0 449.115) 98 (0 1 472.793) 298 (0 0 497) 99 (0 1 643) 299 (0 0 677.81) 429 (0 0 720) 

- route 10: 410 (0 0 78.1204) 116 (0 1 80.1309) 316 (0 0 94) 117 (0 1 329.043) 138 (1 1 338.627) 338 (0 1 343.238) 317 (0 0 345.624) 720 (1 0 349.599) 280 (0 0 352.82) 197 (1 0 382.246) 637 (0 0 385) 133 (0 1 447) 333 (0 0 459.444) 83 (1 0 569) 283 (0 0 591.395) 131 (1 0 594.166) 571 (0 0 597) 191 (1 0 623.216) 631 (0 0 625) 707 (1 0 628.621) 267 (0 0 632.282) 115 (0 1 637) 315 (0 0 682.421) 430 (0 0 720) 

- route 11: 411 (0 0 118.611) 128 (0 1 120.358) 328 (0 0 126) 108 (1 0 174.028) 308 (0 0 176.443) 132 (0 1 182.704) 332 (0 0 192) 144 (1 0 249.21) 584 (0 0 251) 676 (1 0 261.916) 236 (0 0 265.294) 103 (0 1 331.388) 119 (1 1 335.51) 319 (0 1 340.107) 303 (0 0 343.093) 112 (1 0 349.66) 552 (0 0 351) 670 (1 0 472.099) 230 (0 0 474.66) 27 (1 0 508) 467 (0 0 515) 753 (1 0 615.635) 313 (0 0 616.975) 771 (1 0 632.28) 331 (0 0 635.232) 431 (0 0 720) 

- route 12: 412 (0 0 60.1584) 126 (0 1 66.5907) 24 (0 2 82.7339) 224 (0 1 90.6607) 326 (0 0 97) 8 (0 1 209.318) 208 (0 0 214) 746 (1 0 223.186) 306 (0 0 225) 0 (1 0 257.137) 440 (0 0 259) 20 (1 0 266.831) 460 (0 0 269) 683 (1 0 281.069) 726 (2 0 282.069) 286 (1 0 283.716) 243 (0 0 286.578) 18 (1 0 304.868) 458 (0 0 307) 75 (0 1 311) 16 (1 1 329.315) 216 (0 1 340.182) 275 (0 0 344.052) 147 (1 0 368) 134 (2 0 406.511) 334 (1 0 409.651) 347 (0 0 415.104) 747 (1 0 480.528) 307 (0 0 483.62) 149 (1 0 497) 349 (0 0 502.222) 37 (1 0 521.44) 477 (0 0 523) 139 (1 0 594.225) 339 (0 0 598.837) 81 (1 0 603.778) 521 (0 0 607) 135 (1 0 611) 335 (0 0 615.21) 432 (0 0 720) 

- route 13: 413 (0 0 122.596) 102 (0 1 126.038) 302 (0 0 135) 106 (1 0 193.231) 546 (0 0 195.153) 122 (1 0 197.957) 118 (2 0 202.479) 562 (1 0 206.832) 318 (0 0 208.27) 120 (0 1 213.404) 124 (1 1 218.632) 564 (0 1 223) 320 (0 0 244) 640 (1 0 299.325) 200 (0 0 302.604) 829 (1 0 324.627) 389 (0 0 327.008) 172 (1 0 331.074) 372 (0 0 339.532) 155 (0 1 345.392) 39 (1 1 351.72) 479 (0 1 353) 355 (0 0 357.936) 77 (0 1 405) 162 (0 2 413.094) 362 (0 1 419) 277 (0 0 446.348) 175 (0 1 522.49) 181 (1 1 533) 830 (2 1 536.998) 390 (1 1 538.782) 101 (1 2 553.274) 381 (0 2 560.05) 375 (0 1 563.66) 301 (0 0 578.132) 31 (1 0 632.439) 471 (0 0 635) 433 (0 0 720) 

- route 14: 414 (0 0 82.693) 142 (1 0 87.0961) 342 (0 0 99) 143 (1 0 265.334) 666 (2 0 276.707) 226 (1 0 279) 343 (0 0 282.69) 104 (1 0 302.186) 304 (0 0 305) 111 (0 1 336.344) 311 (0 0 348.601) 125 (1 0 353.966) 565 (0 0 357) 136 (1 0 359.287) 576 (0 0 361) 140 (1 0 373.088) 340 (0 0 377) 109 (1 0 426.544) 309 (0 0 428.959) 105 (1 0 433) 305 (0 0 436.721) 785 (1 0 508.096) 345 (0 0 509.885) 777 (1 0 609.016) 337 (0 0 610.73) 434 (0 0 720) 

- route 15: 415 (0 0 125.304) 152 (1 0 127.113) 352 (0 0 133) 828 (1 0 194.627) 388 (0 0 196.984) 174 (0 1 256.663) 820 (1 1 276.258) 380 (0 1 278.793) 374 (0 0 287.302) 76 (0 1 291.127) 660 (1 1 297.981) 220 (0 1 300) 736 (1 1 320.775) 276 (1 0 323.855) 296 (0 0 328) 837 (1 0 412.076) 397 (0 0 416.835) 177 (1 0 485) 377 (0 0 489.698) 190 (1 0 512.298) 630 (0 0 515) 831 (1 0 648.314) 391 (0 0 651.016) 435 (0 0 720) 

- route 16: 416 (0 0 166.819) 678 (1 0 168.819) 238 (0 0 170.099) 182 (1 0 208.589) 622 (0 0 211.847) 51 (1 0 213.424) 491 (0 0 215) 186 (0 1 266.974) 164 (1 1 276.11) 364 (0 1 286.767) 386 (0 0 307) 765 (1 0 368.875) 325 (0 0 373.244) 187 (0 1 422) 799 (1 1 453.177) 359 (0 1 455.659) 387 (0 0 469.102) 179 (0 1 522) 173 (1 1 532.495) 379 (1 0 539.047) 373 (0 0 544.681) 199 (1 0 632) 399 (0 0 634.69) 436 (0 0 720) 

- route 17: 417 (0 0 107.408) 192 (0 1 114.673) 392 (0 0 125) 188 (1 0 180.619) 628 (0 0 183) 156 (1 0 208.473) 356 (0 0 226.833) 54 (1 0 230.394) 254 (0 0 235) 82 (1 0 330.465) 282 (0 0 350.356) 700 (1 0 355.77) 260 (0 0 358.703) 40 (1 0 371.464) 240 (0 0 375) 752 (1 0 377.638) 312 (0 0 380.003) 28 (1 0 425.578) 468 (0 0 427) 185 (0 1 478) 161 (1 1 515) 361 (0 1 521.689) 385 (0 0 527.198) 97 (1 0 565.681) 537 (0 0 569) 437 (0 0 720) 

- route 18: 418 (0 0 121.232) 690 (1 0 123.232) 250 (0 0 126) 196 (1 0 134.242) 636 (0 0 139) 184 (0 1 178.14) 168 (0 2 188.226) 368 (0 1 213) 384 (0 0 227.339) 44 (0 1 244.828) 127 (0 2 254.16) 244 (0 1 258.761) 22 (1 1 265.023) 327 (1 0 285.697) 222 (0 0 300) 189 (1 0 310.643) 629 (0 0 313) 100 (0 1 343.352) 300 (0 0 360.924) 160 (1 0 366.207) 360 (0 0 371) 153 (1 0 380) 353 (0 0 388.33) 165 (1 0 392.56) 706 (2 0 396.232) 266 (1 0 397.651) 365 (0 0 408.047) 170 (0 1 453.77) 141 (1 1 480.57) 341 (0 1 484.482) 370 (0 0 487) 171 (0 1 560.145) 163 (0 2 583) 363 (0 1 589.784) 371 (0 0 601.775) 67 (1 0 611.581) 507 (0 0 613) 438 (0 0 720) 

- route 19: 419 (0 0 290.37) 712 (1 0 290.37) 272 (0 0 292.487) 167 (0 1 321) 367 (0 0 333.393) 193 (0 1 364) 73 (1 1 368.777) 513 (0 1 371) 393 (0 0 377.991) 198 (1 0 387.873) 398 (0 0 390) 194 (1 0 400.753) 791 (2 0 403.677) 351 (1 0 405.134) 394 (0 0 413.833) 195 (1 0 637) 395 (0 0 650.08) 439 (0 0 720) 


Data DARP: datafile6.txt
Transfers: 1
Relative MRT: 1
MRT factor: 1.5
Speed factor PT : 1
PT interval: 10
Iterations: 25000
Iter without impr: 500
Max removal pct: 0.3
Max deterior pct: 0.04
Clustered removal: 0
IDARP adapted: 1
Without operator:  0
Terminals per node: 3
Priority non PT: 0
Priority PT: 0
Priority long: 0
Priority short: 0
Current iteration: 10000
Total distance: 2079.66
Computation time: 2328.44
Average ride time: 20.3758
Pct PT users: 0.325
Users PT: 0 1 18 19 20 21 26 27 28 29 30 31 36 37 38 39 42 43 48 49 50 51 60 61 66 70 71 72 73 80 81 86 87 88 89 90 96 97 106 107 112 113 122 123 124 125 130 131 136 137 144 145 150 151 158 159 180 182 183 188 189 190 191 196 197 

- route 0: 400 (0 0 151.728) 34 (1 0 154.503) 166 (1 1 177.541) 366 (1 0 186.803) 234 (0 0 193) 158 (1 0 199.912) 150 (2 0 202.543) 590 (1 0 204) 598 (0 0 205) 712 (1 0 293.569) 272 (0 0 295.687) 640 (1 0 299.325) 200 (0 0 302.604) 167 (0 1 321) 367 (0 0 333.393) 13 (1 0 362.847) 14 (1 1 377.076) 214 (1 0 384.074) 213 (0 0 393.14) 679 (1 0 397.559) 239 (0 0 400.251) 667 (1 0 546.061) 227 (0 0 550.812) 7 (1 0 555) 207 (0 0 564.85) 41 (1 0 569.832) 241 (0 0 573.368) 113 (1 0 576.632) 553 (0 0 579) 641 (1 0 580.604) 201 (0 0 582.467) 420 (0 0 720) 

- route 1: 401 (0 0 80.5326) 12 (1 0 85.8906) 212 (0 0 110) 68 (1 0 151.777) 268 (0 0 159) 58 (0 1 166.767) 74 (0 2 172.527) 682 (1 2 178.411) 242 (0 2 181.631) 274 (0 1 200) 258 (0 0 206.609) 36 (1 0 232.964) 476 (0 0 235.473) 728 (1 0 236.473) 288 (0 0 239.841) 46 (1 0 381.783) 246 (0 0 384) 47 (1 0 456.723) 247 (0 0 458.94) 9 (0 1 464) 209 (0 0 469.523) 145 (1 0 482) 585 (0 0 487) 87 (1 0 517.353) 527 (0 0 519) 689 (1 0 522.916) 249 (0 0 524.934) 61 (1 0 539) 501 (0 0 547) 661 (1 0 572.954) 669 (2 0 573.954) 221 (1 0 575.847) 229 (0 0 578.728) 671 (1 0 654.099) 231 (0 0 659.124) 421 (0 0 720) 

- route 2: 402 (0 0 63.4326) 110 (0 1 77.7437) 310 (0 0 90) 836 (1 0 166.076) 396 (0 0 168.83) 146 (1 0 232.419) 144 (2 0 239.21) 584 (1 0 241) 764 (2 0 242.966) 324 (1 0 246) 346 (0 0 279.524) 82 (1 0 330.465) 282 (0 0 350.356) 700 (1 0 355.77) 260 (0 0 358.703) 40 (1 0 368.541) 240 (0 0 372.076) 752 (1 0 373.919) 312 (0 0 376.284) 28 (1 0 425.578) 468 (0 0 427) 185 (0 1 478) 161 (1 1 512.316) 361 (0 1 517.109) 385 (0 0 522.116) 23 (1 0 530.683) 17 (2 0 548.821) 217 (1 0 559.688) 223 (0 0 563.592) 15 (0 1 569) 215 (0 0 577.998) 422 (0 0 720) 

- route 3: 403 (0 0 190.75) 4 (1 0 191.158) 204 (0 0 195) 762 (1 0 240.784) 322 (0 0 244) 784 (1 0 265.757) 344 (0 0 267.096) 25 (0 1 339) 225 (0 0 349.39) 5 (1 0 398) 33 (2 0 400.163) 205 (1 0 403.263) 233 (0 0 408.329) 89 (1 0 433.632) 529 (0 0 437) 710 (1 0 438.806) 270 (0 0 441.243) 10 (1 0 445.344) 210 (0 0 450) 11 (1 0 546.86) 677 (2 0 549.998) 211 (1 0 552.52) 237 (0 0 553.771) 71 (1 0 555.767) 511 (0 0 559) 423 (0 0 720) 

- route 4: 404 (0 0 153.378) 42 (1 0 154.642) 482 (0 0 157) 730 (1 0 222.599) 290 (0 0 225.078) 32 (1 0 296.223) 232 (0 0 302) 48 (1 0 314.24) 488 (0 0 317) 91 (1 0 324) 6 (2 0 330.638) 59 (2 1 333.953) 206 (1 1 342.891) 291 (0 1 361.317) 259 (0 0 370.996) 66 (1 0 376.951) 506 (0 0 381) 713 (1 0 393.463) 273 (0 0 396.93) 70 (1 0 421.03) 510 (0 0 425) 2 (1 0 443.002) 202 (0 0 446.49) 107 (1 0 448) 547 (0 0 453) 659 (1 0 520.621) 219 (0 0 522.753) 3 (1 0 598) 203 (0 0 602.732) 424 (0 0 720) 

- route 5: 405 (0 0 203.362) 88 (1 0 203.681) 528 (0 0 205) 86 (1 0 256.678) 526 (0 0 259) 52 (1 0 360.77) 252 (0 0 364) 151 (1 0 375) 591 (0 0 377) 92 (0 1 387.685) 292 (0 0 392.508) 69 (1 0 397) 269 (0 0 407.335) 55 (1 0 418) 255 (0 0 424.409) 770 (1 0 446.28) 330 (0 0 449.115) 98 (0 1 472.793) 298 (0 0 497) 99 (0 1 643) 299 (0 0 677.81) 425 (0 0 720) 

- route 6: 406 (0 0 89.9997) 50 (1 0 91.9489) 490 (0 0 95) 90 (1 0 187.761) 530 (0 0 191) 822 (1 0 244.532) 691 (2 0 245.532) 382 (1 0 247.922) 251 (0 0 252.902) 94 (1 0 282.579) 294 (0 0 285.471) 96 (1 0 289.124) 536 (0 0 293) 64 (0 1 318.322) 60 (1 1 326.341) 500 (0 1 329) 658 (1 1 331.17) 218 (0 1 333.335) 264 (0 0 339.865) 65 (0 1 516) 53 (1 1 527.095) 253 (0 1 530.325) 265 (0 0 537.543) 137 (1 0 565.168) 577 (0 0 567) 57 (1 0 593) 737 (2 0 596.481) 297 (1 0 599.19) 257 (0 0 604.641) 426 (0 0 720) 

- route 7: 407 (0 0 90.2494) 62 (0 1 96.1753) 38 (1 1 121.568) 478 (0 1 123) 262 (0 0 130.234) 26 (1 0 238.249) 466 (0 0 243) 63 (0 1 381.106) 263 (0 0 404.811) 183 (1 0 411.386) 623 (0 0 413) 56 (1 0 451.303) 256 (0 0 459.397) 95 (1 0 461.974) 295 (0 0 464.866) 729 (1 0 466.811) 289 (0 0 469.792) 19 (1 0 489) 459 (0 0 495) 427 (0 0 720) 

- route 8: 408 (0 0 154.382) 78 (1 0 158.35) 278 (0 0 166) 798 (1 0 238.571) 358 (0 0 241.863) 45 (0 1 407.716) 123 (1 1 414) 563 (0 1 417.581) 245 (0 0 422.288) 30 (1 0 449.708) 470 (0 0 455) 83 (1 0 557.938) 711 (2 0 572.01) 271 (1 0 575.98) 283 (0 0 587.275) 131 (1 0 594.166) 571 (0 0 597) 721 (1 0 647.622) 281 (0 0 650.805) 428 (0 0 720) 

- route 9: 409 (0 0 224.716) 84 (0 1 226.351) 790 (1 1 230.802) 350 (0 1 232.677) 178 (0 2 255.528) 284 (0 1 265) 378 (0 0 272.575) 829 (1 0 325.509) 389 (0 0 327.89) 172 (1 0 331.074) 372 (0 0 339.532) 155 (0 1 345.392) 39 (1 1 351.72) 479 (0 1 353) 355 (0 0 357.936) 153 (1 0 380) 353 (0 0 388.33) 77 (0 1 405) 162 (0 2 413.094) 362 (0 1 419) 277 (0 0 446.348) 49 (1 0 490) 489 (0 0 497) 21 (1 0 542.412) 29 (2 0 544.518) 469 (1 0 545.708) 461 (0 0 546.708) 727 (1 0 547.708) 287 (0 0 549.392) 93 (0 1 560.333) 293 (0 0 565.156) 701 (1 0 568.888) 261 (0 0 571.361) 429 (0 0 720) 

- route 10: 410 (0 0 78.1204) 116 (0 1 80.1309) 316 (0 0 94) 124 (1 0 227.124) 564 (0 0 231) 117 (0 1 329.043) 138 (1 1 338.627) 338 (0 1 343.238) 317 (0 0 345.624) 720 (1 0 349.599) 280 (0 0 352.82) 197 (1 0 382.246) 637 (0 0 385) 105 (1 0 433) 305 (0 0 436.721) 747 (1 0 480.528) 307 (0 0 483.62) 149 (1 0 497) 349 (0 0 502.222) 37 (1 0 521.44) 477 (0 0 523) 139 (1 0 594.225) 339 (0 0 598.837) 81 (1 0 603.778) 521 (0 0 607) 135 (1 0 611) 335 (0 0 615.21) 430 (0 0 720) 

- route 11: 411 (0 0 118.611) 128 (0 1 120.358) 328 (0 0 126) 108 (1 0 174.028) 308 (0 0 176.443) 132 (0 1 182.704) 332 (0 0 192) 118 (1 0 204.321) 318 (0 0 208.918) 122 (1 0 211.418) 562 (0 0 215) 120 (0 1 219.941) 320 (0 0 244) 121 (0 1 305.607) 189 (1 1 311.86) 629 (0 1 315) 321 (0 0 335.512) 148 (1 0 341.4) 348 (0 0 345.214) 129 (0 1 348) 329 (0 0 354.963) 130 (1 0 408.048) 570 (0 0 411) 763 (1 0 445.013) 323 (0 0 448.169) 114 (0 1 452.731) 85 (0 2 473.332) 314 (0 1 496) 285 (0 0 512.131) 175 (0 1 522.49) 181 (1 1 533) 830 (2 1 536.998) 390 (1 1 538.782) 101 (1 2 553.274) 381 (0 2 560.05) 375 (0 1 563.66) 301 (0 0 578.132) 31 (1 0 632.439) 471 (0 0 635) 431 (0 0 720) 

- route 12: 412 (0 0 82.693) 142 (1 0 87.0961) 342 (0 0 99) 143 (1 0 265.334) 666 (2 0 276.707) 226 (1 0 279) 343 (0 0 282.69) 104 (1 0 302.186) 304 (0 0 305) 111 (0 1 336.344) 311 (0 0 348.601) 125 (1 0 353.966) 565 (0 0 357) 136 (1 0 359.287) 576 (0 0 361) 140 (1 0 373.088) 340 (0 0 377) 109 (1 0 429) 309 (0 0 432.122) 27 (1 0 508) 467 (0 0 515) 753 (1 0 605.635) 313 (0 0 606.975) 771 (1 0 632.28) 331 (0 0 635.232) 432 (0 0 720) 

- route 13: 413 (0 0 122.596) 102 (0 1 126.038) 302 (0 0 135) 106 (1 0 195.078) 546 (0 0 197) 676 (1 0 263.734) 236 (0 0 265.294) 103 (0 1 327.669) 119 (1 1 331.791) 319 (0 1 336.388) 303 (0 0 339.373) 112 (1 0 345.941) 552 (0 0 347.281) 100 (0 1 350.428) 300 (0 0 368) 165 (1 0 392.56) 706 (2 0 396.232) 266 (1 0 397.651) 365 (0 0 408.047) 170 (0 1 449.273) 670 (1 1 474.906) 230 (0 1 476.393) 141 (1 1 480.57) 341 (0 1 484.482) 370 (0 0 487) 171 (0 1 575) 67 (1 1 604.365) 371 (1 0 612.171) 267 (0 0 624.049) 115 (0 1 627.01) 191 (1 1 634) 631 (0 1 637) 315 (0 0 672.431) 433 (0 0 720) 

- route 14: 414 (0 0 60.1584) 126 (0 1 66.5907) 24 (0 2 82.7339) 224 (0 1 90.6607) 326 (0 0 97) 8 (0 1 209.318) 208 (0 0 214) 746 (1 0 223.186) 306 (0 0 225) 0 (1 0 257.137) 440 (0 0 259) 20 (1 0 266.831) 460 (0 0 269) 683 (1 0 281.922) 726 (2 0 282.922) 286 (1 0 284.57) 243 (0 0 287.432) 18 (1 0 304.868) 458 (0 0 307) 75 (0 1 311) 16 (1 1 329.315) 216 (0 1 340.182) 275 (0 0 344.052) 147 (1 0 368) 134 (2 0 406.511) 334 (1 0 409.651) 347 (0 0 415.104) 133 (0 1 447) 333 (0 0 459.444) 785 (1 0 506.944) 345 (0 0 509.885) 777 (1 0 609.016) 337 (0 0 610.73) 434 (0 0 720) 

- route 15: 415 (0 0 107.408) 192 (0 1 114.673) 392 (0 0 125) 188 (1 0 180.619) 628 (0 0 183) 156 (1 0 208.473) 356 (0 0 226.833) 54 (1 0 230.394) 254 (0 0 235) 79 (1 0 247) 279 (0 0 257.975) 43 (1 0 260.443) 483 (0 0 263) 72 (1 0 267.534) 512 (0 0 271) 80 (1 0 305.794) 520 (0 0 307) 688 (1 0 346.927) 248 (0 0 349.174) 776 (1 0 403.016) 336 (0 0 404.849) 668 (1 0 452.234) 228 (0 0 453.425) 157 (1 0 457) 357 (0 0 484.041) 1 (1 0 537) 441 (0 0 541) 435 (0 0 720) 

- route 16: 416 (0 0 174.737) 184 (0 1 178.14) 168 (0 2 188.226) 368 (0 1 213) 384 (0 0 227.339) 44 (0 1 244.828) 127 (0 2 254.16) 244 (0 1 258.761) 22 (1 1 265.023) 327 (1 0 285.697) 222 (0 0 300) 160 (1 0 353.431) 360 (0 0 358.224) 193 (0 1 364) 73 (1 1 368.777) 513 (0 1 371) 393 (0 0 377.991) 198 (1 0 387.873) 398 (0 0 390) 194 (1 0 400.753) 791 (2 0 403.677) 351 (1 0 405.134) 394 (0 0 413.833) 195 (1 0 637) 395 (0 0 650.08) 436 (0 0 720) 

- route 17: 417 (0 0 166.819) 678 (1 0 168.819) 238 (0 0 170.099) 180 (1 0 250.874) 620 (0 0 253.395) 176 (1 0 254.939) 376 (0 0 258.404) 154 (0 1 261.338) 35 (1 1 267.894) 354 (1 0 272) 235 (0 0 308.87) 169 (0 1 405) 159 (1 1 413.709) 599 (0 1 417) 369 (0 0 440.661) 163 (0 1 583) 363 (0 0 590.359) 437 (0 0 720) 

- route 18: 418 (0 0 125.304) 152 (1 0 127.113) 352 (0 0 133) 828 (1 0 194.627) 388 (0 0 196.984) 174 (0 1 256.663) 820 (1 1 276.258) 380 (0 1 278.793) 374 (0 0 287.302) 76 (0 1 291.127) 660 (1 1 297.981) 220 (0 1 300) 736 (1 1 320.775) 276 (1 0 323.855) 296 (0 0 328) 837 (1 0 412.076) 397 (0 0 416.835) 177 (1 0 485) 377 (0 0 489.698) 190 (1 0 512.298) 630 (0 0 515) 831 (1 0 659.098) 391 (0 0 661.8) 438 (0 0 720) 

- route 19: 419 (0 0 121.232) 690 (1 0 123.232) 250 (0 0 126) 196 (1 0 134.242) 636 (0 0 139) 182 (1 0 208.589) 622 (0 0 211.847) 51 (1 0 213.424) 491 (0 0 215) 186 (0 1 266.974) 164 (1 1 276.11) 364 (0 1 286.767) 386 (0 0 307) 765 (1 0 368.875) 325 (0 0 373.244) 187 (0 1 422) 823 (1 1 446.176) 383 (0 1 450.042) 799 (1 1 453.177) 359 (0 1 455.659) 387 (0 0 469.102) 179 (0 1 522) 173 (1 1 532.495) 379 (1 0 539.047) 373 (0 0 544.681) 97 (1 0 565.675) 537 (0 0 567) 199 (1 0 632) 399 (0 0 634.69) 439 (0 0 720) 


Data DARP: datafile6.txt
Transfers: 1
Relative MRT: 1
MRT factor: 1.5
Speed factor PT : 1
PT interval: 10
Iterations: 25000
Iter without impr: 500
Max removal pct: 0.3
Max deterior pct: 0.04
Clustered removal: 0
IDARP adapted: 1
Without operator:  0
Terminals per node: 3
Priority non PT: 0
Priority PT: 0
Priority long: 0
Priority short: 0
Current iteration: 15000
Total distance: 2077.11
Computation time: 3403.59
Average ride time: 20.5075
Pct PT users: 0.325
Users PT: 0 1 18 19 20 21 26 27 28 29 30 31 36 37 38 39 42 43 48 49 50 51 60 61 66 70 71 72 73 80 81 86 87 88 89 90 96 97 106 107 112 113 122 123 124 125 130 131 136 137 144 145 150 151 158 159 180 182 183 188 189 190 191 196 197 

- route 0: 400 (0 0 63.4326) 110 (0 1 77.7437) 310 (0 0 90) 836 (1 0 166.076) 396 (0 0 168.83) 146 (1 0 232.419) 144 (2 0 239.21) 584 (1 0 241) 764 (2 0 242.966) 324 (1 0 246) 346 (0 0 279.524) 82 (1 0 331.109) 282 (0 0 351) 5 (1 0 398) 33 (2 0 400.163) 205 (1 0 403.263) 233 (0 0 408.329) 89 (1 0 433.632) 529 (0 0 437) 710 (1 0 438.806) 270 (0 0 441.243) 10 (1 0 445.344) 210 (0 0 450) 11 (1 0 546.86) 677 (2 0 549.998) 211 (1 0 552.52) 237 (0 0 553.771) 71 (1 0 555.767) 511 (0 0 559) 420 (0 0 720) 

- route 1: 401 (0 0 80.5326) 12 (1 0 85.8906) 212 (0 0 110) 68 (1 0 151.777) 268 (0 0 159) 58 (0 1 166.767) 74 (0 2 172.527) 682 (1 2 178.411) 242 (0 2 181.631) 274 (0 1 200) 258 (0 0 206.609) 36 (1 0 232.964) 476 (0 0 235.473) 728 (1 0 236.473) 288 (0 0 239.841) 46 (1 0 381.783) 246 (0 0 384) 47 (1 0 456.723) 247 (0 0 458.94) 9 (0 1 464) 209 (0 0 469.523) 145 (1 0 482) 585 (0 0 487) 87 (1 0 527.353) 527 (0 0 529) 421 (0 0 720) 

- route 2: 402 (0 0 151.728) 34 (1 0 154.503) 166 (1 1 177.541) 366 (1 0 186.803) 234 (0 0 193) 158 (1 0 199.912) 150 (2 0 202.543) 590 (1 0 204) 598 (0 0 205) 712 (1 0 293.569) 272 (0 0 295.687) 640 (1 0 299.325) 200 (0 0 302.604) 167 (0 1 321) 367 (0 0 333.393) 13 (1 0 362.847) 14 (1 1 377.076) 214 (1 0 384.074) 213 (0 0 393.14) 679 (1 0 397.559) 239 (0 0 400.251) 667 (1 0 546.061) 227 (0 0 550.812) 7 (1 0 555) 207 (0 0 568.22) 641 (1 0 580.604) 201 (0 0 582.467) 3 (1 0 598) 203 (0 0 602.732) 422 (0 0 720) 

- route 3: 403 (0 0 153.378) 42 (1 0 154.642) 482 (0 0 157) 730 (1 0 222.599) 290 (0 0 225.078) 32 (1 0 296.223) 232 (0 0 302) 48 (1 0 314.24) 488 (0 0 317) 91 (1 0 324) 6 (2 0 330.638) 59 (2 1 333.953) 206 (1 1 342.891) 291 (0 1 361.317) 259 (0 0 370.996) 66 (1 0 376.951) 506 (0 0 381) 713 (1 0 393.463) 273 (0 0 396.93) 70 (1 0 421.03) 510 (0 0 425) 2 (1 0 443.002) 202 (0 0 446.49) 107 (1 0 448) 547 (0 0 453) 659 (1 0 518.189) 219 (0 0 520.321) 689 (1 0 522.916) 249 (0 0 524.934) 61 (1 0 539) 501 (0 0 547) 661 (1 0 566.523) 221 (0 0 568.416) 41 (1 0 572.178) 113 (2 0 573.704) 241 (1 0 576.968) 553 (0 0 581) 669 (1 0 586.788) 229 (0 0 588.21) 671 (1 0 654.099) 231 (0 0 659.124) 423 (0 0 720) 

- route 4: 404 (0 0 190.75) 4 (1 0 191.158) 204 (0 0 195) 762 (1 0 238.797) 322 (0 0 242.013) 784 (1 0 265.757) 344 (0 0 267.096) 169 (0 1 405) 159 (1 1 413.709) 599 (0 1 417) 369 (0 0 440.661) 23 (1 0 530.683) 17 (2 0 548.821) 217 (1 0 559.688) 223 (0 0 563.592) 15 (0 1 569) 215 (0 0 577.998) 424 (0 0 720) 

- route 5: 405 (0 0 154.382) 78 (1 0 158.35) 278 (0 0 166) 798 (1 0 238.571) 358 (0 0 241.863) 45 (0 1 407.716) 123 (1 1 414) 563 (0 1 417.581) 245 (0 0 422.288) 30 (1 0 449.708) 470 (0 0 455) 83 (1 0 557.938) 711 (2 0 572.01) 271 (1 0 575.98) 283 (0 0 587.275) 131 (1 0 594.166) 571 (0 0 597) 721 (1 0 647.622) 281 (0 0 650.805) 425 (0 0 720) 

- route 6: 406 (0 0 90.2494) 62 (0 1 96.1753) 38 (1 1 121.568) 478 (0 1 123) 262 (0 0 130.234) 26 (1 0 238.249) 466 (0 0 243) 63 (0 1 381.106) 263 (0 0 404.811) 183 (1 0 411.386) 623 (0 0 413) 56 (1 0 451.303) 256 (0 0 459.397) 95 (1 0 461.974) 295 (0 0 464.866) 729 (1 0 466.811) 289 (0 0 469.792) 19 (1 0 489) 459 (0 0 495) 93 (0 1 560.333) 293 (0 0 565.156) 701 (1 0 568.888) 261 (0 0 571.361) 426 (0 0 720) 

- route 7: 407 (0 0 203.362) 88 (1 0 203.681) 528 (0 0 205) 84 (0 1 226.351) 790 (1 1 230.802) 350 (0 1 232.677) 178 (0 2 255.528) 284 (0 1 265) 378 (0 0 272.575) 829 (1 0 325.509) 389 (0 0 327.89) 172 (1 0 331.074) 372 (0 0 339.532) 155 (0 1 345.392) 39 (1 1 351.72) 479 (0 1 353) 355 (0 0 357.936) 153 (1 0 380) 353 (0 0 388.33) 77 (0 1 405) 162 (0 2 413.094) 362 (0 1 419) 277 (0 0 446.348) 49 (1 0 490) 489 (0 0 497) 21 (1 0 534.981) 461 (0 0 537) 29 (1 0 554) 469 (0 0 556.708) 727 (1 0 557.708) 287 (0 0 559.392) 137 (1 0 565.168) 577 (0 0 567) 57 (1 0 593) 257 (0 0 604.641) 427 (0 0 720) 

- route 8: 408 (0 0 255.356) 86 (1 0 256.678) 526 (0 0 259) 52 (1 0 360.77) 252 (0 0 364) 151 (1 0 375) 591 (0 0 377) 92 (0 1 387.685) 292 (0 0 392.508) 69 (1 0 397) 269 (0 0 407.335) 55 (1 0 418) 255 (0 0 424.409) 770 (1 0 446.28) 330 (0 0 449.115) 98 (0 1 472.793) 298 (0 0 497) 99 (0 1 643) 299 (0 0 677.81) 428 (0 0 720) 

- route 9: 409 (0 0 89.9997) 50 (1 0 91.9489) 490 (0 0 95) 90 (1 0 187.761) 530 (0 0 191) 691 (1 0 244.532) 822 (2 0 245.532) 382 (1 0 247.922) 251 (0 0 252.902) 94 (1 0 282.579) 294 (0 0 285.471) 96 (1 0 289.124) 536 (0 0 293) 64 (0 1 318.322) 60 (1 1 326.341) 500 (0 1 329) 658 (1 1 331.17) 218 (0 1 333.335) 264 (0 0 339.865) 65 (0 1 516) 53 (1 1 527.095) 253 (0 1 530.325) 265 (0 0 537.543) 737 (1 0 611.316) 297 (0 0 615.192) 429 (0 0 720) 

- route 10: 410 (0 0 118.611) 128 (0 1 120.358) 328 (0 0 126) 108 (1 0 172.785) 308 (0 0 175.199) 132 (0 1 181.461) 332 (0 0 190.757) 120 (0 1 199.589) 122 (1 1 207.844) 562 (0 1 211) 320 (0 0 234.178) 121 (0 1 305.607) 189 (1 1 311.86) 629 (0 1 315) 321 (0 0 335.512) 148 (1 0 341.4) 348 (0 0 345.214) 129 (0 1 348) 329 (0 0 354.963) 130 (1 0 408.048) 570 (0 0 411) 763 (1 0 445.013) 323 (0 0 448.169) 114 (0 1 452.731) 85 (0 2 473.332) 314 (0 1 496) 285 (0 0 512.131) 175 (0 1 522.49) 181 (1 1 533) 830 (2 1 536.998) 390 (1 1 538.782) 101 (1 2 553.274) 381 (0 2 560.05) 375 (0 1 563.66) 301 (0 0 578.132) 31 (1 0 632.439) 471 (0 0 635) 430 (0 0 720) 

- route 11: 411 (0 0 78.1204) 116 (0 1 80.1309) 316 (0 0 94) 124 (1 0 227.124) 564 (0 0 231) 117 (0 1 329.043) 138 (1 1 338.627) 338 (0 1 343.238) 317 (0 0 345.624) 720 (1 0 349.599) 280 (0 0 352.82) 197 (1 0 382.246) 637 (0 0 385) 105 (1 0 433) 305 (0 0 436.721) 747 (1 0 480.528) 307 (0 0 483.62) 149 (1 0 497) 349 (0 0 502.222) 37 (1 0 521.44) 477 (0 0 523) 139 (1 0 594.225) 339 (0 0 598.837) 81 (1 0 603.778) 521 (0 0 607) 135 (1 0 611) 335 (0 0 615.21) 431 (0 0 720) 

- route 12: 412 (0 0 82.693) 142 (1 0 87.0961) 342 (0 0 99) 143 (1 0 265.334) 666 (2 0 276.707) 226 (1 0 279) 343 (0 0 282.69) 104 (1 0 302.186) 304 (0 0 305) 111 (0 1 336.344) 311 (0 0 348.601) 125 (1 0 353.966) 565 (0 0 357) 136 (1 0 359.287) 576 (0 0 361) 140 (1 0 373.088) 340 (0 0 377) 109 (1 0 429) 309 (0 0 432.122) 27 (1 0 508) 467 (0 0 515) 753 (1 0 602.707) 313 (0 0 604.047) 771 (1 0 632.28) 331 (0 0 635.232) 432 (0 0 720) 

- route 13: 413 (0 0 122.596) 102 (0 1 126.038) 302 (0 0 135) 106 (1 0 196.01) 546 (0 0 199) 118 (1 0 209.403) 318 (0 0 214) 676 (1 0 263.734) 236 (0 0 265.294) 103 (0 1 327.669) 119 (1 1 331.791) 319 (0 1 336.388) 303 (0 0 339.373) 112 (1 0 345.941) 552 (0 0 347.281) 100 (0 1 350.428) 300 (0 0 368) 165 (1 0 392.56) 706 (2 0 396.232) 266 (1 0 397.651) 365 (0 0 408.047) 170 (0 1 449.273) 670 (1 1 474.906) 230 (0 1 476.393) 141 (1 1 480.57) 341 (0 1 484.482) 370 (0 0 487) 171 (0 1 575) 67 (1 1 604.365) 371 (1 0 612.171) 267 (0 0 624.049) 115 (0 1 627.01) 191 (1 1 634) 631 (0 1 637) 315 (0 0 672.431) 433 (0 0 720) 

- route 14: 414 (0 0 60.1584) 126 (0 1 66.5907) 24 (0 2 82.7339) 224 (0 1 90.6607) 326 (0 0 97) 8 (0 1 209.318) 208 (0 0 214) 746 (1 0 223.186) 306 (0 0 225) 0 (1 0 257.137) 440 (0 0 259) 20 (1 0 266.831) 460 (0 0 269) 726 (1 0 281.922) 683 (2 0 282.922) 286 (1 0 284.57) 243 (0 0 287.432) 18 (1 0 304.868) 458 (0 0 307) 75 (0 1 311) 16 (1 1 329.315) 216 (0 1 340.182) 275 (0 0 344.052) 147 (1 0 368) 134 (2 0 406.511) 334 (1 0 409.651) 347 (0 0 415.104) 133 (0 1 447) 333 (0 0 459.444) 785 (1 0 506.944) 345 (0 0 509.885) 777 (1 0 609.016) 337 (0 0 610.73) 434 (0 0 720) 

- route 15: 415 (0 0 166.819) 678 (1 0 168.819) 238 (0 0 170.099) 180 (1 0 250.874) 620 (0 0 253.395) 176 (1 0 254.939) 376 (0 0 258.404) 154 (0 1 261.338) 35 (1 1 267.894) 354 (1 0 272) 235 (0 0 308.87) 25 (0 1 339) 225 (0 0 349.39) 700 (1 0 355.77) 260 (0 0 358.703) 40 (1 0 368.541) 240 (0 0 372.076) 752 (1 0 373.919) 312 (0 0 376.284) 28 (1 0 425.578) 468 (0 0 427) 185 (0 1 478) 161 (1 1 515) 361 (0 1 521.689) 385 (0 0 527.198) 97 (1 0 575.681) 537 (0 0 579) 435 (0 0 720) 

- route 16: 416 (0 0 121.232) 690 (1 0 123.232) 250 (0 0 126) 196 (1 0 134.242) 636 (0 0 139) 182 (1 0 208.589) 622 (0 0 211.847) 51 (1 0 213.424) 491 (0 0 215) 186 (0 1 266.974) 164 (1 1 276.11) 364 (0 1 286.767) 386 (0 0 307) 765 (1 0 368.875) 325 (0 0 373.244) 187 (0 1 422) 823 (1 1 446.176) 383 (0 1 450.042) 799 (1 1 453.177) 359 (0 1 455.659) 387 (0 0 469.102) 179 (0 1 522) 173 (1 1 532.495) 379 (1 0 539.047) 373 (0 0 544.681) 199 (1 0 632) 399 (0 0 634.69) 436 (0 0 720) 

- route 17: 417 (0 0 107.408) 192 (0 1 114.673) 392 (0 0 125) 188 (1 0 180.619) 628 (0 0 183) 156 (1 0 208.473) 356 (0 0 226.833) 54 (1 0 230.394) 254 (0 0 235) 79 (1 0 247) 279 (0 0 257.975) 43 (1 0 260.443) 483 (0 0 263) 72 (1 0 267.534) 512 (0 0 271) 80 (1 0 305.794) 520 (0 0 307) 688 (1 0 346.927) 248 (0 0 349.174) 776 (1 0 403.016) 336 (0 0 404.849) 668 (1 0 452.234) 228 (0 0 453.425) 157 (1 0 457) 357 (0 0 484.041) 1 (1 0 537) 441 (0 0 541) 163 (0 1 583) 363 (0 0 590.359) 437 (0 0 720) 

- route 18: 418 (0 0 125.304) 152 (1 0 127.113) 352 (0 0 133) 828 (1 0 194.627) 388 (0 0 196.984) 174 (0 1 256.663) 820 (1 1 276.258) 380 (0 1 278.793) 374 (0 0 287.302) 76 (0 1 291.127) 660 (1 1 297.981) 220 (0 1 300) 736 (1 1 320.775) 276 (1 0 323.855) 296 (0 0 328) 837 (1 0 412.076) 397 (0 0 416.835) 177 (1 0 485) 377 (0 0 489.698) 190 (1 0 512.298) 630 (0 0 515) 831 (1 0 659.098) 391 (0 0 661.8) 438 (0 0 720) 

- route 19: 419 (0 0 174.737) 184 (0 1 178.14) 168 (0 2 188.226) 368 (0 1 213) 384 (0 0 227.339) 44 (0 1 244.828) 127 (0 2 254.16) 244 (0 1 258.761) 22 (1 1 265.023) 327 (1 0 285.697) 222 (0 0 300) 160 (1 0 353.431) 360 (0 0 358.224) 193 (0 1 364) 73 (1 1 368.777) 513 (0 1 371) 393 (0 0 377.991) 198 (1 0 387.873) 398 (0 0 390) 194 (1 0 400.753) 791 (2 0 403.677) 351 (1 0 405.134) 394 (0 0 413.833) 195 (1 0 637) 395 (0 0 650.08) 439 (0 0 720) 


Data DARP: datafile6.txt
Transfers: 1
Relative MRT: 1
MRT factor: 1.5
Speed factor PT : 1
PT interval: 10
Iterations: 25000
Iter without impr: 500
Max removal pct: 0.3
Max deterior pct: 0.04
Clustered removal: 0
IDARP adapted: 1
Without operator:  0
Terminals per node: 3
Priority non PT: 0
Priority PT: 0
Priority long: 0
Priority short: 0
Current iteration: 20000
Total distance: 2077.11
Computation time: 4657.18
Average ride time: 20.5075
Pct PT users: 0.325
Users PT: 0 1 18 19 20 21 26 27 28 29 30 31 36 37 38 39 42 43 48 49 50 51 60 61 66 70 71 72 73 80 81 86 87 88 89 90 96 97 106 107 112 113 122 123 124 125 130 131 136 137 144 145 150 151 158 159 180 182 183 188 189 190 191 196 197 

- route 0: 400 (0 0 63.4326) 110 (0 1 77.7437) 310 (0 0 90) 836 (1 0 166.076) 396 (0 0 168.83) 146 (1 0 232.419) 144 (2 0 239.21) 584 (1 0 241) 764 (2 0 242.966) 324 (1 0 246) 346 (0 0 279.524) 82 (1 0 331.109) 282 (0 0 351) 5 (1 0 398) 33 (2 0 400.163) 205 (1 0 403.263) 233 (0 0 408.329) 89 (1 0 433.632) 529 (0 0 437) 710 (1 0 438.806) 270 (0 0 441.243) 10 (1 0 445.344) 210 (0 0 450) 11 (1 0 546.86) 677 (2 0 549.998) 211 (1 0 552.52) 237 (0 0 553.771) 71 (1 0 555.767) 511 (0 0 559) 420 (0 0 720) 

- route 1: 401 (0 0 80.5326) 12 (1 0 85.8906) 212 (0 0 110) 68 (1 0 151.777) 268 (0 0 159) 58 (0 1 166.767) 74 (0 2 172.527) 682 (1 2 178.411) 242 (0 2 181.631) 274 (0 1 200) 258 (0 0 206.609) 36 (1 0 232.964) 476 (0 0 235.473) 728 (1 0 236.473) 288 (0 0 239.841) 46 (1 0 381.783) 246 (0 0 384) 47 (1 0 456.723) 247 (0 0 458.94) 9 (0 1 464) 209 (0 0 469.523) 145 (1 0 482) 585 (0 0 487) 87 (1 0 527.353) 527 (0 0 529) 421 (0 0 720) 

- route 2: 402 (0 0 151.728) 34 (1 0 154.503) 166 (1 1 177.541) 366 (1 0 186.803) 234 (0 0 193) 158 (1 0 199.912) 150 (2 0 202.543) 590 (1 0 204) 598 (0 0 205) 712 (1 0 293.569) 272 (0 0 295.687) 640 (1 0 299.325) 200 (0 0 302.604) 167 (0 1 321) 367 (0 0 333.393) 13 (1 0 362.847) 14 (1 1 377.076) 214 (1 0 384.074) 213 (0 0 393.14) 679 (1 0 397.559) 239 (0 0 400.251) 667 (1 0 546.061) 227 (0 0 550.812) 7 (1 0 555) 207 (0 0 568.22) 641 (1 0 580.604) 201 (0 0 582.467) 3 (1 0 598) 203 (0 0 602.732) 422 (0 0 720) 

- route 3: 403 (0 0 153.378) 42 (1 0 154.642) 482 (0 0 157) 730 (1 0 222.599) 290 (0 0 225.078) 32 (1 0 296.223) 232 (0 0 302) 48 (1 0 314.24) 488 (0 0 317) 91 (1 0 324) 6 (2 0 330.638) 59 (2 1 333.953) 206 (1 1 342.891) 291 (0 1 361.317) 259 (0 0 370.996) 66 (1 0 376.951) 506 (0 0 381) 713 (1 0 393.463) 273 (0 0 396.93) 70 (1 0 421.03) 510 (0 0 425) 2 (1 0 443.002) 202 (0 0 446.49) 107 (1 0 448) 547 (0 0 453) 659 (1 0 518.189) 219 (0 0 520.321) 689 (1 0 522.916) 249 (0 0 524.934) 61 (1 0 539) 501 (0 0 547) 661 (1 0 566.523) 221 (0 0 568.416) 41 (1 0 572.178) 113 (2 0 573.704) 241 (1 0 576.968) 553 (0 0 581) 669 (1 0 586.788) 229 (0 0 588.21) 671 (1 0 654.099) 231 (0 0 659.124) 423 (0 0 720) 

- route 4: 404 (0 0 190.75) 4 (1 0 191.158) 204 (0 0 195) 762 (1 0 238.797) 322 (0 0 242.013) 784 (1 0 265.757) 344 (0 0 267.096) 169 (0 1 405) 159 (1 1 413.709) 599 (0 1 417) 369 (0 0 440.661) 23 (1 0 530.683) 17 (2 0 548.821) 217 (1 0 559.688) 223 (0 0 563.592) 15 (0 1 569) 215 (0 0 577.998) 424 (0 0 720) 

- route 5: 405 (0 0 154.382) 78 (1 0 158.35) 278 (0 0 166) 798 (1 0 238.571) 358 (0 0 241.863) 45 (0 1 407.716) 123 (1 1 414) 563 (0 1 417.581) 245 (0 0 422.288) 30 (1 0 449.708) 470 (0 0 455) 83 (1 0 557.938) 711 (2 0 572.01) 271 (1 0 575.98) 283 (0 0 587.275) 131 (1 0 594.166) 571 (0 0 597) 721 (1 0 647.622) 281 (0 0 650.805) 425 (0 0 720) 

- route 6: 406 (0 0 90.2494) 62 (0 1 96.1753) 38 (1 1 121.568) 478 (0 1 123) 262 (0 0 130.234) 26 (1 0 238.249) 466 (0 0 243) 63 (0 1 381.106) 263 (0 0 404.811) 183 (1 0 411.386) 623 (0 0 413) 56 (1 0 451.303) 256 (0 0 459.397) 95 (1 0 461.974) 295 (0 0 464.866) 729 (1 0 466.811) 289 (0 0 469.792) 19 (1 0 489) 459 (0 0 495) 93 (0 1 560.333) 293 (0 0 565.156) 701 (1 0 568.888) 261 (0 0 571.361) 426 (0 0 720) 

- route 7: 407 (0 0 203.362) 88 (1 0 203.681) 528 (0 0 205) 84 (0 1 226.351) 790 (1 1 230.802) 350 (0 1 232.677) 178 (0 2 255.528) 284 (0 1 265) 378 (0 0 272.575) 829 (1 0 325.509) 389 (0 0 327.89) 172 (1 0 331.074) 372 (0 0 339.532) 155 (0 1 345.392) 39 (1 1 351.72) 479 (0 1 353) 355 (0 0 357.936) 153 (1 0 380) 353 (0 0 388.33) 77 (0 1 405) 162 (0 2 413.094) 362 (0 1 419) 277 (0 0 446.348) 49 (1 0 490) 489 (0 0 497) 21 (1 0 534.981) 461 (0 0 537) 29 (1 0 554) 469 (0 0 556.708) 727 (1 0 557.708) 287 (0 0 559.392) 137 (1 0 565.168) 577 (0 0 567) 57 (1 0 593) 257 (0 0 604.641) 427 (0 0 720) 

- route 8: 408 (0 0 255.356) 86 (1 0 256.678) 526 (0 0 259) 52 (1 0 360.77) 252 (0 0 364) 151 (1 0 375) 591 (0 0 377) 92 (0 1 387.685) 292 (0 0 392.508) 69 (1 0 397) 269 (0 0 407.335) 55 (1 0 418) 255 (0 0 424.409) 770 (1 0 446.28) 330 (0 0 449.115) 98 (0 1 472.793) 298 (0 0 497) 99 (0 1 643) 299 (0 0 677.81) 428 (0 0 720) 

- route 9: 409 (0 0 89.9997) 50 (1 0 91.9489) 490 (0 0 95) 90 (1 0 187.761) 530 (0 0 191) 691 (1 0 244.532) 822 (2 0 245.532) 382 (1 0 247.922) 251 (0 0 252.902) 94 (1 0 282.579) 294 (0 0 285.471) 96 (1 0 289.124) 536 (0 0 293) 64 (0 1 318.322) 60 (1 1 326.341) 500 (0 1 329) 658 (1 1 331.17) 218 (0 1 333.335) 264 (0 0 339.865) 65 (0 1 516) 53 (1 1 527.095) 253 (0 1 530.325) 265 (0 0 537.543) 737 (1 0 611.316) 297 (0 0 615.192) 429 (0 0 720) 

- route 10: 410 (0 0 118.611) 128 (0 1 120.358) 328 (0 0 126) 108 (1 0 172.785) 308 (0 0 175.199) 132 (0 1 181.461) 332 (0 0 190.757) 120 (0 1 199.589) 122 (1 1 207.844) 562 (0 1 211) 320 (0 0 234.178) 121 (0 1 305.607) 189 (1 1 311.86) 629 (0 1 315) 321 (0 0 335.512) 148 (1 0 341.4) 348 (0 0 345.214) 129 (0 1 348) 329 (0 0 354.963) 130 (1 0 408.048) 570 (0 0 411) 763 (1 0 445.013) 323 (0 0 448.169) 114 (0 1 452.731) 85 (0 2 473.332) 314 (0 1 496) 285 (0 0 512.131) 175 (0 1 522.49) 181 (1 1 533) 830 (2 1 536.998) 390 (1 1 538.782) 101 (1 2 553.274) 381 (0 2 560.05) 375 (0 1 563.66) 301 (0 0 578.132) 31 (1 0 632.439) 471 (0 0 635) 430 (0 0 720) 

- route 11: 411 (0 0 78.1204) 116 (0 1 80.1309) 316 (0 0 94) 124 (1 0 227.124) 564 (0 0 231) 117 (0 1 329.043) 138 (1 1 338.627) 338 (0 1 343.238) 317 (0 0 345.624) 720 (1 0 349.599) 280 (0 0 352.82) 197 (1 0 382.246) 637 (0 0 385) 105 (1 0 433) 305 (0 0 436.721) 747 (1 0 480.528) 307 (0 0 483.62) 149 (1 0 497) 349 (0 0 502.222) 37 (1 0 521.44) 477 (0 0 523) 139 (1 0 594.225) 339 (0 0 598.837) 81 (1 0 603.778) 521 (0 0 607) 135 (1 0 611) 335 (0 0 615.21) 431 (0 0 720) 

- route 12: 412 (0 0 82.693) 142 (1 0 87.0961) 342 (0 0 99) 143 (1 0 265.334) 666 (2 0 276.707) 226 (1 0 279) 343 (0 0 282.69) 104 (1 0 302.186) 304 (0 0 305) 111 (0 1 336.344) 311 (0 0 348.601) 125 (1 0 353.966) 565 (0 0 357) 136 (1 0 359.287) 576 (0 0 361) 140 (1 0 373.088) 340 (0 0 377) 109 (1 0 429) 309 (0 0 432.122) 27 (1 0 508) 467 (0 0 515) 753 (1 0 602.707) 313 (0 0 604.047) 771 (1 0 632.28) 331 (0 0 635.232) 432 (0 0 720) 

- route 13: 413 (0 0 122.596) 102 (0 1 126.038) 302 (0 0 135) 106 (1 0 196.01) 546 (0 0 199) 118 (1 0 209.403) 318 (0 0 214) 676 (1 0 263.734) 236 (0 0 265.294) 103 (0 1 327.669) 119 (1 1 331.791) 319 (0 1 336.388) 303 (0 0 339.373) 112 (1 0 345.941) 552 (0 0 347.281) 100 (0 1 350.428) 300 (0 0 368) 165 (1 0 392.56) 706 (2 0 396.232) 266 (1 0 397.651) 365 (0 0 408.047) 170 (0 1 449.273) 670 (1 1 474.906) 230 (0 1 476.393) 141 (1 1 480.57) 341 (0 1 484.482) 370 (0 0 487) 171 (0 1 575) 67 (1 1 604.365) 371 (1 0 612.171) 267 (0 0 624.049) 115 (0 1 627.01) 191 (1 1 634) 631 (0 1 637) 315 (0 0 672.431) 433 (0 0 720) 

- route 14: 414 (0 0 60.1584) 126 (0 1 66.5907) 24 (0 2 82.7339) 224 (0 1 90.6607) 326 (0 0 97) 8 (0 1 209.318) 208 (0 0 214) 746 (1 0 223.186) 306 (0 0 225) 0 (1 0 257.137) 440 (0 0 259) 20 (1 0 266.831) 460 (0 0 269) 726 (1 0 281.922) 683 (2 0 282.922) 286 (1 0 284.57) 243 (0 0 287.432) 18 (1 0 304.868) 458 (0 0 307) 75 (0 1 311) 16 (1 1 329.315) 216 (0 1 340.182) 275 (0 0 344.052) 147 (1 0 368) 134 (2 0 406.511) 334 (1 0 409.651) 347 (0 0 415.104) 133 (0 1 447) 333 (0 0 459.444) 785 (1 0 506.944) 345 (0 0 509.885) 777 (1 0 609.016) 337 (0 0 610.73) 434 (0 0 720) 

- route 15: 415 (0 0 166.819) 678 (1 0 168.819) 238 (0 0 170.099) 180 (1 0 250.874) 620 (0 0 253.395) 176 (1 0 254.939) 376 (0 0 258.404) 154 (0 1 261.338) 35 (1 1 267.894) 354 (1 0 272) 235 (0 0 308.87) 25 (0 1 339) 225 (0 0 349.39) 700 (1 0 355.77) 260 (0 0 358.703) 40 (1 0 368.541) 240 (0 0 372.076) 752 (1 0 373.919) 312 (0 0 376.284) 28 (1 0 425.578) 468 (0 0 427) 185 (0 1 478) 161 (1 1 515) 361 (0 1 521.689) 385 (0 0 527.198) 97 (1 0 575.681) 537 (0 0 579) 435 (0 0 720) 

- route 16: 416 (0 0 121.232) 690 (1 0 123.232) 250 (0 0 126) 196 (1 0 134.242) 636 (0 0 139) 182 (1 0 208.589) 622 (0 0 211.847) 51 (1 0 213.424) 491 (0 0 215) 186 (0 1 266.974) 164 (1 1 276.11) 364 (0 1 286.767) 386 (0 0 307) 765 (1 0 368.875) 325 (0 0 373.244) 187 (0 1 422) 823 (1 1 446.176) 383 (0 1 450.042) 799 (1 1 453.177) 359 (0 1 455.659) 387 (0 0 469.102) 179 (0 1 522) 173 (1 1 532.495) 379 (1 0 539.047) 373 (0 0 544.681) 199 (1 0 632) 399 (0 0 634.69) 436 (0 0 720) 

- route 17: 417 (0 0 107.408) 192 (0 1 114.673) 392 (0 0 125) 188 (1 0 180.619) 628 (0 0 183) 156 (1 0 208.473) 356 (0 0 226.833) 54 (1 0 230.394) 254 (0 0 235) 79 (1 0 247) 279 (0 0 257.975) 43 (1 0 260.443) 483 (0 0 263) 72 (1 0 267.534) 512 (0 0 271) 80 (1 0 305.794) 520 (0 0 307) 688 (1 0 346.927) 248 (0 0 349.174) 776 (1 0 403.016) 336 (0 0 404.849) 668 (1 0 452.234) 228 (0 0 453.425) 157 (1 0 457) 357 (0 0 484.041) 1 (1 0 537) 441 (0 0 541) 163 (0 1 583) 363 (0 0 590.359) 437 (0 0 720) 

- route 18: 418 (0 0 125.304) 152 (1 0 127.113) 352 (0 0 133) 828 (1 0 194.627) 388 (0 0 196.984) 174 (0 1 256.663) 820 (1 1 276.258) 380 (0 1 278.793) 374 (0 0 287.302) 76 (0 1 291.127) 660 (1 1 297.981) 220 (0 1 300) 736 (1 1 320.775) 276 (1 0 323.855) 296 (0 0 328) 837 (1 0 412.076) 397 (0 0 416.835) 177 (1 0 485) 377 (0 0 489.698) 190 (1 0 512.298) 630 (0 0 515) 831 (1 0 659.098) 391 (0 0 661.8) 438 (0 0 720) 

- route 19: 419 (0 0 174.737) 184 (0 1 178.14) 168 (0 2 188.226) 368 (0 1 213) 384 (0 0 227.339) 44 (0 1 244.828) 127 (0 2 254.16) 244 (0 1 258.761) 22 (1 1 265.023) 327 (1 0 285.697) 222 (0 0 300) 160 (1 0 353.431) 360 (0 0 358.224) 193 (0 1 364) 73 (1 1 368.777) 513 (0 1 371) 393 (0 0 377.991) 198 (1 0 387.873) 398 (0 0 390) 194 (1 0 400.753) 791 (2 0 403.677) 351 (1 0 405.134) 394 (0 0 413.833) 195 (1 0 637) 395 (0 0 650.08) 439 (0 0 720) 


Data DARP: datafile6.txt
Transfers: 1
Relative MRT: 1
MRT factor: 1.5
Speed factor PT : 1
PT interval: 10
Iterations: 25000
Iter without impr: 500
Max removal pct: 0.3
Max deterior pct: 0.04
Clustered removal: 0
IDARP adapted: 1
Without operator:  0
Terminals per node: 3
Priority non PT: 0
Priority PT: 0
Priority long: 0
Priority short: 0
Current iteration: 25000
Total distance: 2077.11
Computation time: 5832.37
Average ride time: 20.5075
Pct PT users: 0.325
Users PT: 0 1 18 19 20 21 26 27 28 29 30 31 36 37 38 39 42 43 48 49 50 51 60 61 66 70 71 72 73 80 81 86 87 88 89 90 96 97 106 107 112 113 122 123 124 125 130 131 136 137 144 145 150 151 158 159 180 182 183 188 189 190 191 196 197 

- route 0: 400 (0 0 63.4326) 110 (0 1 77.7437) 310 (0 0 90) 836 (1 0 166.076) 396 (0 0 168.83) 146 (1 0 232.419) 144 (2 0 239.21) 584 (1 0 241) 764 (2 0 242.966) 324 (1 0 246) 346 (0 0 279.524) 82 (1 0 331.109) 282 (0 0 351) 5 (1 0 398) 33 (2 0 400.163) 205 (1 0 403.263) 233 (0 0 408.329) 89 (1 0 433.632) 529 (0 0 437) 710 (1 0 438.806) 270 (0 0 441.243) 10 (1 0 445.344) 210 (0 0 450) 11 (1 0 546.86) 677 (2 0 549.998) 211 (1 0 552.52) 237 (0 0 553.771) 71 (1 0 555.767) 511 (0 0 559) 420 (0 0 720) 

- route 1: 401 (0 0 80.5326) 12 (1 0 85.8906) 212 (0 0 110) 68 (1 0 151.777) 268 (0 0 159) 58 (0 1 166.767) 74 (0 2 172.527) 682 (1 2 178.411) 242 (0 2 181.631) 274 (0 1 200) 258 (0 0 206.609) 36 (1 0 232.964) 476 (0 0 235.473) 728 (1 0 236.473) 288 (0 0 239.841) 46 (1 0 381.783) 246 (0 0 384) 47 (1 0 456.723) 247 (0 0 458.94) 9 (0 1 464) 209 (0 0 469.523) 145 (1 0 482) 585 (0 0 487) 87 (1 0 527.353) 527 (0 0 529) 421 (0 0 720) 

- route 2: 402 (0 0 151.728) 34 (1 0 154.503) 166 (1 1 177.541) 366 (1 0 186.803) 234 (0 0 193) 158 (1 0 199.912) 150 (2 0 202.543) 590 (1 0 204) 598 (0 0 205) 712 (1 0 293.569) 272 (0 0 295.687) 640 (1 0 299.325) 200 (0 0 302.604) 167 (0 1 321) 367 (0 0 333.393) 13 (1 0 362.847) 14 (1 1 377.076) 214 (1 0 384.074) 213 (0 0 393.14) 679 (1 0 397.559) 239 (0 0 400.251) 667 (1 0 546.061) 227 (0 0 550.812) 7 (1 0 555) 207 (0 0 568.22) 641 (1 0 580.604) 201 (0 0 582.467) 3 (1 0 598) 203 (0 0 602.732) 422 (0 0 720) 

- route 3: 403 (0 0 153.378) 42 (1 0 154.642) 482 (0 0 157) 730 (1 0 222.599) 290 (0 0 225.078) 32 (1 0 296.223) 232 (0 0 302) 48 (1 0 314.24) 488 (0 0 317) 91 (1 0 324) 6 (2 0 330.638) 59 (2 1 333.953) 206 (1 1 342.891) 291 (0 1 361.317) 259 (0 0 370.996) 66 (1 0 376.951) 506 (0 0 381) 713 (1 0 393.463) 273 (0 0 396.93) 70 (1 0 421.03) 510 (0 0 425) 2 (1 0 443.002) 202 (0 0 446.49) 107 (1 0 448) 547 (0 0 453) 659 (1 0 518.189) 219 (0 0 520.321) 689 (1 0 522.916) 249 (0 0 524.934) 61 (1 0 539) 501 (0 0 547) 661 (1 0 566.523) 221 (0 0 568.416) 41 (1 0 572.178) 113 (2 0 573.704) 241 (1 0 576.968) 553 (0 0 581) 669 (1 0 586.788) 229 (0 0 588.21) 671 (1 0 654.099) 231 (0 0 659.124) 423 (0 0 720) 

- route 4: 404 (0 0 190.75) 4 (1 0 191.158) 204 (0 0 195) 762 (1 0 238.797) 322 (0 0 242.013) 784 (1 0 265.757) 344 (0 0 267.096) 169 (0 1 405) 159 (1 1 413.709) 599 (0 1 417) 369 (0 0 440.661) 23 (1 0 530.683) 17 (2 0 548.821) 217 (1 0 559.688) 223 (0 0 563.592) 15 (0 1 569) 215 (0 0 577.998) 424 (0 0 720) 

- route 5: 405 (0 0 154.382) 78 (1 0 158.35) 278 (0 0 166) 798 (1 0 238.571) 358 (0 0 241.863) 45 (0 1 407.716) 123 (1 1 414) 563 (0 1 417.581) 245 (0 0 422.288) 30 (1 0 449.708) 470 (0 0 455) 83 (1 0 557.938) 711 (2 0 572.01) 271 (1 0 575.98) 283 (0 0 587.275) 131 (1 0 594.166) 571 (0 0 597) 721 (1 0 647.622) 281 (0 0 650.805) 425 (0 0 720) 

- route 6: 406 (0 0 90.2494) 62 (0 1 96.1753) 38 (1 1 121.568) 478 (0 1 123) 262 (0 0 130.234) 26 (1 0 238.249) 466 (0 0 243) 63 (0 1 381.106) 263 (0 0 404.811) 183 (1 0 411.386) 623 (0 0 413) 56 (1 0 451.303) 256 (0 0 459.397) 95 (1 0 461.974) 295 (0 0 464.866) 729 (1 0 466.811) 289 (0 0 469.792) 19 (1 0 489) 459 (0 0 495) 93 (0 1 560.333) 293 (0 0 565.156) 701 (1 0 568.888) 261 (0 0 571.361) 426 (0 0 720) 

- route 7: 407 (0 0 203.362) 88 (1 0 203.681) 528 (0 0 205) 84 (0 1 226.351) 790 (1 1 230.802) 350 (0 1 232.677) 178 (0 2 255.528) 284 (0 1 265) 378 (0 0 272.575) 829 (1 0 325.509) 389 (0 0 327.89) 172 (1 0 331.074) 372 (0 0 339.532) 155 (0 1 345.392) 39 (1 1 351.72) 479 (0 1 353) 355 (0 0 357.936) 153 (1 0 380) 353 (0 0 388.33) 77 (0 1 405) 162 (0 2 413.094) 362 (0 1 419) 277 (0 0 446.348) 49 (1 0 490) 489 (0 0 497) 21 (1 0 534.981) 461 (0 0 537) 29 (1 0 554) 469 (0 0 556.708) 727 (1 0 557.708) 287 (0 0 559.392) 137 (1 0 565.168) 577 (0 0 567) 57 (1 0 593) 257 (0 0 604.641) 427 (0 0 720) 

- route 8: 408 (0 0 255.356) 86 (1 0 256.678) 526 (0 0 259) 52 (1 0 360.77) 252 (0 0 364) 151 (1 0 375) 591 (0 0 377) 92 (0 1 387.685) 292 (0 0 392.508) 69 (1 0 397) 269 (0 0 407.335) 55 (1 0 418) 255 (0 0 424.409) 770 (1 0 446.28) 330 (0 0 449.115) 98 (0 1 472.793) 298 (0 0 497) 99 (0 1 643) 299 (0 0 677.81) 428 (0 0 720) 

- route 9: 409 (0 0 89.9997) 50 (1 0 91.9489) 490 (0 0 95) 90 (1 0 187.761) 530 (0 0 191) 691 (1 0 244.532) 822 (2 0 245.532) 382 (1 0 247.922) 251 (0 0 252.902) 94 (1 0 282.579) 294 (0 0 285.471) 96 (1 0 289.124) 536 (0 0 293) 64 (0 1 318.322) 60 (1 1 326.341) 500 (0 1 329) 658 (1 1 331.17) 218 (0 1 333.335) 264 (0 0 339.865) 65 (0 1 516) 53 (1 1 527.095) 253 (0 1 530.325) 265 (0 0 537.543) 737 (1 0 611.316) 297 (0 0 615.192) 429 (0 0 720) 

- route 10: 410 (0 0 118.611) 128 (0 1 120.358) 328 (0 0 126) 108 (1 0 172.785) 308 (0 0 175.199) 132 (0 1 181.461) 332 (0 0 190.757) 120 (0 1 199.589) 122 (1 1 207.844) 562 (0 1 211) 320 (0 0 234.178) 121 (0 1 305.607) 189 (1 1 311.86) 629 (0 1 315) 321 (0 0 335.512) 148 (1 0 341.4) 348 (0 0 345.214) 129 (0 1 348) 329 (0 0 354.963) 130 (1 0 408.048) 570 (0 0 411) 763 (1 0 445.013) 323 (0 0 448.169) 114 (0 1 452.731) 85 (0 2 473.332) 314 (0 1 496) 285 (0 0 512.131) 175 (0 1 522.49) 181 (1 1 533) 830 (2 1 536.998) 390 (1 1 538.782) 101 (1 2 553.274) 381 (0 2 560.05) 375 (0 1 563.66) 301 (0 0 578.132) 31 (1 0 632.439) 471 (0 0 635) 430 (0 0 720) 

- route 11: 411 (0 0 78.1204) 116 (0 1 80.1309) 316 (0 0 94) 124 (1 0 227.124) 564 (0 0 231) 117 (0 1 329.043) 138 (1 1 338.627) 338 (0 1 343.238) 317 (0 0 345.624) 720 (1 0 349.599) 280 (0 0 352.82) 197 (1 0 382.246) 637 (0 0 385) 105 (1 0 433) 305 (0 0 436.721) 747 (1 0 480.528) 307 (0 0 483.62) 149 (1 0 497) 349 (0 0 502.222) 37 (1 0 521.44) 477 (0 0 523) 139 (1 0 594.225) 339 (0 0 598.837) 81 (1 0 603.778) 521 (0 0 607) 135 (1 0 611) 335 (0 0 615.21) 431 (0 0 720) 

- route 12: 412 (0 0 82.693) 142 (1 0 87.0961) 342 (0 0 99) 143 (1 0 265.334) 666 (2 0 276.707) 226 (1 0 279) 343 (0 0 282.69) 104 (1 0 302.186) 304 (0 0 305) 111 (0 1 336.344) 311 (0 0 348.601) 125 (1 0 353.966) 565 (0 0 357) 136 (1 0 359.287) 576 (0 0 361) 140 (1 0 373.088) 340 (0 0 377) 109 (1 0 429) 309 (0 0 432.122) 27 (1 0 508) 467 (0 0 515) 753 (1 0 602.707) 313 (0 0 604.047) 771 (1 0 632.28) 331 (0 0 635.232) 432 (0 0 720) 

- route 13: 413 (0 0 122.596) 102 (0 1 126.038) 302 (0 0 135) 106 (1 0 196.01) 546 (0 0 199) 118 (1 0 209.403) 318 (0 0 214) 676 (1 0 263.734) 236 (0 0 265.294) 103 (0 1 327.669) 119 (1 1 331.791) 319 (0 1 336.388) 303 (0 0 339.373) 112 (1 0 345.941) 552 (0 0 347.281) 100 (0 1 350.428) 300 (0 0 368) 165 (1 0 392.56) 706 (2 0 396.232) 266 (1 0 397.651) 365 (0 0 408.047) 170 (0 1 449.273) 670 (1 1 474.906) 230 (0 1 476.393) 141 (1 1 480.57) 341 (0 1 484.482) 370 (0 0 487) 171 (0 1 575) 67 (1 1 604.365) 371 (1 0 612.171) 267 (0 0 624.049) 115 (0 1 627.01) 191 (1 1 634) 631 (0 1 637) 315 (0 0 672.431) 433 (0 0 720) 

- route 14: 414 (0 0 60.1584) 126 (0 1 66.5907) 24 (0 2 82.7339) 224 (0 1 90.6607) 326 (0 0 97) 8 (0 1 209.318) 208 (0 0 214) 746 (1 0 223.186) 306 (0 0 225) 0 (1 0 257.137) 440 (0 0 259) 20 (1 0 266.831) 460 (0 0 269) 726 (1 0 281.922) 683 (2 0 282.922) 286 (1 0 284.57) 243 (0 0 287.432) 18 (1 0 304.868) 458 (0 0 307) 75 (0 1 311) 16 (1 1 329.315) 216 (0 1 340.182) 275 (0 0 344.052) 147 (1 0 368) 134 (2 0 406.511) 334 (1 0 409.651) 347 (0 0 415.104) 133 (0 1 447) 333 (0 0 459.444) 785 (1 0 506.944) 345 (0 0 509.885) 777 (1 0 609.016) 337 (0 0 610.73) 434 (0 0 720) 

- route 15: 415 (0 0 166.819) 678 (1 0 168.819) 238 (0 0 170.099) 180 (1 0 250.874) 620 (0 0 253.395) 176 (1 0 254.939) 376 (0 0 258.404) 154 (0 1 261.338) 35 (1 1 267.894) 354 (1 0 272) 235 (0 0 308.87) 25 (0 1 339) 225 (0 0 349.39) 700 (1 0 355.77) 260 (0 0 358.703) 40 (1 0 368.541) 240 (0 0 372.076) 752 (1 0 373.919) 312 (0 0 376.284) 28 (1 0 425.578) 468 (0 0 427) 185 (0 1 478) 161 (1 1 515) 361 (0 1 521.689) 385 (0 0 527.198) 97 (1 0 575.681) 537 (0 0 579) 435 (0 0 720) 

- route 16: 416 (0 0 121.232) 690 (1 0 123.232) 250 (0 0 126) 196 (1 0 134.242) 636 (0 0 139) 182 (1 0 208.589) 622 (0 0 211.847) 51 (1 0 213.424) 491 (0 0 215) 186 (0 1 266.974) 164 (1 1 276.11) 364 (0 1 286.767) 386 (0 0 307) 765 (1 0 368.875) 325 (0 0 373.244) 187 (0 1 422) 823 (1 1 446.176) 383 (0 1 450.042) 799 (1 1 453.177) 359 (0 1 455.659) 387 (0 0 469.102) 179 (0 1 522) 173 (1 1 532.495) 379 (1 0 539.047) 373 (0 0 544.681) 199 (1 0 632) 399 (0 0 634.69) 436 (0 0 720) 

- route 17: 417 (0 0 107.408) 192 (0 1 114.673) 392 (0 0 125) 188 (1 0 180.619) 628 (0 0 183) 156 (1 0 208.473) 356 (0 0 226.833) 54 (1 0 230.394) 254 (0 0 235) 79 (1 0 247) 279 (0 0 257.975) 43 (1 0 260.443) 483 (0 0 263) 72 (1 0 267.534) 512 (0 0 271) 80 (1 0 305.794) 520 (0 0 307) 688 (1 0 346.927) 248 (0 0 349.174) 776 (1 0 403.016) 336 (0 0 404.849) 668 (1 0 452.234) 228 (0 0 453.425) 157 (1 0 457) 357 (0 0 484.041) 1 (1 0 537) 441 (0 0 541) 163 (0 1 583) 363 (0 0 590.359) 437 (0 0 720) 

- route 18: 418 (0 0 125.304) 152 (1 0 127.113) 352 (0 0 133) 828 (1 0 194.627) 388 (0 0 196.984) 174 (0 1 256.663) 820 (1 1 276.258) 380 (0 1 278.793) 374 (0 0 287.302) 76 (0 1 291.127) 660 (1 1 297.981) 220 (0 1 300) 736 (1 1 320.775) 276 (1 0 323.855) 296 (0 0 328) 837 (1 0 412.076) 397 (0 0 416.835) 177 (1 0 485) 377 (0 0 489.698) 190 (1 0 512.298) 630 (0 0 515) 831 (1 0 659.098) 391 (0 0 661.8) 438 (0 0 720) 

- route 19: 419 (0 0 174.737) 184 (0 1 178.14) 168 (0 2 188.226) 368 (0 1 213) 384 (0 0 227.339) 44 (0 1 244.828) 127 (0 2 254.16) 244 (0 1 258.761) 22 (1 1 265.023) 327 (1 0 285.697) 222 (0 0 300) 160 (1 0 353.431) 360 (0 0 358.224) 193 (0 1 364) 73 (1 1 368.777) 513 (0 1 371) 393 (0 0 377.991) 198 (1 0 387.873) 398 (0 0 390) 194 (1 0 400.753) 791 (2 0 403.677) 351 (1 0 405.134) 394 (0 0 413.833) 195 (1 0 637) 395 (0 0 650.08) 439 (0 0 720) 


