Data DARP: datafile0.txt
Transfers: 1
Relative MRT: 1
MRT factor: 1.5
Speed factor PT : 1
PT interval: 10
Iterations: 25000
Iter without impr: 500
Max removal pct: 0.3
Max deterior pct: 0.04
Clustered removal: 0
IDARP adapted: 1
Without operator:  0
Terminals per node: 3
Priority non PT: 0
Priority PT: 0
Priority long: 0
Priority short: 0
Current iteration: 0
Total distance: 3027.38
Computation time: 0.107684
Average ride time: 19.1866
Pct PT users: 0.25
Users PT: 2 3 12 13 20 21 26 27 28 30 31 54 55 58 59 68 69 74 75 78 79 90 91 102 103 118 119 122 123 140 141 142 143 144 145 153 164 165 168 169 180 181 184 185 188 189 194 195 198 199 

- route 0: 400 (0 0 73.8518) 2 (1 0 77.7482) 442 (0 0 81) 26 (1 0 105.955) 466 (0 0 109) 12 (1 0 135.165) 452 (0 0 136.974) 16 (1 0 140.95) 216 (0 0 146) 176 (1 0 173.033) 36 (1 1 201.057) 376 (0 1 207.447) 236 (0 0 213.062) 23 (0 1 231) 223 (0 0 258.859) 4 (1 0 263.498) 204 (0 0 267.981) 667 (1 0 270.854) 227 (0 0 273.899) 6 (1 0 276.544) 206 (0 0 279) 0 (1 0 318.299) 200 (0 0 326.05) 33 (1 0 342.525) 102 (2 0 347.878) 542 (1 0 353) 233 (0 0 369.802) 14 (1 0 470.368) 214 (0 0 479) 708 (1 0 486.858) 268 (0 0 489.048) 119 (1 0 566.986) 559 (0 0 571) 420 (0 0 720) 

- route 1: 401 (0 0 96.9298) 10 (0 1 100.41) 210 (0 0 106.284) 110 (1 0 122.638) 38 (2 0 135.154) 310 (1 0 136.968) 238 (0 0 146) 30 (1 0 154.627) 470 (0 0 157) 834 (1 0 208.782) 394 (0 0 211.864) 46 (1 0 260.305) 39 (2 0 270) 246 (1 0 273.128) 42 (2 0 276.549) 239 (1 0 283.993) 242 (0 0 303.619) 808 (1 0 330.142) 368 (0 0 335.523) 660 (1 0 348.057) 220 (0 0 349.36) 48 (1 0 353.727) 248 (0 0 358.397) 145 (1 0 362.013) 585 (0 0 364.058) 5 (1 0 368) 205 (0 0 374.224) 8 (1 0 408.16) 208 (0 0 411.812) 156 (1 0 441.292) 356 (0 0 469.139) 47 (1 0 474) 34 (2 0 477.457) 234 (1 0 481.187) 247 (0 0 487.975) 9 (1 0 495.013) 209 (0 0 498.665) 804 (1 0 502.075) 364 (0 0 505.065) 35 (1 0 571) 235 (0 0 576.094) 165 (1 0 597.217) 605 (0 0 599) 421 (0 0 720) 

- route 2: 402 (0 0 39.192) 28 (1 0 43.0199) 468 (0 0 47) 22 (0 1 109.829) 222 (0 0 130.222) 40 (0 1 148.077) 32 (1 1 157.25) 240 (1 0 160) 232 (0 0 181) 120 (0 1 291.867) 320 (0 0 313) 41 (0 1 359) 241 (0 0 371.2) 653 (1 0 383.104) 213 (0 0 384.913) 25 (0 1 429) 225 (0 0 434.292) 18 (1 0 439.525) 218 (0 0 447) 758 (1 0 474.079) 318 (0 0 478.093) 153 (1 0 509.776) 593 (0 0 511) 43 (1 0 547) 69 (2 0 576.531) 509 (1 0 580.713) 243 (0 0 583.182) 15 (1 0 642) 215 (0 0 654.448) 422 (0 0 720) 

- route 3: 403 (0 0 181.388) 784 (1 0 181.388) 344 (0 0 185) 423 (0 0 720) 

- route 4: 404 (0 0 720) 424 (0 0 720) 

- route 5: 405 (0 0 91.2132) 88 (0 1 96.1248) 288 (0 0 111) 666 (1 0 135.496) 226 (0 0 137.59) 70 (1 0 187.113) 270 (0 0 189) 27 (1 0 242.907) 467 (0 0 245) 824 (1 0 250.471) 384 (0 0 257) 58 (1 0 280.83) 498 (0 0 285) 731 (1 0 321.611) 291 (0 0 324.159) 828 (1 0 333.828) 82 (2 0 335.342) 388 (1 0 337.584) 282 (0 0 343.844) 97 (1 0 362.477) 297 (0 0 369.078) 50 (0 1 372.184) 838 (1 1 379.572) 398 (0 1 381.021) 250 (0 0 388.857) 99 (1 0 403.545) 73 (2 0 423) 273 (1 0 428.488) 299 (0 0 433.026) 52 (1 0 435.32) 252 (0 0 438) 181 (1 0 490) 621 (0 0 495) 53 (1 0 558.842) 253 (0 0 561.522) 83 (1 0 566.425) 85 (2 0 569) 283 (1 0 574.927) 285 (0 0 576.656) 61 (1 0 587.85) 261 (0 0 595.697) 199 (1 0 599.551) 639 (0 0 601) 425 (0 0 720) 

- route 6: 406 (0 0 71.503) 90 (1 0 73.0518) 530 (0 0 75) 86 (0 1 132.583) 98 (1 1 137.182) 286 (1 0 142) 298 (0 0 168) 150 (1 0 200.208) 11 (1 1 227.581) 211 (1 0 233.455) 350 (0 0 237) 762 (1 0 248.508) 322 (0 0 252.725) 643 (1 0 263.833) 203 (0 0 267.085) 89 (0 1 278) 289 (0 0 295.284) 57 (1 0 304) 257 (0 0 314.081) 92 (0 1 347.964) 292 (0 0 357.729) 60 (1 0 369.153) 260 (0 0 377) 185 (1 0 438.471) 625 (0 0 445) 80 (0 1 462.767) 280 (0 0 480) 19 (1 0 536.618) 219 (0 0 544.093) 21 (1 0 551.696) 461 (0 0 553) 49 (1 0 563.419) 249 (0 0 568.089) 81 (0 1 572) 281 (0 0 593.85) 93 (0 1 603.001) 293 (0 0 612.766) 709 (1 0 618.121) 269 (0 0 620.473) 426 (0 0 720) 

- route 7: 407 (0 0 44.4822) 78 (1 0 52.3259) 518 (0 0 59) 719 (1 0 314.998) 279 (0 0 321.672) 87 (0 1 360.162) 287 (0 0 367.648) 84 (1 0 373.562) 284 (0 0 379) 820 (1 0 388.141) 380 (0 0 391.725) 71 (1 0 401.285) 271 (0 0 403.172) 65 (1 0 410) 265 (0 0 412.247) 76 (1 0 440.78) 276 (0 0 442) 699 (1 0 484.662) 259 (0 0 488.832) 189 (1 0 562.359) 629 (0 0 565) 427 (0 0 720) 

- route 8: 408 (0 0 73.8595) 668 (1 0 94.2555) 228 (0 0 95.8337) 160 (1 0 134.049) 62 (1 1 154.14) 360 (0 1 168.844) 262 (0 0 190) 37 (0 1 375.913) 237 (0 0 386.447) 671 (1 0 390.093) 231 (0 0 392.466) 151 (1 0 423.949) 68 (2 0 445.107) 508 (1 0 447.207) 154 (1 1 460.26) 351 (0 1 466.75) 354 (0 0 471.537) 95 (1 0 483) 295 (0 0 515.949) 77 (1 0 524) 277 (0 0 525.33) 51 (0 1 541) 251 (0 0 557.673) 428 (0 0 720) 

- route 9: 409 (0 0 102.295) 642 (1 0 104.295) 202 (0 0 107.581) 54 (1 0 197.299) 494 (0 0 201) 56 (1 0 207.946) 256 (0 0 215) 161 (1 0 242.518) 72 (2 0 257.512) 272 (1 0 261.71) 361 (0 0 274.372) 94 (1 0 294.7) 294 (0 0 317) 67 (1 0 371) 267 (0 0 386.174) 74 (1 0 405.529) 514 (0 0 408.318) 695 (1 0 409.318) 255 (0 0 413.02) 115 (1 0 468) 315 (0 0 508.138) 163 (0 1 626.963) 363 (0 0 650.556) 715 (1 0 673.189) 275 (0 0 675.979) 429 (0 0 720) 

- route 10: 410 (0 0 54.7042) 148 (0 1 57.0124) 146 (1 1 66.8968) 346 (0 1 92) 348 (0 0 104.787) 96 (1 0 121.399) 296 (0 0 128) 66 (1 0 132.807) 266 (0 0 143.256) 130 (0 1 160.251) 330 (0 0 175) 114 (1 0 203.918) 314 (0 0 231.009) 64 (1 0 232.322) 264 (0 0 234.153) 3 (1 0 237.252) 443 (0 0 241) 138 (1 0 266.046) 338 (0 0 271.751) 126 (1 0 273.108) 326 (0 0 278.082) 91 (1 0 280.994) 531 (0 0 283) 188 (1 0 302.778) 628 (0 0 304.666) 147 (1 0 320.843) 111 (2 0 344.48) 347 (1 0 354.768) 311 (0 0 359.986) 108 (0 1 367.45) 17 (1 1 391.571) 217 (0 1 396.621) 308 (0 0 399.957) 195 (1 0 403.918) 635 (0 0 407) 169 (1 0 419.62) 609 (0 0 425) 44 (0 1 463.933) 100 (0 2 485.122) 300 (0 1 490.219) 244 (0 0 495) 125 (1 0 568) 325 (0 0 580.653) 759 (1 0 594.079) 319 (0 0 597.811) 783 (1 0 606.747) 343 (0 0 612.323) 101 (0 1 622) 301 (0 0 628.145) 430 (0 0 720) 

- route 11: 411 (0 0 162.365) 652 (1 0 162.365) 212 (0 0 165.078) 122 (1 0 218.697) 562 (0 0 225) 128 (1 0 231.911) 328 (0 0 235) 149 (0 1 274.709) 113 (0 2 299) 349 (0 1 322.484) 313 (0 0 336.39) 142 (1 0 378.961) 582 (0 0 385) 129 (1 0 394) 329 (0 0 398.134) 124 (1 0 442.578) 324 (0 0 451.347) 134 (1 0 453.623) 334 (0 0 463) 135 (1 0 604.908) 335 (0 0 614.285) 45 (0 1 617) 245 (0 0 649.201) 431 (0 0 720) 

- route 12: 412 (0 0 102.587) 718 (1 0 104.587) 278 (0 0 105.998) 730 (1 0 114.211) 290 (0 0 116.217) 63 (0 1 379.385) 263 (0 0 409.404) 59 (1 0 440.296) 499 (0 0 443) 118 (1 0 447.268) 558 (0 0 451) 763 (1 0 468.508) 323 (0 0 474.81) 137 (1 0 528) 337 (0 0 539.888) 432 (0 0 720) 

- route 13: 413 (0 0 152.131) 144 (1 0 154.279) 584 (0 0 157) 79 (1 0 268) 519 (0 0 271) 136 (1 0 286.076) 336 (0 0 294.334) 132 (1 0 298.727) 332 (0 0 305) 20 (1 0 331.583) 460 (0 0 335) 121 (0 1 393) 321 (0 0 423.2) 133 (1 0 445.339) 333 (0 0 451.612) 105 (0 1 471.179) 127 (1 1 493.607) 327 (0 1 498.58) 305 (0 0 502.036) 109 (0 1 524.769) 743 (1 1 545.97) 303 (0 1 551.092) 309 (0 0 568.591) 433 (0 0 720) 

- route 14: 414 (0 0 124.34) 112 (0 1 130.073) 312 (0 0 156) 13 (1 0 355) 453 (0 0 359) 785 (1 0 390.903) 345 (0 0 394.051) 106 (1 0 475.581) 306 (0 0 482) 107 (1 0 577) 307 (0 0 586.128) 781 (1 0 655.663) 341 (0 0 658.2) 434 (0 0 720) 

- route 15: 415 (0 0 134.75) 116 (1 0 152.206) 194 (2 0 167.071) 634 (1 0 171) 316 (0 0 179.924) 186 (1 0 205.498) 386 (0 0 209) 694 (1 0 223.626) 254 (0 0 226.059) 196 (0 1 236.439) 29 (1 1 245.771) 117 (2 1 249.862) 317 (1 1 268.673) 24 (1 2 285.654) 224 (1 1 290.182) 229 (0 1 296.831) 396 (0 0 298.787) 698 (1 0 325.961) 258 (0 0 328.665) 131 (0 1 337.682) 140 (1 1 348.401) 580 (0 1 351.363) 331 (0 0 354.612) 170 (1 0 368.313) 370 (0 0 373.091) 162 (0 1 376.407) 362 (0 0 400) 139 (1 0 421.094) 339 (0 0 426.8) 123 (1 0 440.783) 563 (0 0 445) 177 (1 0 449) 1 (2 0 453.981) 201 (1 0 461.732) 377 (0 0 486.747) 171 (1 0 498) 371 (0 0 504.666) 103 (1 0 519.659) 543 (0 0 523) 143 (1 0 576) 583 (0 0 579) 829 (1 0 593.489) 389 (0 0 597.164) 155 (0 1 607.195) 355 (0 0 616.067) 159 (1 0 623.818) 359 (0 0 627.216) 141 (1 0 631.537) 581 (0 0 633) 435 (0 0 720) 

- route 16: 416 (0 0 119.42) 172 (1 0 120.951) 372 (0 0 124) 174 (1 0 168.855) 374 (0 0 173) 184 (1 0 216.6) 624 (0 0 219) 192 (1 0 236.122) 392 (0 0 239) 182 (0 1 254.673) 382 (0 0 268.899) 168 (1 0 275.614) 608 (0 0 279) 152 (1 0 289.669) 167 (2 0 292.824) 367 (1 0 298.484) 352 (0 0 318.205) 104 (0 1 325.439) 304 (0 0 352.255) 180 (1 0 356.774) 620 (0 0 359) 780 (1 0 373.602) 340 (0 0 375.065) 55 (1 0 384.259) 495 (0 0 387) 158 (1 0 394.602) 358 (0 0 398) 714 (1 0 433.56) 274 (0 0 435) 187 (1 0 453.187) 387 (0 0 456.689) 164 (1 0 460.027) 604 (0 0 463) 825 (1 0 472.786) 809 (2 0 473.786) 385 (1 0 476.186) 369 (0 0 479.528) 821 (1 0 522.725) 381 (0 0 524.951) 436 (0 0 720) 

- route 17: 417 (0 0 146.981) 166 (1 0 148.34) 366 (0 0 154) 670 (1 0 198.093) 230 (0 0 202.629) 193 (1 0 320.062) 393 (0 0 322.939) 175 (1 0 331.632) 375 (0 0 335.777) 190 (0 1 343.006) 390 (0 0 352.471) 198 (1 0 358.925) 638 (0 0 363) 742 (1 0 376.551) 302 (0 0 379.311) 782 (1 0 412.048) 342 (0 0 415.284) 835 (1 0 444.782) 395 (0 0 448.711) 191 (0 1 458.542) 391 (0 0 468.007) 7 (1 0 500) 207 (0 0 503.184) 197 (0 1 550) 157 (1 1 561) 661 (2 1 566.057) 221 (1 1 569.473) 357 (0 1 602.271) 397 (0 0 615.448) 75 (1 0 645) 515 (0 0 649) 437 (0 0 720) 

- route 18: 418 (0 0 333.945) 173 (1 0 336.718) 373 (0 0 339.767) 31 (1 0 344.464) 471 (0 0 349) 178 (0 1 364.958) 378 (0 0 375) 179 (0 1 487) 379 (0 0 500.562) 793 (1 0 538.298) 353 (0 0 541.053) 839 (1 0 617.572) 399 (0 0 621.647) 805 (1 0 639.167) 365 (0 0 642.255) 438 (0 0 720) 

- route 19: 419 (0 0 363.684) 183 (0 1 368) 383 (0 0 387.839) 439 (0 0 720) 


Data DARP: datafile_4_request.txt
Transfers: 1
Relative MRT: 1
MRT factor: 1.5
Speed factor PT : 1
PT interval: 10
Iterations: 25000
Iter without impr: 500
Max removal pct: 0.3
Max deterior pct: 0.04
Clustered removal: 0
IDARP adapted: 1
Without operator:  0
Terminals per node: 3
Priority non PT: 0
Priority PT: 0
Priority long: 0
Priority short: 0
Current iteration: 0
Total distance: 8.07075
Computation time: 0.0097798
Average ride time: 1.6701
Pct PT users: 0
Users PT: 

- route 0: 8 (0 0 15.6033) 0 (1 0 15.8333) 4 (0 0 18.9654) 1 (1 0 20.8333) 5 (0 0 22.6193) 3 (1 0 23.4491) 7 (0 0 25.0633) 2 (1 0 25.8333) 6 (0 0 27.9815) 10 (0 0 735.603) 

- route 1: 9 (0 0 1440) 11 (0 0 1440) 


Data DARP: datafile_4_request.txt
Transfers: 1
Relative MRT: 1
MRT factor: 1.5
Speed factor PT : 1
PT interval: 10
Iterations: 25000
Iter without impr: 500
Max removal pct: 0.3
Max deterior pct: 0.04
Clustered removal: 0
IDARP adapted: 1
Without operator:  0
Terminals per node: 3
Priority non PT: 0
Priority PT: 0
Priority long: 0
Priority short: 0
Current iteration: 5000
Total distance: 8.07075
Computation time: 0.0857078
Average ride time: 1.6701
Pct PT users: 0
Users PT: 

- route 0: 8 (0 0 15.6033) 0 (1 0 15.8333) 4 (0 0 18.9654) 1 (1 0 20.8333) 5 (0 0 22.6193) 3 (1 0 23.4491) 7 (0 0 25.0633) 2 (1 0 25.8333) 6 (0 0 27.9815) 10 (0 0 735.603) 

- route 1: 9 (0 0 1440) 11 (0 0 1440) 


Data DARP: datafile_4_request.txt
Transfers: 1
Relative MRT: 1
MRT factor: 1.5
Speed factor PT : 1
PT interval: 10
Iterations: 25000
Iter without impr: 500
Max removal pct: 0.3
Max deterior pct: 0.04
Clustered removal: 0
IDARP adapted: 1
Without operator:  0
Terminals per node: 3
Priority non PT: 0
Priority PT: 0
Priority long: 0
Priority short: 0
Current iteration: 10000
Total distance: 8.07075
Computation time: 0.162617
Average ride time: 1.6701
Pct PT users: 0
Users PT: 

- route 0: 8 (0 0 15.6033) 0 (1 0 15.8333) 4 (0 0 18.9654) 1 (1 0 20.8333) 5 (0 0 22.6193) 3 (1 0 23.4491) 7 (0 0 25.0633) 2 (1 0 25.8333) 6 (0 0 27.9815) 10 (0 0 735.603) 

- route 1: 9 (0 0 1440) 11 (0 0 1440) 


Data DARP: datafile_4_request.txt
Transfers: 1
Relative MRT: 1
MRT factor: 1.5
Speed factor PT : 1
PT interval: 10
Iterations: 25000
Iter without impr: 500
Max removal pct: 0.3
Max deterior pct: 0.04
Clustered removal: 0
IDARP adapted: 1
Without operator:  0
Terminals per node: 3
Priority non PT: 0
Priority PT: 0
Priority long: 0
Priority short: 0
Current iteration: 15000
Total distance: 8.07075
Computation time: 0.239052
Average ride time: 1.6701
Pct PT users: 0
Users PT: 

- route 0: 8 (0 0 15.6033) 0 (1 0 15.8333) 4 (0 0 18.9654) 1 (1 0 20.8333) 5 (0 0 22.6193) 3 (1 0 23.4491) 7 (0 0 25.0633) 2 (1 0 25.8333) 6 (0 0 27.9815) 10 (0 0 735.603) 

- route 1: 9 (0 0 1440) 11 (0 0 1440) 


Data DARP: datafile_4_request.txt
Transfers: 1
Relative MRT: 1
MRT factor: 1.5
Speed factor PT : 1
PT interval: 10
Iterations: 25000
Iter without impr: 500
Max removal pct: 0.3
Max deterior pct: 0.04
Clustered removal: 0
IDARP adapted: 1
Without operator:  0
Terminals per node: 3
Priority non PT: 0
Priority PT: 0
Priority long: 0
Priority short: 0
Current iteration: 20000
Total distance: 8.07075
Computation time: 0.314614
Average ride time: 1.6701
Pct PT users: 0
Users PT: 

- route 0: 8 (0 0 15.6033) 0 (1 0 15.8333) 4 (0 0 18.9654) 1 (1 0 20.8333) 5 (0 0 22.6193) 3 (1 0 23.4491) 7 (0 0 25.0633) 2 (1 0 25.8333) 6 (0 0 27.9815) 10 (0 0 735.603) 

- route 1: 9 (0 0 1440) 11 (0 0 1440) 


Data DARP: datafile_4_request.txt
Transfers: 1
Relative MRT: 1
MRT factor: 1.5
Speed factor PT : 1
PT interval: 10
Iterations: 25000
Iter without impr: 500
Max removal pct: 0.3
Max deterior pct: 0.04
Clustered removal: 0
IDARP adapted: 1
Without operator:  0
Terminals per node: 3
Priority non PT: 0
Priority PT: 0
Priority long: 0
Priority short: 0
Current iteration: 25000
Total distance: 8.07075
Computation time: 0.390127
Average ride time: 1.6701
Pct PT users: 0
Users PT: 

- route 0: 8 (0 0 15.6033) 0 (1 0 15.8333) 4 (0 0 18.9654) 1 (1 0 20.8333) 5 (0 0 22.6193) 3 (1 0 23.4491) 7 (0 0 25.0633) 2 (1 0 25.8333) 6 (0 0 27.9815) 10 (0 0 735.603) 

- route 1: 9 (0 0 1440) 11 (0 0 1440) 


