Data DARP: datafile1.txt
Transfers: 1
Relative MRT: 1
MRT factor: 1.5
Speed factor PT : 1
PT interval: 10
Iterations: 100
Iter without impr: 500
Max removal pct: 0.3
Max deterior pct: 0.04
Clustered removal: 0
IDARP adapted: 1
Without operator:  0
Terminals per node: 3
Priority non PT: 0
Priority PT: 0
Priority long: 0
Priority short: 0
Current iteration: 0
Total distance: 3148.89
Computation time: 0.11109
Average ride time: 17.3821
Pct PT users: 0.18
Users PT: 2 3 18 19 46 47 52 53 56 57 60 61 76 77 88 89 98 99 110 111 120 121 134 135 138 139 142 143 164 165 168 169 170 171 192 193 

- route 0: 400 (0 0 92.1155) 6 (1 0 99.7197) 206 (0 0 107) 44 (1 0 115.905) 244 (0 0 121) 782 (1 0 132.243) 342 (0 0 134.206) 10 (1 0 136.144) 210 (0 0 141) 18 (1 0 171.384) 458 (0 0 173) 11 (1 0 233) 211 (0 0 238.482) 7 (1 0 242.391) 207 (0 0 249.672) 50 (0 1 261.079) 250 (0 0 283) 30 (1 0 324.715) 230 (0 0 327) 696 (1 0 395.92) 256 (0 0 399.262) 57 (1 0 489.657) 497 (0 0 493) 29 (1 0 519) 229 (0 0 529.338) 77 (1 0 541) 517 (0 0 547) 135 (1 0 577.13) 575 (0 0 579) 643 (1 0 611.506) 203 (0 0 614.677) 420 (0 0 720) 

- route 1: 401 (0 0 230.184) 738 (1 0 230.184) 750 (2 0 231.184) 310 (1 0 232.807) 298 (0 0 234.781) 8 (1 0 251.351) 208 (0 0 254) 12 (0 1 278.249) 212 (0 0 288.462) 45 (1 0 298.156) 245 (0 0 303.251) 20 (0 1 313.372) 220 (0 0 325) 28 (1 0 357.994) 228 (0 0 365.219) 51 (0 1 372) 251 (0 0 403.382) 94 (1 0 422.474) 294 (0 0 428) 774 (1 0 451.308) 334 (0 0 453.178) 31 (1 0 466) 231 (0 0 468.928) 35 (1 0 551) 235 (0 0 555.461) 23 (1 0 588) 1 (1 1 594) 223 (0 1 605.62) 201 (0 0 610.335) 421 (0 0 720) 

- route 2: 402 (0 0 265.168) 40 (1 0 267.675) 240 (0 0 277) 33 (0 1 298.365) 233 (0 0 320.364) 111 (1 0 326) 551 (0 0 329) 99 (1 0 377.3) 539 (0 0 379) 9 (1 0 402.525) 209 (0 0 405.173) 41 (1 0 411) 659 (2 0 421.094) 219 (1 0 422.711) 241 (0 0 424.488) 21 (0 1 435) 221 (0 0 450.942) 49 (1 0 465) 249 (0 0 473.621) 422 (0 0 720) 

- route 3: 403 (0 0 282.416) 778 (1 0 282.416) 338 (0 0 286.072) 34 (1 0 312.693) 234 (0 0 316) 423 (0 0 720) 

- route 4: 404 (0 0 720) 424 (0 0 720) 

- route 5: 405 (0 0 67.8135) 52 (1 0 69.2241) 492 (0 0 71) 60 (1 0 101.567) 500 (0 0 107) 760 (1 0 125.474) 320 (0 0 128.274) 70 (1 0 132.624) 270 (0 0 139.293) 32 (0 1 152.001) 232 (0 0 174) 136 (0 1 194.666) 110 (1 1 209.509) 550 (0 1 213.341) 336 (0 0 228) 96 (0 1 247.602) 296 (0 0 273.024) 124 (1 0 283.827) 26 (2 0 301.704) 226 (1 0 308) 324 (0 0 333.059) 177 (1 0 365.629) 377 (0 0 372.225) 170 (1 0 377.972) 610 (0 0 381) 197 (1 0 387.412) 397 (0 0 391.204) 154 (1 0 395.108) 161 (2 0 398) 361 (1 0 401.21) 354 (0 0 404) 73 (0 1 469) 81 (0 2 484) 273 (0 1 507.911) 281 (0 0 519.836) 95 (1 0 530) 295 (0 0 537.788) 171 (1 0 556.838) 611 (0 0 561) 55 (1 0 570.573) 255 (0 0 574.085) 717 (1 0 575.693) 277 (0 0 578.526) 79 (1 0 586.627) 127 (2 0 596) 279 (1 0 601.883) 327 (0 0 644.658) 425 (0 0 720) 

- route 6: 406 (0 0 50.0404) 64 (0 1 54.365) 264 (0 0 77.8176) 14 (1 0 100.128) 214 (0 0 120) 162 (1 0 186.908) 362 (0 0 196.825) 98 (1 0 210.872) 538 (0 0 215) 71 (1 0 302) 271 (0 0 309.832) 67 (1 0 311) 267 (0 0 313.525) 87 (0 1 326) 287 (0 0 334.109) 686 (1 0 342.166) 246 (0 0 344) 693 (1 0 363.241) 253 (0 0 365.017) 121 (1 0 376.2) 561 (0 0 379) 92 (0 1 387.868) 701 (1 1 394.521) 292 (1 0 398.441) 261 (0 0 405.902) 47 (1 0 443.564) 54 (2 0 446.006) 487 (1 0 449) 254 (0 0 450.773) 63 (1 0 472) 263 (0 0 478.778) 159 (1 0 511.482) 697 (2 0 513.906) 257 (1 0 516.562) 359 (0 0 537.779) 93 (0 1 557) 293 (0 0 569.326) 17 (0 1 615) 43 (1 1 624.397) 243 (0 1 641.502) 217 (0 0 647.14) 426 (0 0 720) 

- route 7: 407 (0 0 100.284) 74 (0 1 108.521) 274 (0 0 119) 82 (0 1 208.76) 282 (0 0 215) 164 (1 0 285.574) 604 (0 0 287) 65 (0 1 314.168) 83 (0 2 333.081) 283 (0 1 339.321) 265 (0 0 346.754) 68 (0 1 357.606) 268 (0 0 368.906) 56 (1 0 372.358) 496 (0 0 375) 810 (1 0 398.057) 370 (0 0 402.219) 100 (0 1 432.669) 300 (0 0 439.365) 126 (1 0 448.436) 16 (1 1 469.885) 42 (2 1 477.524) 326 (1 1 494) 242 (0 1 498) 216 (0 0 502.026) 427 (0 0 720) 

- route 8: 408 (0 0 92.106) 86 (0 1 95.8616) 286 (0 0 103) 66 (1 0 198.864) 266 (0 0 200.881) 90 (0 1 208.194) 290 (0 0 219) 58 (1 0 238.49) 258 (0 0 259) 158 (1 0 285.819) 88 (2 0 303.562) 528 (1 0 305) 358 (0 0 313.846) 91 (0 1 320) 291 (0 0 334.709) 75 (0 1 367) 275 (0 0 381.219) 78 (1 0 405.496) 278 (0 0 416) 125 (1 0 461.526) 25 (2 0 492) 325 (1 0 499.748) 225 (0 0 508.712) 187 (1 0 582) 387 (0 0 588.21) 39 (0 1 625) 239 (0 0 672.463) 428 (0 0 720) 

- route 9: 409 (0 0 231.995) 62 (1 0 236.148) 262 (0 0 241) 72 (0 1 249.996) 272 (0 0 278) 172 (1 0 311.579) 372 (0 0 318) 118 (1 0 350.242) 318 (0 0 382) 729 (1 0 484.008) 289 (0 0 485.446) 429 (0 0 720) 

- route 10: 410 (0 0 117.767) 106 (0 1 120.848) 306 (0 0 126) 140 (1 0 175.928) 340 (0 0 183.106) 128 (1 0 194.96) 658 (2 0 202.215) 218 (1 0 206) 328 (0 0 210.083) 146 (0 1 224.124) 346 (0 0 230) 199 (0 1 249.144) 399 (0 0 270.196) 37 (0 1 289.488) 46 (1 1 311.909) 486 (0 1 315) 237 (0 0 332.698) 143 (1 0 349.8) 583 (0 0 353) 808 (1 0 379.645) 368 (0 0 381.919) 193 (1 0 386.73) 633 (0 0 389) 147 (0 1 393) 347 (0 0 400.314) 761 (1 0 416.784) 321 (0 0 422.32) 141 (1 0 449.225) 129 (2 0 455) 341 (1 0 459.492) 329 (0 0 470.123) 165 (1 0 493.785) 605 (0 0 495.966) 779 (1 0 498.966) 339 (0 0 501.921) 101 (0 1 579.526) 301 (0 0 586.223) 775 (1 0 595.308) 335 (0 0 599.671) 169 (1 0 622.711) 609 (0 0 625) 149 (0 1 631) 349 (0 0 637.967) 430 (0 0 720) 

- route 11: 411 (0 0 107.948) 142 (1 0 109.045) 582 (0 0 111) 144 (1 0 148.381) 344 (0 0 166) 122 (0 1 209.659) 322 (0 0 218) 117 (1 0 306.419) 317 (0 0 324.644) 133 (0 1 331.895) 333 (0 0 337.858) 59 (1 0 343.774) 751 (2 0 348.288) 311 (1 0 350.829) 130 (2 0 354.43) 330 (1 0 356.945) 259 (0 0 374.038) 13 (0 1 405) 2 (1 1 413.342) 442 (0 1 414.797) 213 (0 0 418.819) 0 (0 1 426.11) 200 (0 0 438) 139 (1 0 469.894) 579 (0 0 473.55) 687 (1 0 476.55) 247 (0 0 480.247) 103 (1 0 494) 131 (2 0 505.795) 331 (1 0 508.31) 303 (0 0 515.408) 179 (1 0 529) 379 (0 0 540.338) 115 (0 1 554) 3 (1 1 587.711) 443 (0 1 591) 315 (0 0 600.086) 431 (0 0 720) 

- route 12: 412 (0 0 89.5105) 112 (1 0 89.6095) 692 (2 0 102.571) 252 (1 0 104) 312 (0 0 127.927) 113 (1 0 324.499) 313 (0 0 350.378) 107 (0 1 353) 307 (0 0 359.228) 783 (1 0 374.123) 343 (0 0 376.221) 19 (1 0 384.5) 459 (0 0 387) 114 (0 1 414.053) 123 (0 2 420.553) 323 (0 1 428.893) 314 (0 0 457) 119 (1 0 516) 319 (0 0 563.137) 432 (0 0 720) 

- route 13: 413 (0 0 86.8997) 36 (0 1 112.707) 132 (0 2 138.828) 332 (0 1 144.791) 236 (0 0 150) 138 (1 0 254.045) 578 (0 0 257) 832 (1 0 280.745) 392 (0 0 283.015) 24 (1 0 299.001) 224 (0 0 310.475) 804 (1 0 313.334) 364 (0 0 315.516) 102 (1 0 333.466) 97 (1 1 344.224) 302 (0 1 353.119) 22 (1 1 357.92) 222 (0 1 370) 297 (0 0 380.858) 739 (1 0 396.648) 299 (0 0 401.209) 642 (1 0 437.132) 202 (0 0 440.307) 433 (0 0 720) 

- route 14: 414 (0 0 720) 434 (0 0 720) 

- route 15: 415 (0 0 66.913) 198 (0 1 68.3705) 120 (1 1 82.1532) 560 (0 1 87) 398 (0 0 98.4483) 116 (1 0 127.867) 104 (1 1 141.42) 316 (0 1 154) 304 (0 0 166.372) 188 (1 0 181.39) 48 (2 0 211.071) 248 (1 0 217.151) 388 (0 0 222) 4 (1 0 244.478) 204 (0 0 268.618) 76 (1 0 289.261) 516 (0 0 291) 80 (0 1 319.078) 5 (1 1 346.037) 280 (1 0 352.473) 15 (2 0 357.794) 205 (1 0 376.968) 215 (0 0 379.007) 38 (0 1 385.378) 27 (1 1 390.566) 227 (0 1 396.862) 238 (0 0 421) 185 (1 0 432) 385 (0 0 437.654) 173 (1 0 448.375) 89 (2 0 454) 529 (1 0 456.157) 373 (0 0 457.507) 151 (1 0 476) 351 (0 0 489.395) 805 (1 0 520.399) 365 (0 0 523.726) 811 (1 0 578.057) 371 (0 0 581.085) 435 (0 0 720) 

- route 16: 416 (0 0 122.64) 174 (1 0 126.183) 374 (0 0 132) 196 (1 0 149.208) 396 (0 0 153) 84 (0 1 177.371) 284 (0 0 203) 160 (1 0 235.04) 360 (0 0 238) 167 (1 0 243.366) 367 (0 0 245.974) 192 (1 0 251.8) 632 (0 0 255) 178 (1 0 284.561) 378 (0 0 294.3) 183 (1 0 304.202) 383 (0 0 307.906) 163 (1 0 316.534) 363 (0 0 326.451) 728 (1 0 328.546) 288 (0 0 330.073) 168 (1 0 338.909) 608 (0 0 343) 152 (1 0 356.509) 61 (2 0 362.727) 501 (1 0 367) 352 (0 0 369) 175 (1 0 377.289) 375 (0 0 383.106) 157 (1 0 385.303) 357 (0 0 399.165) 833 (1 0 414.745) 393 (0 0 417.944) 194 (1 0 464.611) 394 (0 0 468) 195 (1 0 551.578) 395 (0 0 554.967) 153 (1 0 559) 353 (0 0 572.169) 809 (1 0 664.646) 369 (0 0 668.84) 436 (0 0 720) 

- route 17: 417 (0 0 133.726) 182 (1 0 134.464) 700 (2 0 136.836) 382 (1 0 139.241) 260 (0 0 143) 176 (1 0 174.404) 376 (0 0 181) 105 (0 1 236.413) 305 (0 0 256.662) 156 (1 0 267.138) 356 (0 0 281) 184 (1 0 316.778) 384 (0 0 320.881) 53 (1 0 329.823) 493 (0 0 332.509) 186 (1 0 336.847) 386 (0 0 341.32) 108 (0 1 354.751) 308 (0 0 385) 137 (0 1 413.758) 134 (1 1 430.637) 574 (0 1 435) 148 (0 2 445.62) 348 (0 1 451.265) 337 (0 0 458.969) 181 (0 1 489) 381 (0 0 525.575) 155 (1 0 620) 355 (0 0 629.146) 437 (0 0 720) 

- route 18: 418 (0 0 227.761) 180 (0 1 230.554) 145 (1 1 244.449) 380 (1 0 261) 345 (0 0 270.376) 716 (1 0 323.393) 276 (0 0 326) 189 (1 0 383.631) 85 (1 1 411) 389 (0 1 428.264) 285 (0 0 447.943) 69 (0 1 564) 269 (0 0 579.451) 109 (0 1 610) 309 (0 0 653.874) 438 (0 0 720) 

- route 19: 419 (0 0 162.713) 166 (1 0 163.392) 366 (0 0 166) 190 (1 0 256.087) 390 (0 0 258) 150 (1 0 389.737) 350 (0 0 399) 191 (1 0 504) 391 (0 0 506.37) 439 (0 0 720) 


Data DARP: datafile1.txt
Transfers: 1
Relative MRT: 1
MRT factor: 1.5
Speed factor PT : 1
PT interval: 10
Iterations: 25000
Iter without impr: 500
Max removal pct: 0.3
Max deterior pct: 0.04
Clustered removal: 0
IDARP adapted: 1
Without operator:  0
Terminals per node: 3
Priority non PT: 0
Priority PT: 0
Priority long: 0
Priority short: 0
Current iteration: 0
Total distance: 3133.59
Computation time: 0.170743
Average ride time: 17.4884
Pct PT users: 0.175
Users PT: 2 3 18 19 23 46 47 52 53 56 57 60 61 76 77 89 98 99 110 111 120 121 134 135 138 139 142 143 164 165 168 170 171 192 193 

- route 0: 400 (0 0 130.966) 782 (1 0 130.966) 342 (0 0 134.206) 10 (1 0 136.144) 210 (0 0 141) 18 (1 0 171.384) 458 (0 0 173) 40 (1 0 267.675) 240 (0 0 277) 26 (1 0 301.704) 226 (0 0 308) 143 (1 0 353.818) 22 (2 0 356.763) 583 (1 0 360.623) 222 (0 0 370) 189 (1 0 389) 696 (2 0 402.35) 256 (1 0 406.643) 389 (0 0 440.003) 125 (1 0 468.852) 57 (2 0 486.707) 497 (1 0 491) 325 (0 0 518.084) 35 (1 0 551) 235 (0 0 555.461) 23 (1 0 578.307) 463 (0 0 583) 39 (0 1 615.938) 155 (1 1 620) 355 (0 1 629.146) 239 (0 0 663.401) 420 (0 0 720) 

- route 1: 401 (0 0 91.2073) 36 (0 1 99.1172) 44 (1 1 109.536) 244 (0 1 114.631) 236 (0 0 138.428) 104 (0 1 146.123) 304 (0 0 166.372) 188 (1 0 181.39) 48 (2 0 211.071) 248 (1 0 217.151) 388 (0 0 222) 12 (0 1 268.309) 212 (0 0 278.522) 37 (0 1 300.494) 33 (0 2 308) 233 (0 1 330.052) 237 (0 0 343.704) 99 (1 0 377.3) 539 (0 0 379) 27 (1 0 384.87) 227 (0 0 391.166) 13 (0 1 396.431) 213 (0 0 406.644) 9 (1 0 413) 209 (0 0 416.473) 0 (0 1 426.11) 200 (0 0 438) 29 (1 0 519) 229 (0 0 529.338) 135 (1 0 567.13) 575 (0 0 569) 421 (0 0 720) 

- route 2: 402 (0 0 230.952) 11 (1 0 233) 211 (0 0 239.784) 8 (1 0 251.351) 208 (0 0 254) 20 (0 1 301.048) 220 (0 0 312.676) 111 (1 0 317.377) 551 (0 0 319) 716 (1 0 323.393) 276 (0 0 326) 2 (1 0 415.545) 442 (0 0 417) 21 (0 1 435) 221 (0 0 450.942) 687 (1 0 477.118) 247 (0 0 480.209) 77 (1 0 541) 517 (0 0 547) 643 (1 0 619.222) 203 (0 0 620.677) 422 (0 0 720) 

- route 3: 403 (0 0 240.3) 738 (1 0 240.3) 298 (0 0 242) 46 (1 0 298.086) 486 (0 0 301.177) 45 (1 0 303.773) 245 (0 0 308.867) 34 (1 0 312.693) 234 (0 0 316) 30 (1 0 324.715) 230 (0 0 327) 28 (1 0 357.726) 38 (1 1 361.844) 228 (0 1 368) 154 (1 1 395.108) 161 (2 1 398) 361 (1 1 401.21) 354 (0 1 404) 238 (0 0 409.307) 774 (1 0 451.308) 334 (0 0 453.178) 31 (1 0 466) 231 (0 0 468.784) 16 (0 1 473.256) 42 (1 1 480.895) 242 (0 1 498) 216 (0 0 505.397) 93 (0 1 557) 293 (0 0 569.326) 717 (1 0 576.788) 277 (0 0 578.526) 17 (0 1 615) 43 (1 1 624.397) 243 (0 1 641.502) 217 (0 0 647.14) 423 (0 0 720) 

- route 4: 404 (0 0 231.031) 750 (1 0 231.031) 310 (0 0 232.654) 7 (1 0 242.391) 207 (0 0 249.672) 50 (0 1 261.079) 250 (0 0 283) 51 (0 1 372) 251 (0 0 403.382) 49 (1 0 465) 249 (0 0 473.621) 139 (1 0 477.344) 579 (0 0 481) 1 (0 1 584.885) 663 (1 1 592.067) 223 (0 1 595.927) 201 (0 0 601.221) 424 (0 0 720) 

- route 5: 405 (0 0 63.1787) 52 (1 0 64.5893) 492 (0 0 67) 60 (1 0 101.567) 500 (0 0 107) 760 (1 0 122.784) 320 (0 0 125.584) 66 (1 0 198.864) 266 (0 0 200.881) 90 (0 1 208.194) 290 (0 0 219) 76 (1 0 290.166) 516 (0 0 293) 91 (0 1 320) 291 (0 0 332.898) 83 (0 1 341.112) 283 (0 0 347.351) 693 (1 0 350.772) 253 (0 0 353.183) 68 (0 1 361) 121 (1 1 368.323) 561 (0 1 371.124) 268 (0 0 376.286) 56 (1 0 379.738) 496 (0 0 383) 739 (1 0 396.648) 299 (0 0 401.209) 63 (1 0 472) 263 (0 0 478.778) 729 (1 0 484.008) 289 (0 0 485.446) 697 (1 0 510.35) 257 (0 0 513.612) 55 (1 0 585) 255 (0 0 589.768) 425 (0 0 720) 

- route 6: 406 (0 0 48.6268) 64 (0 1 52.9513) 264 (0 0 76.404) 86 (0 1 95.8616) 286 (0 0 103) 87 (0 1 315.79) 287 (0 0 322.928) 108 (0 1 350.258) 308 (0 0 380.508) 92 (0 1 387.267) 292 (0 0 396.484) 78 (1 0 405.496) 278 (0 0 416) 47 (1 0 443.526) 54 (2 0 445.968) 254 (1 0 449.48) 487 (0 0 451) 426 (0 0 720) 

- route 7: 407 (0 0 142.894) 70 (1 0 146.331) 270 (0 0 153) 96 (0 1 241.878) 296 (0 0 267.3) 778 (1 0 281.934) 338 (0 0 285.59) 80 (0 1 301.067) 67 (1 1 311) 267 (0 1 313.525) 280 (0 0 340.607) 5 (1 0 351.253) 15 (2 0 359.378) 205 (1 0 378.551) 215 (0 0 380.591) 810 (1 0 398.057) 370 (0 0 402.219) 94 (1 0 422.474) 294 (0 0 428) 95 (1 0 530) 295 (0 0 537.788) 109 (0 1 610) 309 (0 0 653.874) 427 (0 0 720) 

- route 8: 408 (0 0 100.284) 74 (0 1 108.521) 274 (0 0 119) 75 (0 1 359.162) 275 (0 0 369.641) 197 (1 0 391) 397 (0 0 396.187) 85 (0 1 411) 285 (0 0 447.943) 69 (0 1 564) 269 (0 0 579.451) 79 (1 0 591) 279 (0 0 606.256) 428 (0 0 720) 

- route 9: 409 (0 0 208.34) 82 (0 1 208.76) 282 (0 0 215) 62 (1 0 236.148) 262 (0 0 241) 686 (1 0 332.935) 246 (0 0 334.769) 701 (1 0 402.743) 261 (0 0 408.175) 429 (0 0 720) 

- route 10: 410 (0 0 70.1945) 120 (1 0 79.4637) 560 (0 0 85) 106 (0 1 120.848) 306 (0 0 126) 116 (1 0 135.775) 316 (0 0 154) 128 (1 0 194.96) 658 (2 0 202.215) 218 (1 0 206) 328 (0 0 210.083) 156 (1 0 267.138) 356 (0 0 281) 178 (1 0 293.261) 378 (0 0 303) 118 (1 0 330.67) 751 (2 0 339.031) 311 (1 0 342.206) 97 (1 1 350.394) 318 (0 1 377.807) 297 (0 0 384.194) 761 (1 0 409.387) 321 (0 0 414.234) 123 (0 1 423) 323 (0 0 434.001) 100 (0 1 440.304) 300 (0 0 447) 25 (1 0 478.137) 225 (0 0 489.612) 131 (1 0 497.741) 331 (0 0 500.256) 779 (1 0 507.934) 339 (0 0 509.371) 101 (0 1 592) 301 (0 0 600.544) 430 (0 0 720) 

- route 11: 411 (0 0 107.948) 142 (1 0 109.045) 582 (0 0 111) 32 (0 1 132.046) 132 (0 2 151.73) 332 (0 1 157.693) 232 (0 0 163.063) 136 (0 1 175.03) 140 (1 1 184.943) 340 (0 1 192.121) 336 (0 0 214.924) 58 (1 0 225.777) 258 (0 0 246.287) 138 (1 0 253.562) 578 (0 0 255) 124 (1 0 294.921) 113 (2 0 323.774) 324 (1 0 330.189) 59 (2 0 357) 313 (1 0 362.092) 259 (0 0 387.265) 41 (1 0 403.654) 659 (2 0 412.331) 241 (1 0 414.01) 219 (0 0 415.787) 137 (0 1 420.709) 642 (1 1 439.336) 202 (0 1 442.511) 148 (0 2 452.571) 348 (0 1 458.216) 337 (0 0 465.919) 165 (1 0 496.819) 605 (0 0 499) 431 (0 0 720) 

- route 12: 412 (0 0 113.023) 112 (1 0 113.122) 312 (0 0 139) 84 (0 1 169.439) 284 (0 0 195.068) 122 (0 1 209.659) 322 (0 0 218) 146 (0 1 224.124) 346 (0 0 230) 24 (1 0 310.525) 224 (0 0 322) 102 (1 0 337.903) 130 (2 0 345.001) 330 (1 0 347.516) 302 (0 0 356) 808 (1 0 379.63) 368 (0 0 381.919) 193 (1 0 386.73) 633 (0 0 389) 147 (0 1 393) 347 (0 0 400.314) 432 (0 0 720) 

- route 13: 413 (0 0 203.941) 110 (1 0 207.825) 550 (0 0 211) 832 (1 0 280.745) 392 (0 0 283.015) 804 (1 0 313.334) 364 (0 0 315.516) 133 (0 1 344) 333 (0 0 351.444) 783 (1 0 378.284) 343 (0 0 380.239) 114 (0 1 425.276) 314 (0 0 457) 103 (1 0 494) 303 (0 0 515.408) 115 (0 1 554) 775 (1 1 584.435) 335 (0 1 588.798) 3 (1 1 593.711) 443 (0 1 597) 315 (0 0 600.086) 433 (0 0 720) 

- route 14: 414 (0 0 146.311) 144 (1 0 148.381) 344 (0 0 166) 192 (1 0 251.8) 632 (0 0 255) 183 (1 0 305.52) 383 (0 0 309.224) 117 (1 0 319) 317 (0 0 345.838) 134 (1 0 430.637) 574 (0 0 435) 434 (0 0 720) 

- route 15: 415 (0 0 86.4727) 198 (0 1 87.9303) 692 (1 1 95.4734) 252 (0 1 98.1587) 398 (0 0 111) 199 (0 1 261) 399 (0 0 291.078) 172 (1 0 311.29) 372 (0 0 317.711) 53 (1 0 320.315) 493 (0 0 323) 170 (1 0 377.972) 610 (0 0 381) 185 (1 0 432) 385 (0 0 437.654) 73 (0 1 469) 81 (0 2 484) 273 (0 1 509.506) 281 (0 0 523.541) 171 (1 0 566.838) 611 (0 0 571) 127 (1 0 587.074) 327 (0 0 619.846) 169 (1 0 624.653) 149 (1 1 631) 349 (1 0 637.967) 369 (0 0 670.782) 435 (0 0 720) 

- route 16: 416 (0 0 63.5279) 6 (1 0 87.8759) 206 (0 0 95.1562) 14 (1 0 100.128) 214 (0 0 120) 196 (1 0 149.208) 396 (0 0 153) 176 (1 0 174.404) 376 (0 0 181) 105 (0 1 249) 305 (0 0 270.18) 158 (1 0 283.434) 71 (2 0 300.798) 271 (1 0 307.467) 358 (0 0 311.355) 88 (1 0 313.636) 163 (2 0 328) 288 (1 0 340.343) 363 (0 0 342.375) 186 (1 0 350.527) 386 (0 0 355) 61 (1 0 365) 150 (2 0 374.075) 501 (1 0 377) 350 (0 0 387.47) 833 (1 0 414.745) 393 (0 0 417.944) 173 (1 0 448.375) 89 (2 0 454) 529 (1 0 456.157) 373 (0 0 457.507) 194 (1 0 464.611) 394 (0 0 468) 151 (1 0 476) 351 (0 0 489.395) 805 (1 0 525.334) 365 (0 0 526.76) 195 (1 0 551.578) 395 (0 0 554.967) 153 (1 0 559) 353 (0 0 572.076) 187 (1 0 582) 387 (0 0 588.21) 436 (0 0 720) 

- route 17: 417 (0 0 133.726) 182 (1 0 134.464) 700 (2 0 136.836) 382 (1 0 139.241) 260 (0 0 143) 166 (1 0 163.392) 366 (0 0 166) 162 (1 0 193.083) 362 (0 0 203) 160 (1 0 226.764) 360 (0 0 229.724) 4 (1 0 251.86) 204 (0 0 276) 164 (1 0 285.574) 604 (0 0 287) 65 (0 1 315.181) 184 (1 1 318.519) 384 (0 1 322.621) 265 (0 0 346.413) 177 (1 0 368) 377 (0 0 377.394) 191 (1 0 504) 391 (0 0 506.37) 437 (0 0 720) 

- route 18: 418 (0 0 227.761) 180 (0 1 230.554) 145 (1 1 244.449) 380 (1 0 261) 345 (0 0 270.376) 107 (0 1 353) 307 (0 0 359.228) 19 (1 0 384.5) 459 (0 0 387) 129 (1 0 441.941) 329 (0 0 452.356) 126 (1 0 461.228) 326 (0 0 494) 119 (1 0 515.022) 159 (2 0 518) 359 (1 0 546.027) 319 (0 0 562.159) 811 (1 0 588.057) 371 (0 0 591.085) 438 (0 0 720) 

- route 19: 419 (0 0 122.64) 174 (1 0 126.183) 374 (0 0 132) 98 (1 0 218.439) 538 (0 0 223) 72 (0 1 230.594) 190 (1 1 253.57) 390 (0 1 255.483) 167 (1 1 258) 367 (0 1 261.412) 272 (0 0 271.1) 168 (1 0 337.078) 152 (2 0 341.553) 608 (1 0 347) 352 (0 0 354.722) 175 (1 0 378) 375 (0 0 386.225) 157 (1 0 395) 357 (0 0 415.292) 141 (1 0 452) 341 (0 0 462.267) 181 (0 1 489) 381 (0 0 515.088) 179 (1 0 529) 379 (0 0 543.108) 439 (0 0 720) 


Data DARP: datafile1.txt
Transfers: 1
Relative MRT: 1
MRT factor: 1.5
Speed factor PT : 1
PT interval: 10
Iterations: 25000
Iter without impr: 500
Max removal pct: 0.3
Max deterior pct: 0.04
Clustered removal: 0
IDARP adapted: 1
Without operator:  0
Terminals per node: 3
Priority non PT: 0
Priority PT: 0
Priority long: 0
Priority short: 0
Current iteration: 5000
Total distance: 2382.3
Computation time: 521.362
Average ride time: 17.6664
Pct PT users: 0.165
Users PT: 2 3 18 19 46 47 52 53 56 57 60 61 76 77 88 89 98 110 111 120 121 134 135 138 139 142 143 164 168 169 171 192 193 

- route 0: 400 (0 0 92.1155) 6 (1 0 99.7197) 206 (0 0 107) 32 (0 1 152.001) 232 (0 0 174) 128 (1 0 194.96) 658 (2 0 202.215) 218 (1 0 206) 328 (0 0 210.083) 146 (0 1 224.124) 346 (0 0 230) 832 (1 0 280.745) 392 (0 0 283.015) 804 (1 0 310.044) 364 (0 0 312.225) 102 (1 0 333.466) 97 (1 1 344.224) 302 (0 1 353.119) 22 (1 1 357.92) 222 (0 1 370) 297 (0 0 380.858) 92 (0 1 400.783) 292 (0 0 410) 697 (1 0 513.906) 257 (0 0 516.562) 69 (0 1 557.688) 269 (0 0 568.988) 717 (1 0 576.788) 277 (0 0 578.526) 17 (0 1 615) 43 (1 1 624.397) 243 (0 1 641.502) 217 (0 0 647.14) 420 (0 0 720) 

- route 1: 401 (0 0 101.163) 44 (1 0 102.44) 244 (0 0 107.535) 36 (0 1 112.707) 132 (0 2 138.828) 332 (0 1 144.791) 236 (0 0 150) 37 (0 1 300.494) 33 (0 2 308) 233 (0 1 330.052) 237 (0 0 343.704) 28 (1 0 360.775) 228 (0 0 368) 13 (0 1 399.747) 213 (0 0 409.96) 0 (0 1 415.391) 137 (0 2 426) 200 (0 1 431.726) 148 (0 2 457.862) 348 (0 1 463.507) 337 (0 0 471.211) 181 (0 1 489) 165 (1 1 499.671) 365 (0 1 519.966) 381 (0 0 525.575) 39 (0 1 615.938) 155 (1 1 620) 355 (0 1 629.146) 239 (0 0 663.401) 421 (0 0 720) 

- route 2: 402 (0 0 231.453) 738 (1 0 231.453) 750 (2 0 232.453) 310 (1 0 234.076) 298 (0 0 236.05) 778 (1 0 281.934) 338 (0 0 285.59) 34 (1 0 312.693) 234 (0 0 316) 696 (1 0 397.3) 256 (0 0 400.643) 57 (1 0 489.657) 497 (0 0 493) 35 (1 0 551) 235 (0 0 555.461) 23 (1 0 588) 1 (1 1 594) 223 (0 1 605.62) 201 (0 0 610.335) 422 (0 0 720) 

- route 3: 403 (0 0 130.966) 782 (1 0 130.966) 342 (0 0 134.206) 10 (1 0 136.144) 210 (0 0 141) 11 (1 0 233) 211 (0 0 239.266) 8 (1 0 241.712) 208 (0 0 244.361) 4 (1 0 251.86) 204 (0 0 276) 5 (1 0 354.875) 15 (2 0 363) 205 (1 0 390.268) 215 (0 0 392.307) 41 (1 0 411) 659 (2 0 422.809) 241 (1 0 424.488) 219 (0 0 431.165) 21 (0 1 434.114) 221 (0 0 445.742) 49 (1 0 455.552) 249 (0 0 461.632) 31 (1 0 466) 231 (0 0 468.928) 139 (1 0 477.344) 579 (0 0 481) 29 (1 0 519) 229 (0 0 529.338) 135 (1 0 567.13) 575 (0 0 569) 423 (0 0 720) 

- route 4: 404 (0 0 168.815) 18 (1 0 171.384) 458 (0 0 173) 40 (1 0 267.675) 240 (0 0 277) 26 (1 0 301.704) 226 (0 0 308) 111 (1 0 318.602) 551 (0 0 321) 143 (1 0 349.037) 583 (0 0 351) 2 (1 0 405.545) 442 (0 0 407) 9 (1 0 413) 209 (0 0 416.473) 774 (1 0 441.308) 334 (0 0 443.178) 687 (1 0 475.103) 247 (0 0 477.849) 77 (1 0 541) 517 (0 0 547) 643 (1 0 619.222) 203 (0 0 620.677) 424 (0 0 720) 

- route 5: 405 (0 0 249.673) 72 (0 1 249.996) 272 (0 0 278) 168 (1 0 340.806) 608 (0 0 345) 152 (1 0 355.452) 61 (2 0 361.669) 352 (1 0 365.939) 501 (0 0 367) 197 (1 0 376.228) 175 (2 0 378) 397 (1 0 381.415) 375 (0 0 386.225) 154 (1 0 393.669) 161 (2 0 396.561) 361 (1 0 399.521) 354 (0 0 402.311) 85 (0 1 411) 185 (1 1 423.828) 385 (0 1 427.931) 285 (0 0 447.943) 93 (0 1 557) 293 (0 0 569.326) 425 (0 0 720) 

- route 6: 406 (0 0 59.506) 64 (0 1 63.8305) 264 (0 0 87.2832) 74 (0 1 108.521) 274 (0 0 119) 84 (0 1 177.371) 284 (0 0 203) 117 (1 0 319) 751 (2 0 339.629) 311 (1 0 342.17) 317 (0 0 345.838) 134 (1 0 420.637) 574 (0 0 425) 642 (1 0 429.336) 202 (0 0 432.511) 126 (1 0 448.436) 16 (1 1 469.885) 42 (2 1 477.524) 326 (1 1 494) 242 (0 1 498) 216 (0 0 502.026) 426 (0 0 720) 

- route 7: 407 (0 0 208.34) 82 (0 1 208.76) 282 (0 0 215) 62 (1 0 236.148) 262 (0 0 241) 50 (0 1 261.079) 250 (0 0 283) 20 (0 1 305.249) 220 (0 0 316.877) 716 (1 0 321.431) 276 (0 0 324.039) 189 (1 0 379.095) 38 (1 1 385.378) 27 (2 1 390.566) 227 (1 1 396.862) 238 (1 0 421) 389 (0 0 430.098) 73 (0 1 469) 81 (0 2 484) 273 (0 1 509.506) 281 (0 0 523.541) 171 (1 0 556.838) 611 (0 0 561) 55 (1 0 585) 255 (0 0 589.768) 427 (0 0 720) 

- route 8: 408 (0 0 81.0412) 86 (0 1 84.7967) 286 (0 0 91.9351) 60 (1 0 100.566) 500 (0 0 105) 760 (1 0 126.277) 320 (0 0 128.274) 70 (1 0 146.331) 270 (0 0 153) 98 (1 0 212.141) 538 (0 0 217) 58 (1 0 225.777) 258 (0 0 246.287) 138 (1 0 253.562) 578 (0 0 255) 124 (1 0 279.306) 158 (2 0 300.982) 358 (1 0 320) 87 (1 1 323.552) 324 (0 1 328.538) 287 (0 0 332.759) 83 (0 1 343.661) 283 (0 0 349.901) 75 (0 1 353.903) 275 (0 0 364.382) 56 (1 0 373.738) 496 (0 0 377) 729 (1 0 484.008) 289 (0 0 485.446) 428 (0 0 720) 

- route 9: 409 (0 0 67.8135) 52 (1 0 69.2241) 492 (0 0 71) 66 (1 0 210.983) 266 (0 0 213) 76 (1 0 286.512) 516 (0 0 288.251) 71 (1 0 295.819) 271 (0 0 302.488) 67 (1 0 303.655) 267 (0 0 305.672) 88 (1 0 309.562) 528 (0 0 311) 91 (0 1 320) 686 (1 1 327.182) 246 (0 1 329.016) 291 (0 0 334.709) 68 (0 1 356.876) 121 (1 1 364.2) 561 (0 1 367) 268 (0 0 372.327) 429 (0 0 720) 

- route 10: 410 (0 0 117.767) 106 (0 1 120.848) 306 (0 0 126) 136 (0 1 194.666) 110 (1 1 209.509) 550 (0 1 213.341) 336 (0 0 228) 7 (1 0 252) 207 (0 0 262.42) 80 (0 1 303.906) 163 (1 1 328) 363 (0 1 339.13) 280 (0 0 343.447) 170 (1 0 387.476) 78 (2 0 401.453) 370 (1 0 405.359) 278 (0 0 416) 79 (1 0 576.249) 127 (2 0 585.622) 279 (1 0 589.566) 327 (0 0 621.193) 169 (1 0 626) 609 (0 0 635) 430 (0 0 720) 

- route 11: 411 (0 0 66.9979) 14 (1 0 83.468) 692 (2 0 102.571) 252 (1 0 104) 214 (0 0 112.775) 196 (1 0 149.208) 396 (0 0 153) 162 (1 0 181.588) 362 (0 0 191.504) 90 (0 1 208.194) 290 (0 0 219) 96 (0 1 253.577) 296 (0 0 279) 24 (1 0 310.525) 224 (0 0 322) 133 (0 1 339.884) 333 (0 0 345.847) 107 (0 1 353) 307 (0 0 359.228) 808 (1 0 379.711) 368 (0 0 382) 193 (1 0 396.73) 633 (0 0 399) 114 (0 1 414.053) 123 (0 2 420.553) 323 (0 1 428.893) 314 (0 0 457) 115 (0 1 554) 811 (1 1 577.613) 371 (0 1 580.451) 315 (0 0 600.086) 431 (0 0 720) 

- route 12: 412 (0 0 146.311) 144 (1 0 148.381) 344 (0 0 166) 192 (1 0 251.8) 632 (0 0 255) 183 (1 0 312.525) 383 (0 0 316.229) 65 (0 1 321.56) 184 (1 1 324.897) 384 (0 1 329) 265 (0 0 355.239) 693 (1 0 363.733) 253 (0 0 365.509) 63 (1 0 472) 263 (0 0 478.778) 159 (1 0 513.022) 119 (2 0 516) 359 (1 0 541.049) 319 (0 0 563.137) 149 (0 1 631) 349 (0 0 637.967) 432 (0 0 720) 

- route 13: 413 (0 0 188.328) 140 (1 0 190.822) 340 (0 0 198) 122 (0 1 209.659) 322 (0 0 218) 118 (1 0 334.076) 108 (1 1 341.76) 59 (2 1 350.321) 259 (1 1 370.83) 318 (0 1 380.646) 308 (0 0 385) 701 (1 0 400.41) 261 (0 0 404.844) 47 (1 0 441.166) 487 (0 0 443) 54 (1 0 456.488) 254 (0 0 460) 125 (1 0 468.073) 131 (2 0 493.418) 331 (1 0 495.932) 325 (0 0 504.015) 779 (1 0 507.934) 339 (0 0 509.371) 101 (0 1 592) 301 (0 0 600.544) 433 (0 0 720) 

- route 14: 414 (0 0 113.023) 112 (1 0 113.122) 312 (0 0 139) 113 (1 0 333.547) 130 (2 0 355.485) 330 (1 0 358) 783 (2 0 368.773) 313 (1 0 371.864) 343 (0 0 375.457) 147 (0 1 384.235) 347 (0 0 390.111) 19 (1 0 394.5) 459 (0 0 397) 100 (0 1 440.304) 300 (0 0 447) 25 (1 0 492) 225 (0 0 508.712) 775 (1 0 584.335) 335 (0 0 588.798) 3 (1 0 593.711) 443 (0 0 597) 434 (0 0 720) 

- route 15: 415 (0 0 162.713) 166 (1 0 163.392) 366 (0 0 166) 160 (1 0 235.04) 360 (0 0 238) 164 (1 0 282.284) 604 (0 0 285) 177 (1 0 368) 150 (2 0 375.097) 377 (1 0 377.394) 350 (0 0 388.492) 151 (1 0 476) 351 (0 0 489.395) 191 (1 0 504) 391 (0 0 506.37) 153 (1 0 559) 353 (0 0 572.169) 809 (1 0 667.935) 369 (0 0 672.129) 435 (0 0 720) 

- route 16: 416 (0 0 66.913) 198 (0 1 68.3705) 120 (1 1 82.1532) 560 (0 1 87) 398 (0 0 98.4483) 142 (1 0 109.045) 582 (0 0 111) 116 (1 0 127.867) 104 (1 1 141.42) 316 (0 1 154) 304 (0 0 170) 105 (0 1 236.413) 305 (0 0 256.662) 156 (1 0 267.138) 356 (0 0 281) 157 (1 0 395) 761 (2 0 402.922) 321 (1 0 408.048) 357 (0 0 415.292) 141 (1 0 449.225) 129 (2 0 455) 341 (1 0 459.492) 329 (0 0 470.123) 103 (1 0 494) 303 (0 0 515.408) 179 (1 0 529) 379 (0 0 543.108) 436 (0 0 720) 

- route 17: 417 (0 0 133.726) 182 (1 0 134.464) 700 (2 0 136.836) 382 (1 0 139.241) 260 (0 0 143) 180 (0 1 223.509) 145 (1 1 237.404) 380 (1 0 253.955) 345 (0 0 258.023) 199 (0 1 261) 399 (0 0 291.078) 172 (1 0 311.579) 372 (0 0 318) 173 (1 0 448.375) 89 (2 0 454) 373 (1 0 456.32) 529 (0 0 459) 437 (0 0 720) 

- route 18: 418 (0 0 252.967) 190 (1 0 253.57) 390 (0 0 255.483) 167 (1 0 258) 367 (0 0 261.412) 178 (1 0 293.261) 378 (0 0 303) 53 (1 0 330.315) 493 (0 0 333) 728 (1 0 338.484) 288 (0 0 341.008) 186 (1 0 350.527) 386 (0 0 355) 833 (1 0 424.745) 393 (0 0 427.944) 194 (1 0 464.611) 394 (0 0 468) 195 (1 0 554) 395 (0 0 558.583) 187 (1 0 582) 387 (0 0 588.21) 438 (0 0 720) 

- route 19: 419 (0 0 122.64) 174 (1 0 126.183) 374 (0 0 132) 188 (1 0 169.896) 176 (2 0 174.404) 376 (1 0 181) 48 (2 0 209.97) 248 (1 0 216.051) 388 (0 0 220.899) 12 (0 1 276.182) 212 (0 0 286.394) 46 (1 0 294.254) 486 (0 0 297) 45 (1 0 310) 245 (0 0 317.142) 30 (1 0 324.715) 230 (0 0 327) 51 (0 1 372) 99 (1 1 379.376) 299 (0 1 395.648) 251 (0 0 403.382) 94 (1 0 422.474) 294 (0 0 428) 95 (1 0 530) 295 (0 0 537.788) 109 (0 1 610) 309 (0 0 653.874) 439 (0 0 720) 


Data DARP: datafile1.txt
Transfers: 1
Relative MRT: 1
MRT factor: 1.5
Speed factor PT : 1
PT interval: 10
Iterations: 25000
Iter without impr: 500
Max removal pct: 0.3
Max deterior pct: 0.04
Clustered removal: 0
IDARP adapted: 1
Without operator:  0
Terminals per node: 3
Priority non PT: 0
Priority PT: 0
Priority long: 0
Priority short: 0
Current iteration: 10000
Total distance: 2378.73
Computation time: 1054.23
Average ride time: 17.8878
Pct PT users: 0.17
Users PT: 2 3 18 19 46 47 52 53 56 57 60 61 76 77 88 89 98 110 111 120 121 134 135 138 139 142 143 164 165 168 169 171 192 193 

- route 0: 400 (0 0 168.815) 18 (1 0 171.384) 458 (0 0 173) 40 (1 0 267.675) 240 (0 0 277) 26 (1 0 301.704) 226 (0 0 308) 111 (1 0 318.602) 551 (0 0 321) 143 (1 0 349.037) 583 (0 0 351) 9 (1 0 413) 209 (0 0 416.473) 774 (1 0 451.308) 334 (0 0 453.178) 31 (1 0 463.841) 231 (0 0 466.126) 139 (1 0 469.894) 579 (0 0 473.55) 687 (1 0 476.55) 247 (0 0 480.247) 77 (1 0 541) 517 (0 0 547) 643 (1 0 619.222) 203 (0 0 620.677) 420 (0 0 720) 

- route 1: 401 (0 0 230.835) 750 (1 0 230.835) 310 (0 0 232.457) 738 (1 0 240.3) 298 (0 0 242) 778 (1 0 281.934) 338 (0 0 285.59) 34 (1 0 312.693) 234 (0 0 316) 696 (1 0 397.3) 256 (0 0 400.643) 137 (0 1 413.758) 134 (1 1 430.637) 574 (0 1 435) 148 (0 2 445.62) 348 (0 1 451.265) 337 (0 0 458.969) 181 (0 1 489) 381 (0 0 525.575) 39 (0 1 615.938) 155 (1 1 620) 355 (0 1 629.146) 239 (0 0 663.401) 421 (0 0 720) 

- route 2: 402 (0 0 101.163) 44 (1 0 102.44) 244 (0 0 107.535) 36 (0 1 112.707) 132 (0 2 138.828) 332 (0 1 144.791) 236 (0 0 150) 122 (0 1 209.659) 322 (0 0 218) 146 (0 1 224.124) 346 (0 0 230) 832 (1 0 280.745) 392 (0 0 283.015) 33 (0 1 294.494) 37 (0 2 302) 233 (0 1 325.992) 237 (0 0 345.21) 28 (1 0 360.775) 228 (0 0 368) 13 (0 1 397.845) 2 (1 1 405.545) 442 (0 1 407) 213 (0 0 411.664) 0 (0 1 426.11) 200 (0 0 438) 57 (1 0 497) 497 (0 0 503) 35 (1 0 551) 235 (0 0 555.461) 23 (1 0 588) 1 (1 1 594) 223 (0 1 605.62) 201 (0 0 610.335) 422 (0 0 720) 

- route 3: 403 (0 0 130.966) 782 (1 0 130.966) 342 (0 0 134.206) 10 (1 0 136.144) 210 (0 0 141) 11 (1 0 233) 211 (0 0 239.266) 8 (1 0 241.712) 208 (0 0 244.361) 4 (1 0 251.86) 204 (0 0 276) 5 (1 0 354.875) 15 (2 0 363) 205 (1 0 390.268) 215 (0 0 392.307) 41 (1 0 409.78) 659 (2 0 418.457) 219 (1 0 420.073) 241 (0 0 423.268) 21 (0 1 435) 221 (0 0 450.942) 49 (1 0 465) 249 (0 0 473.621) 29 (1 0 519) 229 (0 0 529.338) 135 (1 0 567.13) 575 (0 0 569) 423 (0 0 720) 

- route 4: 404 (0 0 92.1155) 6 (1 0 99.7197) 206 (0 0 107) 32 (0 1 152.001) 232 (0 0 174) 138 (1 0 253.562) 578 (0 0 255) 124 (1 0 273.175) 158 (2 0 294.851) 358 (1 0 313.869) 87 (1 1 316.134) 324 (0 1 321.121) 287 (0 0 324.399) 113 (1 0 335) 783 (2 0 369.183) 343 (1 0 371.138) 313 (0 0 373.318) 808 (1 0 379.711) 368 (0 0 382) 126 (1 0 448.436) 16 (1 1 469.885) 42 (2 1 477.524) 326 (1 1 494) 242 (0 1 498) 216 (0 0 502.026) 17 (0 1 615) 43 (1 1 624.397) 243 (0 1 641.502) 217 (0 0 647.14) 424 (0 0 720) 

- route 5: 405 (0 0 59.506) 64 (0 1 63.8305) 264 (0 0 87.2832) 74 (0 1 108.521) 274 (0 0 119) 84 (0 1 177.371) 284 (0 0 203) 184 (1 0 315.712) 384 (0 0 319.815) 65 (0 1 324.213) 83 (0 2 343.126) 283 (0 1 349.366) 265 (0 0 356.799) 693 (1 0 362.989) 253 (0 0 364.765) 63 (1 0 472) 263 (0 0 478.778) 729 (1 0 484.008) 289 (0 0 485.446) 425 (0 0 720) 

- route 6: 406 (0 0 67.8135) 52 (1 0 69.2241) 492 (0 0 71) 66 (1 0 210.983) 266 (0 0 213) 76 (1 0 290.166) 516 (0 0 293) 686 (1 0 336.758) 246 (0 0 338.592) 75 (0 1 353.903) 275 (0 0 364.382) 56 (1 0 373.738) 496 (0 0 377) 426 (0 0 720) 

- route 7: 407 (0 0 208.34) 82 (0 1 208.76) 282 (0 0 215) 62 (1 0 236.148) 262 (0 0 241) 72 (0 1 249.996) 272 (0 0 278) 168 (1 0 340.806) 608 (0 0 345) 152 (1 0 355.452) 61 (2 0 361.669) 352 (1 0 365.939) 501 (0 0 367) 197 (1 0 376.228) 175 (2 0 378) 397 (1 0 381.415) 375 (0 0 386.225) 154 (1 0 393.669) 161 (2 0 396.561) 361 (1 0 399.521) 354 (0 0 402.311) 85 (0 1 411) 185 (1 1 423.828) 385 (0 1 427.931) 285 (0 0 447.943) 93 (0 1 557) 293 (0 0 569.326) 427 (0 0 720) 

- route 8: 408 (0 0 81.0412) 86 (0 1 84.7967) 286 (0 0 91.9351) 60 (1 0 100.566) 500 (0 0 105) 760 (1 0 126.277) 320 (0 0 128.274) 70 (1 0 146.331) 270 (0 0 153) 71 (1 0 294.652) 271 (0 0 301.321) 67 (1 0 302.488) 267 (0 0 304.505) 91 (0 1 309.012) 88 (1 1 314.42) 528 (0 1 317) 291 (0 0 323.721) 68 (0 1 356.876) 121 (1 1 364.2) 561 (0 1 367) 268 (0 0 372.327) 69 (0 1 557.688) 269 (0 0 568.988) 717 (1 0 576.788) 277 (0 0 578.526) 428 (0 0 720) 

- route 9: 409 (0 0 202.31) 90 (0 1 208.194) 290 (0 0 219) 50 (0 1 261.079) 250 (0 0 283) 20 (0 1 307.21) 220 (0 0 318.838) 716 (1 0 323.393) 276 (0 0 326) 189 (1 0 379.095) 38 (1 1 385.378) 27 (2 1 390.566) 227 (1 1 396.862) 238 (1 0 421) 389 (0 0 430.098) 73 (0 1 469) 81 (0 2 484) 273 (0 1 509.506) 281 (0 0 523.541) 171 (1 0 556.838) 611 (0 0 561) 55 (1 0 585) 255 (0 0 589.768) 429 (0 0 720) 

- route 10: 410 (0 0 66.9979) 14 (1 0 83.468) 692 (2 0 102.571) 252 (1 0 104) 214 (0 0 112.775) 174 (1 0 126.183) 374 (0 0 132) 160 (1 0 235.04) 360 (0 0 238) 178 (1 0 293.261) 378 (0 0 303) 117 (1 0 319) 751 (2 0 339.629) 311 (1 0 342.17) 317 (0 0 345.838) 130 (1 0 355.485) 330 (0 0 358) 642 (1 0 429.336) 202 (0 0 432.511) 100 (0 1 440.304) 300 (0 0 447) 25 (1 0 492) 225 (0 0 508.712) 775 (1 0 584.335) 335 (0 0 588.798) 3 (1 0 593.711) 443 (0 0 597) 430 (0 0 720) 

- route 11: 411 (0 0 113.023) 112 (1 0 113.122) 312 (0 0 139) 96 (0 1 253.577) 296 (0 0 279) 24 (1 0 295.71) 224 (0 0 307.185) 804 (1 0 310.044) 364 (0 0 312.225) 133 (0 1 339.884) 333 (0 0 345.847) 107 (0 1 353) 307 (0 0 359.228) 19 (1 0 381.112) 459 (0 0 384.897) 193 (1 0 386.73) 633 (0 0 389) 147 (0 1 393) 347 (0 0 400.314) 114 (0 1 414.053) 123 (0 2 420.553) 323 (0 1 428.893) 314 (0 0 457) 115 (0 1 554) 811 (1 1 577.613) 371 (0 1 580.451) 315 (0 0 600.086) 431 (0 0 720) 

- route 12: 412 (0 0 121.836) 116 (1 0 127.867) 104 (1 1 141.42) 316 (0 1 154) 304 (0 0 170) 98 (1 0 222.141) 538 (0 0 227) 58 (1 0 238.49) 258 (0 0 259) 102 (1 0 333.466) 97 (1 1 344.224) 302 (0 1 353.119) 22 (1 1 357.92) 222 (0 1 370) 297 (0 0 380.858) 92 (0 1 400.783) 292 (0 0 410) 159 (1 0 513.022) 119 (2 0 516) 697 (3 0 520.643) 257 (2 0 523.905) 359 (1 0 541.049) 319 (0 0 563.137) 149 (0 1 631) 349 (0 0 637.967) 432 (0 0 720) 

- route 13: 413 (0 0 107.948) 142 (1 0 109.045) 582 (0 0 111) 128 (1 0 194.96) 658 (2 0 202.215) 218 (1 0 206) 328 (0 0 210.083) 118 (1 0 334.076) 108 (1 1 341.76) 59 (2 1 350.321) 259 (1 1 370.83) 318 (0 1 380.646) 308 (0 0 385) 701 (1 0 400.41) 261 (0 0 404.844) 47 (1 0 443.564) 54 (2 0 446.006) 487 (1 0 449) 254 (0 0 450.773) 125 (1 0 465.431) 165 (2 0 493.785) 605 (1 0 495.966) 779 (2 0 498.966) 339 (1 0 501.921) 325 (0 0 514.663) 101 (0 1 592) 301 (0 0 600.544) 433 (0 0 720) 

- route 14: 414 (0 0 171.504) 136 (0 1 180.909) 140 (1 1 190.822) 340 (0 1 198) 110 (1 1 207.629) 550 (0 1 211.461) 336 (0 0 226.12) 7 (1 0 252) 207 (0 0 262.42) 80 (0 1 303.906) 163 (1 1 328) 363 (0 1 339.13) 280 (0 0 343.447) 170 (1 0 387.476) 78 (2 0 401.453) 370 (1 0 405.359) 278 (0 0 416) 79 (1 0 576.249) 127 (2 0 585.622) 279 (1 0 589.566) 327 (0 0 621.193) 169 (1 0 626) 609 (0 0 635) 434 (0 0 720) 

- route 15: 415 (0 0 190.821) 162 (1 0 193.083) 362 (0 0 203) 105 (0 1 236.413) 305 (0 0 256.662) 156 (1 0 267.138) 356 (0 0 281) 157 (1 0 395) 761 (2 0 402.922) 321 (1 0 408.048) 357 (0 0 415.292) 141 (1 0 449.225) 129 (2 0 455) 341 (1 0 459.492) 329 (0 0 470.123) 103 (1 0 494) 131 (2 0 505.795) 331 (1 0 508.31) 303 (0 0 515.408) 179 (1 0 529) 379 (0 0 543.108) 435 (0 0 720) 

- route 16: 416 (0 0 66.913) 198 (0 1 68.3705) 120 (1 1 82.1532) 560 (0 1 87) 398 (0 0 98.4483) 106 (0 1 120.848) 306 (0 0 126) 144 (1 0 148.381) 344 (0 0 166) 192 (1 0 251.8) 632 (0 0 255) 183 (1 0 319) 383 (0 0 324.056) 728 (1 0 341.503) 288 (0 0 345) 186 (1 0 350.527) 386 (0 0 355) 833 (1 0 414.745) 393 (0 0 417.944) 194 (1 0 464.611) 394 (0 0 468) 195 (1 0 554) 395 (0 0 558.583) 187 (1 0 582) 387 (0 0 588.21) 436 (0 0 720) 

- route 17: 417 (0 0 162.713) 166 (1 0 163.392) 366 (0 0 166) 167 (1 0 251.254) 367 (0 0 253.862) 190 (1 0 256.087) 390 (0 0 258) 164 (1 0 282.284) 604 (0 0 285) 177 (1 0 368) 150 (2 0 375.097) 377 (1 0 377.394) 350 (0 0 388.492) 151 (1 0 476) 351 (0 0 489.395) 191 (1 0 504) 391 (0 0 506.37) 805 (1 0 522.3) 365 (0 0 523.726) 437 (0 0 720) 

- route 18: 418 (0 0 133.726) 182 (1 0 134.464) 700 (2 0 136.836) 382 (1 0 139.241) 260 (0 0 143) 180 (0 1 223.509) 145 (1 1 237.404) 380 (1 0 253.955) 345 (0 0 258.023) 199 (0 1 261) 399 (0 0 291.078) 172 (1 0 311.579) 372 (0 0 318) 53 (1 0 329.571) 493 (0 0 331) 173 (1 0 448.375) 89 (2 0 454) 529 (1 0 456.157) 373 (0 0 457.507) 153 (1 0 559) 353 (0 0 572.169) 809 (1 0 667.935) 369 (0 0 672.129) 438 (0 0 720) 

- route 19: 419 (0 0 146.953) 196 (1 0 149.208) 396 (0 0 153) 188 (1 0 169.896) 176 (2 0 174.404) 376 (1 0 181) 48 (2 0 209.97) 248 (1 0 216.051) 388 (0 0 220.899) 12 (0 1 281.787) 212 (0 0 292) 46 (1 0 301.909) 486 (0 0 305) 45 (1 0 310) 245 (0 0 317.142) 30 (1 0 324.715) 230 (0 0 327) 51 (0 1 372) 99 (1 1 379.376) 299 (0 1 395.648) 251 (0 0 403.382) 94 (1 0 422.474) 294 (0 0 428) 95 (1 0 530) 295 (0 0 537.788) 109 (0 1 610) 309 (0 0 653.874) 439 (0 0 720) 


Data DARP: datafile1.txt
Transfers: 1
Relative MRT: 1
MRT factor: 1.5
Speed factor PT : 1
PT interval: 10
Iterations: 25000
Iter without impr: 500
Max removal pct: 0.3
Max deterior pct: 0.04
Clustered removal: 0
IDARP adapted: 1
Without operator:  0
Terminals per node: 3
Priority non PT: 0
Priority PT: 0
Priority long: 0
Priority short: 0
Current iteration: 15000
Total distance: 2378.73
Computation time: 1587.27
Average ride time: 17.8878
Pct PT users: 0.17
Users PT: 2 3 18 19 46 47 52 53 56 57 60 61 76 77 88 89 98 110 111 120 121 134 135 138 139 142 143 164 165 168 169 171 192 193 

- route 0: 400 (0 0 168.815) 18 (1 0 171.384) 458 (0 0 173) 40 (1 0 267.675) 240 (0 0 277) 26 (1 0 301.704) 226 (0 0 308) 111 (1 0 318.602) 551 (0 0 321) 143 (1 0 349.037) 583 (0 0 351) 9 (1 0 413) 209 (0 0 416.473) 774 (1 0 451.308) 334 (0 0 453.178) 31 (1 0 463.841) 231 (0 0 466.126) 139 (1 0 469.894) 579 (0 0 473.55) 687 (1 0 476.55) 247 (0 0 480.247) 77 (1 0 541) 517 (0 0 547) 643 (1 0 619.222) 203 (0 0 620.677) 420 (0 0 720) 

- route 1: 401 (0 0 230.835) 750 (1 0 230.835) 310 (0 0 232.457) 738 (1 0 240.3) 298 (0 0 242) 778 (1 0 281.934) 338 (0 0 285.59) 34 (1 0 312.693) 234 (0 0 316) 696 (1 0 397.3) 256 (0 0 400.643) 137 (0 1 413.758) 134 (1 1 430.637) 574 (0 1 435) 148 (0 2 445.62) 348 (0 1 451.265) 337 (0 0 458.969) 181 (0 1 489) 381 (0 0 525.575) 39 (0 1 615.938) 155 (1 1 620) 355 (0 1 629.146) 239 (0 0 663.401) 421 (0 0 720) 

- route 2: 402 (0 0 101.163) 44 (1 0 102.44) 244 (0 0 107.535) 36 (0 1 112.707) 132 (0 2 138.828) 332 (0 1 144.791) 236 (0 0 150) 122 (0 1 209.659) 322 (0 0 218) 146 (0 1 224.124) 346 (0 0 230) 832 (1 0 280.745) 392 (0 0 283.015) 33 (0 1 294.494) 37 (0 2 302) 233 (0 1 325.992) 237 (0 0 345.21) 28 (1 0 360.775) 228 (0 0 368) 13 (0 1 397.845) 2 (1 1 405.545) 442 (0 1 407) 213 (0 0 411.664) 0 (0 1 426.11) 200 (0 0 438) 57 (1 0 497) 497 (0 0 503) 35 (1 0 551) 235 (0 0 555.461) 23 (1 0 588) 1 (1 1 594) 223 (0 1 605.62) 201 (0 0 610.335) 422 (0 0 720) 

- route 3: 403 (0 0 130.966) 782 (1 0 130.966) 342 (0 0 134.206) 10 (1 0 136.144) 210 (0 0 141) 11 (1 0 233) 211 (0 0 239.266) 8 (1 0 241.712) 208 (0 0 244.361) 4 (1 0 251.86) 204 (0 0 276) 5 (1 0 354.875) 15 (2 0 363) 205 (1 0 390.268) 215 (0 0 392.307) 41 (1 0 409.78) 659 (2 0 418.457) 219 (1 0 420.073) 241 (0 0 423.268) 21 (0 1 435) 221 (0 0 450.942) 49 (1 0 465) 249 (0 0 473.621) 29 (1 0 519) 229 (0 0 529.338) 135 (1 0 567.13) 575 (0 0 569) 423 (0 0 720) 

- route 4: 404 (0 0 92.1155) 6 (1 0 99.7197) 206 (0 0 107) 32 (0 1 152.001) 232 (0 0 174) 138 (1 0 253.562) 578 (0 0 255) 124 (1 0 273.175) 158 (2 0 294.851) 358 (1 0 313.869) 87 (1 1 316.134) 324 (0 1 321.121) 287 (0 0 324.399) 113 (1 0 335) 783 (2 0 369.183) 343 (1 0 371.138) 313 (0 0 373.318) 808 (1 0 379.711) 368 (0 0 382) 126 (1 0 448.436) 16 (1 1 469.885) 42 (2 1 477.524) 326 (1 1 494) 242 (0 1 498) 216 (0 0 502.026) 17 (0 1 615) 43 (1 1 624.397) 243 (0 1 641.502) 217 (0 0 647.14) 424 (0 0 720) 

- route 5: 405 (0 0 59.506) 64 (0 1 63.8305) 264 (0 0 87.2832) 74 (0 1 108.521) 274 (0 0 119) 84 (0 1 177.371) 284 (0 0 203) 184 (1 0 315.712) 384 (0 0 319.815) 65 (0 1 324.213) 83 (0 2 343.126) 283 (0 1 349.366) 265 (0 0 356.799) 693 (1 0 362.989) 253 (0 0 364.765) 63 (1 0 472) 263 (0 0 478.778) 729 (1 0 484.008) 289 (0 0 485.446) 425 (0 0 720) 

- route 6: 406 (0 0 67.8135) 52 (1 0 69.2241) 492 (0 0 71) 66 (1 0 210.983) 266 (0 0 213) 76 (1 0 290.166) 516 (0 0 293) 686 (1 0 336.758) 246 (0 0 338.592) 75 (0 1 353.903) 275 (0 0 364.382) 56 (1 0 373.738) 496 (0 0 377) 426 (0 0 720) 

- route 7: 407 (0 0 208.34) 82 (0 1 208.76) 282 (0 0 215) 62 (1 0 236.148) 262 (0 0 241) 72 (0 1 249.996) 272 (0 0 278) 168 (1 0 340.806) 608 (0 0 345) 152 (1 0 355.452) 61 (2 0 361.669) 352 (1 0 365.939) 501 (0 0 367) 197 (1 0 376.228) 175 (2 0 378) 397 (1 0 381.415) 375 (0 0 386.225) 154 (1 0 393.669) 161 (2 0 396.561) 361 (1 0 399.521) 354 (0 0 402.311) 85 (0 1 411) 185 (1 1 423.828) 385 (0 1 427.931) 285 (0 0 447.943) 93 (0 1 557) 293 (0 0 569.326) 427 (0 0 720) 

- route 8: 408 (0 0 81.0412) 86 (0 1 84.7967) 286 (0 0 91.9351) 60 (1 0 100.566) 500 (0 0 105) 760 (1 0 126.277) 320 (0 0 128.274) 70 (1 0 146.331) 270 (0 0 153) 71 (1 0 294.652) 271 (0 0 301.321) 67 (1 0 302.488) 267 (0 0 304.505) 91 (0 1 309.012) 88 (1 1 314.42) 528 (0 1 317) 291 (0 0 323.721) 68 (0 1 356.876) 121 (1 1 364.2) 561 (0 1 367) 268 (0 0 372.327) 69 (0 1 557.688) 269 (0 0 568.988) 717 (1 0 576.788) 277 (0 0 578.526) 428 (0 0 720) 

- route 9: 409 (0 0 202.31) 90 (0 1 208.194) 290 (0 0 219) 50 (0 1 261.079) 250 (0 0 283) 20 (0 1 307.21) 220 (0 0 318.838) 716 (1 0 323.393) 276 (0 0 326) 189 (1 0 379.095) 38 (1 1 385.378) 27 (2 1 390.566) 227 (1 1 396.862) 238 (1 0 421) 389 (0 0 430.098) 73 (0 1 469) 81 (0 2 484) 273 (0 1 509.506) 281 (0 0 523.541) 171 (1 0 556.838) 611 (0 0 561) 55 (1 0 585) 255 (0 0 589.768) 429 (0 0 720) 

- route 10: 410 (0 0 66.9979) 14 (1 0 83.468) 692 (2 0 102.571) 252 (1 0 104) 214 (0 0 112.775) 174 (1 0 126.183) 374 (0 0 132) 160 (1 0 235.04) 360 (0 0 238) 178 (1 0 293.261) 378 (0 0 303) 117 (1 0 319) 751 (2 0 339.629) 311 (1 0 342.17) 317 (0 0 345.838) 130 (1 0 355.485) 330 (0 0 358) 642 (1 0 429.336) 202 (0 0 432.511) 100 (0 1 440.304) 300 (0 0 447) 25 (1 0 492) 225 (0 0 508.712) 775 (1 0 584.335) 335 (0 0 588.798) 3 (1 0 593.711) 443 (0 0 597) 430 (0 0 720) 

- route 11: 411 (0 0 113.023) 112 (1 0 113.122) 312 (0 0 139) 96 (0 1 253.577) 296 (0 0 279) 24 (1 0 295.71) 224 (0 0 307.185) 804 (1 0 310.044) 364 (0 0 312.225) 133 (0 1 339.884) 333 (0 0 345.847) 107 (0 1 353) 307 (0 0 359.228) 19 (1 0 381.112) 459 (0 0 384.897) 193 (1 0 386.73) 633 (0 0 389) 147 (0 1 393) 347 (0 0 400.314) 114 (0 1 414.053) 123 (0 2 420.553) 323 (0 1 428.893) 314 (0 0 457) 115 (0 1 554) 811 (1 1 577.613) 371 (0 1 580.451) 315 (0 0 600.086) 431 (0 0 720) 

- route 12: 412 (0 0 121.836) 116 (1 0 127.867) 104 (1 1 141.42) 316 (0 1 154) 304 (0 0 170) 98 (1 0 222.141) 538 (0 0 227) 58 (1 0 238.49) 258 (0 0 259) 102 (1 0 333.466) 97 (1 1 344.224) 302 (0 1 353.119) 22 (1 1 357.92) 222 (0 1 370) 297 (0 0 380.858) 92 (0 1 400.783) 292 (0 0 410) 159 (1 0 513.022) 119 (2 0 516) 697 (3 0 520.643) 257 (2 0 523.905) 359 (1 0 541.049) 319 (0 0 563.137) 149 (0 1 631) 349 (0 0 637.967) 432 (0 0 720) 

- route 13: 413 (0 0 107.948) 142 (1 0 109.045) 582 (0 0 111) 128 (1 0 194.96) 658 (2 0 202.215) 218 (1 0 206) 328 (0 0 210.083) 118 (1 0 334.076) 108 (1 1 341.76) 59 (2 1 350.321) 259 (1 1 370.83) 318 (0 1 380.646) 308 (0 0 385) 701 (1 0 400.41) 261 (0 0 404.844) 47 (1 0 443.564) 54 (2 0 446.006) 487 (1 0 449) 254 (0 0 450.773) 125 (1 0 465.431) 165 (2 0 493.785) 605 (1 0 495.966) 779 (2 0 498.966) 339 (1 0 501.921) 325 (0 0 514.663) 101 (0 1 592) 301 (0 0 600.544) 433 (0 0 720) 

- route 14: 414 (0 0 171.504) 136 (0 1 180.909) 140 (1 1 190.822) 340 (0 1 198) 110 (1 1 207.629) 550 (0 1 211.461) 336 (0 0 226.12) 7 (1 0 252) 207 (0 0 262.42) 80 (0 1 303.906) 163 (1 1 328) 363 (0 1 339.13) 280 (0 0 343.447) 170 (1 0 387.476) 78 (2 0 401.453) 370 (1 0 405.359) 278 (0 0 416) 79 (1 0 576.249) 127 (2 0 585.622) 279 (1 0 589.566) 327 (0 0 621.193) 169 (1 0 626) 609 (0 0 635) 434 (0 0 720) 

- route 15: 415 (0 0 190.821) 162 (1 0 193.083) 362 (0 0 203) 105 (0 1 236.413) 305 (0 0 256.662) 156 (1 0 267.138) 356 (0 0 281) 157 (1 0 395) 761 (2 0 402.922) 321 (1 0 408.048) 357 (0 0 415.292) 141 (1 0 449.225) 129 (2 0 455) 341 (1 0 459.492) 329 (0 0 470.123) 103 (1 0 494) 131 (2 0 505.795) 331 (1 0 508.31) 303 (0 0 515.408) 179 (1 0 529) 379 (0 0 543.108) 435 (0 0 720) 

- route 16: 416 (0 0 66.913) 198 (0 1 68.3705) 120 (1 1 82.1532) 560 (0 1 87) 398 (0 0 98.4483) 106 (0 1 120.848) 306 (0 0 126) 144 (1 0 148.381) 344 (0 0 166) 192 (1 0 251.8) 632 (0 0 255) 183 (1 0 319) 383 (0 0 324.056) 728 (1 0 341.503) 288 (0 0 345) 186 (1 0 350.527) 386 (0 0 355) 833 (1 0 414.745) 393 (0 0 417.944) 194 (1 0 464.611) 394 (0 0 468) 195 (1 0 554) 395 (0 0 558.583) 187 (1 0 582) 387 (0 0 588.21) 436 (0 0 720) 

- route 17: 417 (0 0 162.713) 166 (1 0 163.392) 366 (0 0 166) 167 (1 0 251.254) 367 (0 0 253.862) 190 (1 0 256.087) 390 (0 0 258) 164 (1 0 282.284) 604 (0 0 285) 177 (1 0 368) 150 (2 0 375.097) 377 (1 0 377.394) 350 (0 0 388.492) 151 (1 0 476) 351 (0 0 489.395) 191 (1 0 504) 391 (0 0 506.37) 805 (1 0 522.3) 365 (0 0 523.726) 437 (0 0 720) 

- route 18: 418 (0 0 133.726) 182 (1 0 134.464) 700 (2 0 136.836) 382 (1 0 139.241) 260 (0 0 143) 180 (0 1 223.509) 145 (1 1 237.404) 380 (1 0 253.955) 345 (0 0 258.023) 199 (0 1 261) 399 (0 0 291.078) 172 (1 0 311.579) 372 (0 0 318) 53 (1 0 329.571) 493 (0 0 331) 173 (1 0 448.375) 89 (2 0 454) 529 (1 0 456.157) 373 (0 0 457.507) 153 (1 0 559) 353 (0 0 572.169) 809 (1 0 667.935) 369 (0 0 672.129) 438 (0 0 720) 

- route 19: 419 (0 0 146.953) 196 (1 0 149.208) 396 (0 0 153) 188 (1 0 169.896) 176 (2 0 174.404) 376 (1 0 181) 48 (2 0 209.97) 248 (1 0 216.051) 388 (0 0 220.899) 12 (0 1 281.787) 212 (0 0 292) 46 (1 0 301.909) 486 (0 0 305) 45 (1 0 310) 245 (0 0 317.142) 30 (1 0 324.715) 230 (0 0 327) 51 (0 1 372) 99 (1 1 379.376) 299 (0 1 395.648) 251 (0 0 403.382) 94 (1 0 422.474) 294 (0 0 428) 95 (1 0 530) 295 (0 0 537.788) 109 (0 1 610) 309 (0 0 653.874) 439 (0 0 720) 


Data DARP: datafile1.txt
Transfers: 1
Relative MRT: 1
MRT factor: 1.5
Speed factor PT : 1
PT interval: 10
Iterations: 25000
Iter without impr: 500
Max removal pct: 0.3
Max deterior pct: 0.04
Clustered removal: 0
IDARP adapted: 1
Without operator:  0
Terminals per node: 3
Priority non PT: 0
Priority PT: 0
Priority long: 0
Priority short: 0
Current iteration: 20000
Total distance: 2378.43
Computation time: 3000.9
Average ride time: 17.8367
Pct PT users: 0.16
Users PT: 2 3 18 19 46 47 52 53 56 60 61 76 77 88 89 98 110 111 120 121 135 138 139 142 143 164 168 169 170 171 192 193 

- route 0: 400 (0 0 231.322) 750 (1 0 231.322) 738 (2 0 232.322) 298 (1 0 234.022) 310 (0 0 235.997) 7 (1 0 252) 207 (0 0 262.42) 80 (0 1 303.906) 163 (1 1 328) 363 (0 1 339.13) 280 (0 0 343.447) 170 (1 0 377.972) 610 (0 0 381) 150 (1 0 389.737) 350 (0 0 399) 151 (1 0 476) 351 (0 0 489.395) 191 (1 0 504) 391 (0 0 506.37) 39 (0 1 615.938) 155 (1 1 620) 355 (0 1 629.146) 239 (0 0 663.401) 420 (0 0 720) 

- route 1: 401 (0 0 78.0993) 14 (1 0 83.468) 692 (2 0 102.571) 252 (1 0 104) 214 (0 0 112.775) 196 (1 0 149.208) 396 (0 0 153) 188 (1 0 169.896) 176 (2 0 174.404) 376 (1 0 181) 48 (2 0 209.97) 248 (1 0 216.051) 388 (0 0 220.899) 12 (0 1 281.787) 212 (0 0 292) 13 (0 1 405) 2 (1 1 413.342) 442 (0 1 414.797) 213 (0 0 418.819) 687 (1 0 477.592) 247 (0 0 480.683) 77 (1 0 534.393) 517 (0 0 537) 643 (1 0 619.222) 203 (0 0 620.677) 421 (0 0 720) 

- route 2: 402 (0 0 130.966) 782 (1 0 130.966) 342 (0 0 134.206) 10 (1 0 136.144) 210 (0 0 141) 18 (1 0 171.384) 458 (0 0 173) 40 (1 0 267.675) 240 (0 0 277) 26 (1 0 299.651) 226 (0 0 305.948) 716 (1 0 309.883) 46 (2 0 312.63) 276 (1 0 314.393) 486 (0 0 317) 111 (1 0 326) 551 (0 0 329) 9 (1 0 413) 209 (0 0 416.473) 0 (0 1 426.11) 200 (0 0 438) 29 (1 0 519) 229 (0 0 529.338) 135 (1 0 567.13) 575 (0 0 569) 422 (0 0 720) 

- route 3: 403 (0 0 101.163) 44 (1 0 102.44) 244 (0 0 107.535) 36 (0 1 112.707) 132 (0 2 138.828) 332 (0 1 144.791) 236 (0 0 150) 122 (0 1 209.659) 322 (0 0 218) 118 (1 0 334.076) 108 (1 1 341.76) 59 (2 1 350.321) 259 (1 1 370.83) 318 (0 1 380.646) 308 (0 0 385) 54 (1 0 456.488) 254 (0 0 460) 55 (1 0 585) 255 (0 0 589.768) 17 (0 1 615) 43 (1 1 624.397) 243 (0 1 641.502) 217 (0 0 647.14) 423 (0 0 720) 

- route 4: 404 (0 0 92.1155) 6 (1 0 99.7197) 206 (0 0 107) 32 (0 1 152.001) 232 (0 0 174) 110 (1 0 211.168) 550 (0 0 215) 4 (1 0 251.86) 204 (0 0 276) 5 (1 0 354.875) 15 (2 0 363) 205 (1 0 390.268) 215 (0 0 392.307) 41 (1 0 411) 659 (2 0 420.56) 219 (1 0 422.176) 241 (0 0 424.488) 21 (0 1 435) 221 (0 0 450.942) 49 (1 0 465) 249 (0 0 473.621) 35 (1 0 551) 235 (0 0 555.461) 23 (1 0 588) 1 (1 1 594) 223 (0 1 605.62) 201 (0 0 610.335) 424 (0 0 720) 

- route 5: 405 (0 0 208.34) 82 (0 1 208.76) 282 (0 0 215) 62 (1 0 236.148) 262 (0 0 241) 50 (0 1 261.079) 250 (0 0 283) 45 (1 0 298.156) 245 (0 0 303.251) 20 (0 1 313.372) 220 (0 0 325) 51 (0 1 366.316) 99 (1 1 371.932) 299 (0 1 388.205) 251 (0 0 395.939) 92 (0 1 400.783) 292 (0 0 410) 93 (0 1 557) 293 (0 0 569.326) 425 (0 0 720) 

- route 6: 406 (0 0 67.8135) 52 (1 0 69.2241) 492 (0 0 71) 66 (1 0 210.983) 266 (0 0 213) 76 (1 0 280.166) 516 (0 0 283) 88 (1 0 313.562) 528 (0 0 315) 113 (1 0 325.451) 751 (2 0 346.997) 311 (1 0 350.829) 313 (0 0 363.769) 808 (1 0 379.711) 368 (0 0 382) 126 (1 0 431.336) 134 (2 0 439.639) 334 (1 0 455) 42 (2 0 463.517) 326 (1 0 479.993) 242 (0 0 488.675) 426 (0 0 720) 

- route 7: 407 (0 0 62.2228) 64 (0 1 66.5473) 264 (0 0 90) 174 (1 0 126.183) 374 (0 0 132) 160 (1 0 235.04) 360 (0 0 238) 178 (1 0 293.261) 378 (0 0 303) 53 (1 0 330.315) 493 (0 0 333) 85 (0 1 411) 285 (0 0 447.943) 69 (0 1 561.923) 717 (1 1 569.086) 277 (0 1 571.919) 269 (0 0 577.374) 79 (1 0 591) 279 (0 0 606.256) 427 (0 0 720) 

- route 8: 408 (0 0 81.0412) 86 (0 1 84.7967) 286 (0 0 91.9351) 60 (1 0 100.566) 500 (0 0 105) 760 (1 0 126.277) 320 (0 0 128.274) 70 (1 0 146.331) 270 (0 0 153) 98 (1 0 212.141) 538 (0 0 217) 58 (1 0 236.913) 258 (0 0 257.422) 199 (0 1 261) 399 (0 0 291.078) 172 (1 0 302.993) 372 (0 0 309.414) 117 (1 0 316.605) 317 (0 0 334.83) 97 (0 1 340.331) 22 (1 1 352.055) 143 (2 1 355) 583 (1 1 357.159) 222 (0 1 366.536) 297 (0 0 376.965) 78 (1 0 387.073) 701 (2 0 394.113) 278 (1 0 401.011) 261 (0 0 405.902) 47 (1 0 444) 487 (0 0 449) 63 (1 0 472) 263 (0 0 478.778) 729 (1 0 482.866) 289 (0 0 485.446) 428 (0 0 720) 

- route 9: 409 (0 0 100.284) 74 (0 1 108.521) 274 (0 0 119) 84 (0 1 177.371) 284 (0 0 203) 158 (1 0 296.76) 91 (1 1 313.792) 358 (0 1 320) 291 (0 0 328.501) 68 (0 1 356.876) 121 (1 1 364.2) 561 (0 1 367) 268 (0 0 372.327) 56 (1 0 376.358) 496 (0 0 379) 810 (1 0 398.057) 370 (0 0 402.219) 171 (1 0 556.838) 611 (0 0 561) 429 (0 0 720) 

- route 10: 410 (0 0 113.023) 112 (1 0 113.122) 312 (0 0 139) 96 (0 1 253.577) 296 (0 0 279) 24 (1 0 310.525) 224 (0 0 322) 107 (0 1 353) 307 (0 0 359.228) 19 (1 0 383.215) 459 (0 0 387) 193 (1 0 396.73) 633 (0 0 399) 114 (0 1 414.053) 123 (0 2 420.553) 323 (0 1 428.893) 314 (0 0 457) 115 (0 1 554) 811 (1 1 577.613) 371 (0 1 580.451) 315 (0 0 600.086) 430 (0 0 720) 

- route 11: 411 (0 0 107.948) 142 (1 0 109.045) 582 (0 0 111) 128 (1 0 194.96) 658 (2 0 202.215) 218 (1 0 206) 328 (0 0 210.083) 146 (0 1 224.124) 346 (0 0 230) 138 (1 0 253.562) 578 (0 0 255) 124 (1 0 273.277) 71 (2 0 302) 271 (1 0 309.832) 67 (2 0 311) 267 (1 0 313.525) 87 (1 1 317.522) 324 (0 1 322.509) 287 (0 0 326.73) 83 (0 1 331.06) 283 (0 0 337.299) 686 (1 0 340.72) 246 (0 0 344) 693 (1 0 362.327) 253 (0 0 364.103) 75 (0 1 367) 275 (0 0 381.219) 125 (1 0 461.526) 25 (2 0 492) 325 (1 0 499.748) 225 (0 0 508.712) 775 (1 0 584.335) 335 (0 0 588.798) 3 (1 0 593.711) 443 (0 0 597) 431 (0 0 720) 

- route 12: 412 (0 0 171.504) 136 (0 1 180.909) 140 (1 1 190.822) 340 (0 1 198) 336 (0 0 226.12) 11 (1 0 233) 211 (0 0 239.784) 8 (1 0 251.351) 208 (0 0 254) 778 (1 0 281.934) 338 (0 0 285.59) 34 (1 0 312.693) 234 (0 0 316) 30 (1 0 324.715) 230 (0 0 327) 31 (1 0 466) 231 (0 0 468.928) 139 (1 0 477.344) 579 (0 0 481) 16 (0 1 487.508) 57 (1 1 494.469) 119 (2 1 510.554) 216 (2 0 513) 159 (3 0 517.678) 257 (2 0 521.374) 359 (1 0 541.721) 319 (0 0 557.691) 149 (0 1 631) 349 (0 0 637.967) 432 (0 0 720) 

- route 13: 413 (0 0 310.044) 804 (1 0 310.044) 364 (0 0 312.225) 133 (0 1 344) 333 (0 0 351.444) 783 (1 0 379.465) 343 (0 0 381.421) 147 (0 1 393) 347 (0 0 400.314) 100 (0 1 440.304) 300 (0 0 447) 779 (1 0 507.934) 339 (0 0 509.371) 101 (0 1 592) 301 (0 0 600.544) 433 (0 0 720) 

- route 14: 414 (0 0 121.836) 116 (1 0 127.867) 104 (1 1 141.42) 316 (0 1 154) 304 (0 0 170) 105 (0 1 249) 305 (0 0 277.873) 102 (1 0 337.903) 130 (2 0 345.001) 330 (1 0 347.516) 302 (0 0 356) 189 (1 0 379.095) 38 (1 1 385.378) 27 (2 1 390.566) 227 (1 1 396.862) 238 (1 0 421) 389 (0 0 430.098) 73 (0 1 469) 81 (0 2 484) 273 (0 1 509.506) 281 (0 0 523.541) 127 (1 0 588.421) 327 (0 0 621.193) 169 (1 0 626) 609 (0 0 635) 434 (0 0 720) 

- route 15: 415 (0 0 179.325) 162 (1 0 181.588) 362 (0 0 191.504) 90 (0 1 208.194) 290 (0 0 219) 72 (0 1 249.996) 272 (0 0 278) 168 (1 0 340.806) 608 (0 0 345) 152 (1 0 356.509) 61 (2 0 362.727) 501 (1 0 367) 352 (0 0 369) 157 (1 0 395) 761 (2 0 402.922) 321 (1 0 408.048) 357 (0 0 415.292) 141 (1 0 449.225) 129 (2 0 455) 341 (1 0 459.492) 329 (0 0 470.123) 103 (1 0 494) 131 (2 0 505.795) 331 (1 0 508.31) 303 (0 0 515.408) 179 (1 0 529) 379 (0 0 543.108) 435 (0 0 720) 

- route 16: 416 (0 0 133.726) 182 (1 0 134.464) 700 (2 0 136.836) 382 (1 0 139.241) 260 (0 0 143) 180 (0 1 230.554) 145 (1 1 244.449) 380 (1 0 261) 345 (0 0 270.376) 832 (1 0 280.745) 392 (0 0 283.015) 33 (0 1 294.494) 37 (0 2 302) 233 (0 1 325.992) 237 (0 0 345.21) 28 (1 0 360.775) 228 (0 0 368) 696 (1 0 399.411) 256 (0 0 403.262) 137 (0 1 418.505) 642 (1 1 437.132) 202 (0 1 440.307) 148 (0 2 450.368) 348 (0 1 456.012) 337 (0 0 463.716) 181 (0 1 489) 165 (1 1 499.671) 365 (0 1 519.966) 381 (0 0 525.575) 153 (1 0 559) 353 (0 0 572.169) 809 (1 0 667.935) 369 (0 0 672.129) 436 (0 0 720) 

- route 17: 417 (0 0 255.484) 190 (1 0 256.087) 390 (0 0 258) 164 (1 0 282.284) 604 (0 0 285) 177 (1 0 367.406) 377 (0 0 374.001) 197 (1 0 376.228) 175 (2 0 378) 397 (1 0 381.415) 375 (0 0 386.225) 154 (1 0 395.108) 161 (2 0 398) 361 (1 0 401.21) 354 (0 0 404) 185 (1 0 432) 385 (0 0 437.654) 173 (1 0 448.375) 89 (2 0 454) 373 (1 0 456.32) 529 (0 0 459) 437 (0 0 720) 

- route 18: 418 (0 0 66.913) 198 (0 1 68.3705) 120 (1 1 82.1532) 560 (0 1 87) 398 (0 0 98.4483) 106 (0 1 120.848) 306 (0 0 126) 144 (1 0 148.381) 344 (0 0 166) 156 (1 0 267.138) 356 (0 0 281) 728 (1 0 343.473) 288 (0 0 345) 186 (1 0 350.527) 386 (0 0 355) 833 (1 0 424.745) 393 (0 0 427.944) 194 (1 0 464.611) 394 (0 0 468) 195 (1 0 554) 395 (0 0 558.583) 187 (1 0 582) 387 (0 0 588.21) 438 (0 0 720) 

- route 19: 419 (0 0 162.713) 166 (1 0 163.392) 366 (0 0 166) 167 (1 0 243.366) 367 (0 0 245.974) 192 (1 0 251.8) 632 (0 0 255) 183 (1 0 312.525) 383 (0 0 316.229) 65 (0 1 321.56) 184 (1 1 324.897) 384 (0 1 329) 265 (0 0 355.239) 94 (1 0 422.474) 294 (0 0 428) 95 (1 0 530) 295 (0 0 537.788) 109 (0 1 610) 309 (0 0 653.874) 439 (0 0 720) 


Data DARP: datafile1.txt
Transfers: 1
Relative MRT: 1
MRT factor: 1.5
Speed factor PT : 1
PT interval: 10
Iterations: 25000
Iter without impr: 500
Max removal pct: 0.3
Max deterior pct: 0.04
Clustered removal: 0
IDARP adapted: 1
Without operator:  0
Terminals per node: 3
Priority non PT: 0
Priority PT: 0
Priority long: 0
Priority short: 0
Current iteration: 25000
Total distance: 2373.15
Computation time: 4822.65
Average ride time: 17.8454
Pct PT users: 0.165
Users PT: 2 3 18 19 46 47 52 53 56 60 61 76 77 88 89 98 110 111 120 121 135 138 139 142 143 164 165 168 169 170 171 192 193 

- route 0: 400 (0 0 130.966) 782 (1 0 130.966) 342 (0 0 134.206) 10 (1 0 136.144) 210 (0 0 141) 11 (1 0 227.874) 738 (2 0 230.921) 211 (1 0 233.752) 298 (0 0 236.05) 778 (1 0 281.934) 338 (0 0 285.59) 34 (1 0 312.693) 234 (0 0 316) 30 (1 0 324.715) 230 (0 0 327) 51 (0 1 372) 99 (1 1 379.376) 299 (0 1 395.648) 251 (0 0 403.382) 94 (1 0 422.474) 294 (0 0 428) 95 (1 0 530) 295 (0 0 537.788) 17 (0 1 615) 43 (1 1 624.397) 243 (0 1 641.502) 217 (0 0 647.14) 420 (0 0 720) 

- route 1: 401 (0 0 101.163) 44 (1 0 102.44) 244 (0 0 107.535) 36 (0 1 112.707) 132 (0 2 138.828) 332 (0 1 144.791) 236 (0 0 150) 122 (0 1 209.659) 322 (0 0 218) 199 (0 1 261) 399 (0 0 291.078) 172 (1 0 305.389) 372 (0 0 311.81) 117 (1 0 319) 751 (2 0 339.104) 311 (1 0 341.645) 317 (0 0 345.313) 107 (0 1 353) 307 (0 0 359.228) 19 (1 0 384.5) 459 (0 0 387) 100 (0 1 440.304) 300 (0 0 447) 25 (1 0 492) 225 (0 0 505.605) 29 (1 0 519) 229 (0 0 529.338) 135 (1 0 567.13) 575 (0 0 569) 421 (0 0 720) 

- route 2: 402 (0 0 232.715) 750 (1 0 232.715) 310 (0 0 234.338) 8 (1 0 241.712) 208 (0 0 244.361) 4 (1 0 251.86) 204 (0 0 276) 5 (1 0 354.875) 15 (2 0 363) 205 (1 0 390.268) 215 (0 0 392.307) 41 (1 0 411) 659 (2 0 421.094) 219 (1 0 422.711) 241 (0 0 424.488) 21 (0 1 435) 221 (0 0 450.942) 49 (1 0 465) 249 (0 0 473.621) 35 (1 0 551) 235 (0 0 555.461) 23 (1 0 588) 1 (1 1 594) 223 (0 1 605.62) 201 (0 0 610.335) 422 (0 0 720) 

- route 3: 403 (0 0 92.1155) 6 (1 0 99.7197) 206 (0 0 107) 32 (0 1 152.001) 232 (0 0 174) 136 (0 1 194.666) 110 (1 1 209.509) 550 (0 1 213.341) 336 (0 0 228) 7 (1 0 252) 207 (0 0 262.42) 80 (0 1 314.32) 87 (0 2 326) 287 (0 1 334.214) 280 (0 0 353.86) 170 (1 0 377.972) 610 (0 0 381) 154 (1 0 395.108) 161 (2 0 398) 361 (1 0 401.21) 354 (0 0 404) 39 (0 1 615.938) 155 (1 1 620) 355 (0 1 629.146) 239 (0 0 663.401) 423 (0 0 720) 

- route 4: 404 (0 0 168.815) 18 (1 0 171.384) 458 (0 0 173) 40 (1 0 267.675) 240 (0 0 277) 26 (1 0 291.543) 226 (0 0 297.84) 46 (1 0 301.909) 486 (0 0 305) 45 (1 0 310) 245 (0 0 315.743) 111 (1 0 318.602) 551 (0 0 321) 143 (1 0 349.037) 583 (0 0 351) 9 (1 0 413) 209 (0 0 416.473) 687 (1 0 476.55) 247 (0 0 480.247) 77 (1 0 541) 517 (0 0 547) 643 (1 0 619.222) 203 (0 0 620.677) 424 (0 0 720) 

- route 5: 405 (0 0 202.31) 90 (0 1 208.194) 290 (0 0 219) 96 (0 1 253.577) 296 (0 0 279) 24 (1 0 295.71) 224 (0 0 307.185) 804 (1 0 310.044) 364 (0 0 312.225) 133 (0 1 344) 333 (0 0 351.444) 808 (1 0 379.711) 368 (0 0 382) 126 (1 0 431.336) 134 (2 0 439.639) 334 (1 0 455) 42 (2 0 463.517) 326 (1 0 479.993) 242 (0 0 488.675) 425 (0 0 720) 

- route 6: 406 (0 0 67.8135) 52 (1 0 69.2241) 492 (0 0 71) 66 (1 0 210.983) 266 (0 0 213) 76 (1 0 289.261) 516 (0 0 291) 67 (1 0 311) 267 (0 0 313.525) 686 (1 0 336.758) 246 (0 0 338.592) 75 (0 1 352.523) 275 (0 0 363.002) 56 (1 0 372.358) 496 (0 0 375) 810 (1 0 398.057) 370 (0 0 402.219) 171 (1 0 566.838) 611 (0 0 571) 55 (1 0 585) 255 (0 0 589.768) 426 (0 0 720) 

- route 7: 407 (0 0 81.0412) 86 (0 1 84.7967) 286 (0 0 91.9351) 60 (1 0 100.566) 500 (0 0 105) 760 (1 0 126.277) 320 (0 0 128.274) 70 (1 0 146.331) 270 (0 0 153) 98 (1 0 212.141) 538 (0 0 217) 58 (1 0 238.49) 258 (0 0 259) 102 (1 0 333.466) 97 (1 1 344.224) 302 (0 1 353.119) 22 (1 1 357.92) 222 (0 1 370) 297 (0 0 380.858) 92 (0 1 400.783) 292 (0 0 410) 93 (0 1 557) 293 (0 0 569.326) 427 (0 0 720) 

- route 8: 408 (0 0 59.506) 64 (0 1 63.8305) 264 (0 0 87.2832) 74 (0 1 108.521) 274 (0 0 119) 84 (0 1 177.371) 284 (0 0 203) 184 (1 0 315.712) 384 (0 0 319.815) 65 (0 1 324.213) 83 (0 2 343.126) 283 (0 1 349.366) 265 (0 0 356.799) 693 (1 0 362.989) 253 (0 0 364.765) 63 (1 0 472) 263 (0 0 478.778) 729 (1 0 484.008) 289 (0 0 485.446) 428 (0 0 720) 

- route 9: 409 (0 0 208.34) 82 (0 1 208.76) 282 (0 0 215) 62 (1 0 236.148) 262 (0 0 241) 72 (0 1 249.996) 272 (0 0 278) 168 (1 0 340.806) 608 (0 0 345) 152 (1 0 355.452) 61 (2 0 361.669) 352 (1 0 365.939) 501 (0 0 367) 85 (0 1 411) 185 (1 1 423.828) 385 (0 1 427.931) 285 (0 0 447.943) 69 (0 1 557.688) 269 (0 0 568.988) 717 (1 0 576.788) 277 (0 0 578.526) 429 (0 0 720) 

- route 10: 410 (0 0 66.9979) 14 (1 0 83.468) 692 (2 0 102.571) 252 (1 0 104) 214 (0 0 112.775) 196 (1 0 149.208) 396 (0 0 153) 188 (1 0 169.896) 176 (2 0 174.404) 376 (1 0 181) 48 (2 0 209.97) 248 (1 0 216.051) 388 (0 0 220.899) 12 (0 1 281.787) 212 (0 0 292) 13 (0 1 405) 2 (1 1 413.342) 442 (0 1 414.797) 213 (0 0 418.819) 0 (0 1 426.11) 200 (0 0 438) 31 (1 0 466) 231 (0 0 468.928) 139 (1 0 481.344) 579 (0 0 485) 16 (0 1 487.508) 57 (1 1 494.469) 119 (2 1 510.554) 216 (2 0 513) 159 (3 0 517.678) 257 (2 0 521.374) 359 (1 0 541.721) 319 (0 0 557.691) 149 (0 1 631) 349 (0 0 637.967) 430 (0 0 720) 

- route 11: 411 (0 0 113.023) 112 (1 0 113.122) 312 (0 0 139) 50 (0 1 261.079) 250 (0 0 283) 20 (0 1 307.21) 220 (0 0 318.838) 716 (1 0 323.393) 276 (0 0 326) 189 (1 0 379.095) 38 (1 1 385.378) 27 (2 1 390.566) 227 (1 1 396.862) 238 (1 0 421) 389 (0 0 430.098) 73 (0 1 469) 81 (0 2 484) 273 (0 1 509.506) 281 (0 0 523.541) 109 (0 1 610) 309 (0 0 653.874) 431 (0 0 720) 

- route 12: 412 (0 0 121.836) 116 (1 0 127.867) 104 (1 1 141.42) 316 (0 1 154) 304 (0 0 170) 105 (0 1 236.413) 305 (0 0 256.662) 156 (1 0 267.138) 356 (0 0 281) 158 (1 0 292.531) 88 (2 0 310.274) 358 (1 0 312.556) 528 (0 0 315) 113 (1 0 333.547) 130 (2 0 355.485) 330 (1 0 358) 783 (2 0 368.773) 313 (1 0 371.864) 343 (0 0 375.457) 147 (0 1 385.993) 347 (0 0 391.869) 193 (1 0 396.73) 633 (0 0 399) 114 (0 1 414.053) 123 (0 2 420.553) 323 (0 1 428.893) 314 (0 0 457) 115 (0 1 554) 775 (1 1 584.335) 335 (0 1 588.798) 3 (1 1 593.711) 443 (0 1 597) 315 (0 0 600.086) 432 (0 0 720) 

- route 13: 413 (0 0 107.948) 142 (1 0 109.045) 582 (0 0 111) 128 (1 0 194.96) 658 (2 0 202.215) 218 (1 0 206) 328 (0 0 210.083) 146 (0 1 224.124) 346 (0 0 230) 138 (1 0 253.562) 578 (0 0 255) 124 (1 0 273.277) 71 (2 0 302) 271 (1 0 311.503) 91 (1 1 316.252) 324 (0 1 322.509) 291 (0 0 330.961) 68 (0 1 356.876) 121 (1 1 364.2) 561 (0 1 367) 268 (0 0 372.327) 78 (1 0 405.496) 278 (0 0 416) 79 (1 0 576.249) 127 (2 0 585.622) 279 (1 0 589.566) 327 (0 0 621.193) 169 (1 0 626) 609 (0 0 635) 433 (0 0 720) 

- route 14: 414 (0 0 188.328) 140 (1 0 190.822) 340 (0 0 198) 118 (1 0 334.076) 108 (1 1 341.76) 59 (2 1 350.321) 259 (1 1 370.83) 318 (0 1 380.646) 308 (0 0 385) 701 (1 0 400.41) 261 (0 0 404.844) 47 (1 0 443.564) 54 (2 0 446.006) 487 (1 0 449) 254 (0 0 450.773) 125 (1 0 468.465) 165 (2 0 496.819) 605 (1 0 499) 779 (2 0 510.416) 339 (1 0 513.371) 325 (0 0 517.697) 101 (0 1 592) 301 (0 0 600.544) 434 (0 0 720) 

- route 15: 415 (0 0 190.821) 162 (1 0 193.083) 362 (0 0 203) 163 (1 0 328) 728 (2 0 338.816) 288 (1 0 340.343) 363 (0 0 342.375) 186 (1 0 350.527) 386 (0 0 355) 833 (1 0 424.745) 393 (0 0 427.944) 194 (1 0 464.611) 394 (0 0 468) 195 (1 0 554) 395 (0 0 558.583) 187 (1 0 582) 387 (0 0 588.21) 435 (0 0 720) 

- route 16: 416 (0 0 66.913) 198 (0 1 68.3705) 120 (1 1 82.1532) 560 (0 1 87) 398 (0 0 98.4483) 106 (0 1 120.848) 306 (0 0 126) 144 (1 0 148.381) 344 (0 0 166) 192 (1 0 251.8) 632 (0 0 255) 183 (1 0 319) 383 (0 0 324.056) 150 (1 0 389.737) 350 (0 0 399) 151 (1 0 476) 351 (0 0 489.395) 436 (0 0 720) 

- route 17: 417 (0 0 162.713) 166 (1 0 163.392) 366 (0 0 166) 167 (1 0 251.254) 367 (0 0 253.862) 190 (1 0 256.087) 390 (0 0 258) 178 (1 0 293.261) 378 (0 0 303) 53 (1 0 329.571) 493 (0 0 331) 173 (1 0 448.375) 89 (2 0 454) 529 (1 0 456.157) 373 (0 0 457.507) 805 (1 0 525.334) 365 (0 0 526.76) 811 (1 0 588.057) 371 (0 0 591.085) 437 (0 0 720) 

- route 18: 418 (0 0 122.64) 174 (1 0 126.183) 374 (0 0 132) 160 (1 0 235.04) 360 (0 0 238) 164 (1 0 282.284) 604 (0 0 285) 177 (1 0 367.406) 377 (0 0 374.001) 197 (1 0 376.228) 175 (2 0 378) 397 (1 0 381.415) 375 (0 0 386.225) 157 (1 0 395) 761 (2 0 402.922) 321 (1 0 408.048) 357 (0 0 415.292) 141 (1 0 449.225) 129 (2 0 455) 341 (1 0 459.492) 329 (0 0 470.123) 103 (1 0 494) 131 (2 0 505.795) 331 (1 0 508.31) 303 (0 0 515.408) 179 (1 0 529) 379 (0 0 543.108) 438 (0 0 720) 

- route 19: 419 (0 0 133.726) 182 (1 0 134.464) 700 (2 0 136.836) 382 (1 0 139.241) 260 (0 0 143) 180 (0 1 230.554) 145 (1 1 244.449) 380 (1 0 261) 345 (0 0 270.376) 832 (1 0 280.745) 392 (0 0 283.015) 33 (0 1 294.494) 37 (0 2 302) 233 (0 1 325.992) 237 (0 0 345.21) 28 (1 0 360.775) 228 (0 0 368) 696 (1 0 395.92) 256 (0 0 399.262) 137 (0 1 418.505) 642 (1 1 437.132) 202 (0 1 440.307) 148 (0 2 450.368) 348 (0 1 456.012) 337 (0 0 463.716) 181 (0 1 479.832) 191 (1 1 504) 391 (0 1 506.37) 381 (0 0 516.407) 153 (1 0 559) 353 (0 0 572.169) 809 (1 0 667.935) 369 (0 0 672.129) 439 (0 0 720) 


