Data DARP: datafile7.txt
Transfers: 1
Relative MRT: 1
MRT factor: 1.5
Speed factor PT : 1
PT interval: 10
Iterations: 25000
Iter without impr: 500
Max removal pct: 0.3
Max deterior pct: 0.04
Clustered removal: 0
IDARP adapted: 1
Without operator:  0
Terminals per node: 3
Priority non PT: 0
Priority PT: 0
Priority long: 0
Priority short: 0
Current iteration: 0
Total distance: 2768.83
Computation time: 0.221208
Average ride time: 17.8781
Pct PT users: 0.26
Users PT: 0 1 4 5 9 20 21 26 27 32 33 42 43 52 53 58 59 64 65 90 91 98 99 102 103 105 114 115 116 117 118 119 122 123 124 125 128 129 132 133 140 141 154 155 158 159 164 165 171 183 198 199 

- route 0: 400 (0 0 66.6952) 106 (1 0 88.5807) 306 (0 0 114) 12 (0 1 137.527) 212 (0 0 141) 24 (1 0 163.695) 224 (0 0 172) 13 (0 1 211.529) 213 (0 0 215.002) 48 (1 0 218.996) 248 (0 0 225) 37 (1 0 259) 0 (2 0 266.732) 440 (1 0 269) 683 (2 0 270.171) 237 (1 0 272.781) 243 (0 0 275.484) 768 (1 0 305.998) 328 (0 0 309.847) 123 (1 0 329.575) 563 (0 0 333.362) 731 (1 0 352.801) 291 (0 0 355.228) 61 (1 0 365) 261 (0 0 367.909) 80 (0 1 452.76) 23 (1 1 474) 223 (0 1 477.779) 280 (0 0 485.067) 39 (0 1 561) 239 (0 0 570.183) 645 (1 0 592.795) 205 (0 0 594.716) 175 (0 1 601.189) 125 (1 1 607.443) 565 (0 1 609) 375 (0 0 650.558) 420 (0 0 720) 

- route 1: 401 (0 0 77.885) 36 (1 0 79.4942) 236 (0 0 89.6736) 698 (1 0 98.1887) 258 (0 0 100.104) 33 (1 0 179.738) 473 (0 0 185) 14 (0 1 229.096) 214 (0 0 258.1) 59 (1 0 283) 499 (0 0 285) 38 (0 1 319.878) 238 (0 0 327) 4 (1 0 349.079) 444 (0 0 351) 7 (1 0 361) 207 (0 0 367.265) 40 (1 0 377.693) 692 (2 0 380.17) 252 (1 0 382.944) 240 (0 0 415.718) 764 (1 0 443.431) 324 (0 0 444.988) 81 (0 1 569.198) 641 (1 1 573.83) 201 (0 1 576.098) 281 (0 0 601.505) 693 (1 0 631.409) 253 (0 0 634.08) 421 (0 0 720) 

- route 2: 402 (0 0 109.147) 6 (1 0 110.49) 206 (0 0 115) 673 (1 0 192.241) 233 (0 0 196.685) 18 (0 1 258.809) 44 (1 1 262.384) 244 (0 1 272) 218 (0 0 301.908) 838 (1 0 328.578) 398 (0 0 331.082) 193 (1 0 349.941) 169 (1 1 381) 393 (0 1 392.338) 369 (0 0 402.598) 101 (1 0 426.802) 171 (2 0 428.151) 611 (1 0 431) 301 (0 0 458.626) 185 (1 0 477.639) 385 (0 0 510.135) 41 (1 0 524) 241 (0 0 562.025) 17 (0 1 613) 217 (0 0 625.251) 661 (1 0 650.939) 221 (0 0 652.414) 422 (0 0 720) 

- route 3: 403 (0 0 57.8356) 32 (1 0 62.5557) 472 (0 0 67) 762 (1 0 213.82) 22 (2 0 215.325) 222 (1 0 218.178) 322 (0 0 222.536) 26 (1 0 245.373) 466 (0 0 247) 794 (1 0 274.874) 354 (0 0 278.618) 28 (1 0 283.999) 228 (0 0 293) 2 (1 0 312.18) 202 (0 0 326) 29 (1 0 378) 229 (0 0 391.002) 49 (1 0 417) 249 (0 0 425.506) 155 (1 0 498.96) 595 (0 0 501) 129 (1 0 523) 569 (0 0 527) 649 (1 0 577.198) 209 (0 0 579.578) 423 (0 0 720) 

- route 4: 404 (0 0 125.767) 42 (1 0 128.243) 482 (0 0 131) 62 (1 0 197.418) 262 (0 0 203) 98 (1 0 249.665) 538 (0 0 253) 111 (0 1 280) 182 (1 1 310.398) 311 (1 0 327.856) 382 (0 0 346.158) 25 (1 0 383.693) 225 (0 0 391.998) 16 (0 1 398.303) 216 (0 0 407.471) 3 (1 0 413.608) 203 (0 0 427.428) 15 (0 1 450) 215 (0 0 492.006) 45 (1 0 501.87) 20 (2 0 506.434) 460 (1 0 509) 245 (0 0 515.794) 424 (0 0 720) 

- route 5: 405 (0 0 118.274) 86 (1 0 121.484) 286 (0 0 123) 88 (1 0 196.164) 288 (0 0 201) 89 (1 0 419) 289 (0 0 425.755) 69 (1 0 517.762) 57 (1 1 525.784) 257 (1 0 533.972) 269 (0 0 539.45) 1 (1 0 545.4) 441 (0 0 547) 117 (1 0 563.306) 557 (0 0 565) 425 (0 0 720) 

- route 6: 406 (0 0 169.123) 90 (1 0 173.463) 530 (0 0 177) 64 (1 0 235.532) 504 (0 0 237) 43 (1 0 242.61) 483 (0 0 247) 84 (1 0 282.58) 284 (0 0 289) 640 (1 0 294.4) 200 (0 0 296) 96 (1 0 302.537) 296 (0 0 307) 63 (1 0 345) 263 (0 0 352.874) 798 (1 0 360.247) 358 (0 0 363.028) 54 (1 0 395.297) 97 (2 0 402.178) 254 (1 0 404) 297 (0 0 408.372) 56 (0 1 420.812) 256 (0 0 429) 51 (1 0 441) 251 (0 0 446.447) 705 (1 0 463.384) 265 (0 0 464.852) 66 (0 1 469.034) 266 (0 0 475) 72 (1 0 498.849) 272 (0 0 504) 105 (1 0 563.234) 545 (0 0 565) 55 (1 0 603) 255 (0 0 612.738) 67 (0 1 633) 267 (0 0 640.449) 426 (0 0 720) 

- route 7: 407 (0 0 68.9776) 92 (0 1 71.4472) 292 (0 0 77.0875) 58 (1 0 83.0161) 498 (0 0 85) 60 (1 0 115.727) 260 (0 0 118) 78 (1 0 151.57) 682 (2 0 153.733) 278 (1 0 156.809) 242 (0 0 161.116) 184 (1 0 234.462) 100 (2 0 257.899) 384 (1 0 274.817) 300 (0 0 283.217) 699 (1 0 298.104) 259 (0 0 300.088) 52 (1 0 357.653) 492 (0 0 360.324) 79 (1 0 365) 279 (0 0 370.647) 68 (1 0 395.979) 268 (0 0 410.89) 70 (1 0 416.872) 270 (0 0 425) 71 (1 0 516) 271 (0 0 527.691) 159 (1 0 545) 599 (0 0 551) 427 (0 0 720) 

- route 8: 408 (0 0 81.3698) 82 (1 0 82.3323) 282 (0 0 108) 104 (1 0 337.516) 27 (2 0 343.729) 467 (1 0 347) 95 (2 0 354.597) 295 (1 0 377.279) 304 (0 0 380.357) 756 (1 0 428.833) 316 (0 0 431.144) 739 (1 0 586.049) 299 (0 0 589.384) 77 (1 0 639) 277 (0 0 648.76) 428 (0 0 720) 

- route 9: 409 (0 0 291.777) 93 (0 1 292) 293 (0 0 298.96) 87 (1 0 326) 287 (0 0 327.774) 75 (1 0 354.013) 275 (0 0 357.611) 50 (1 0 360.036) 250 (0 0 364) 73 (1 0 623) 273 (0 0 630.226) 429 (0 0 720) 

- route 10: 410 (0 0 66.3652) 118 (1 0 67.1826) 558 (0 0 69) 110 (0 1 74.1395) 138 (0 2 77.9116) 338 (0 1 82.0665) 74 (1 1 110.402) 274 (0 1 114) 310 (0 0 120) 130 (0 1 176.103) 330 (0 0 182) 146 (0 1 217.163) 346 (0 0 232) 135 (1 0 259.527) 781 (2 0 264.875) 341 (1 0 267.467) 335 (0 0 272.149) 128 (1 0 276.362) 568 (0 0 279) 145 (1 0 286.516) 345 (0 0 288.819) 142 (1 0 290.784) 342 (0 0 295) 126 (0 1 322.908) 326 (0 0 329) 112 (0 1 337.443) 312 (0 0 342.356) 114 (1 0 346.882) 554 (0 0 349) 759 (1 0 361.269) 763 (2 0 362.269) 319 (1 0 364.087) 323 (0 0 367.624) 773 (1 0 388.089) 333 (0 0 389.934) 120 (1 0 414.325) 124 (2 0 418.959) 564 (1 0 421) 320 (0 0 431.689) 47 (1 0 452.5) 199 (2 0 467) 639 (1 0 471) 247 (0 0 492.043) 743 (1 0 511.795) 303 (0 0 514.415) 113 (0 1 551) 313 (0 0 556.869) 109 (1 0 580.62) 309 (0 0 584.688) 757 (1 0 599.065) 317 (0 0 603.282) 21 (1 0 627.571) 461 (0 0 630.513) 765 (1 0 631.513) 325 (0 0 633.472) 121 (1 0 642) 755 (2 0 651.531) 315 (1 0 653.502) 321 (0 0 659.364) 430 (0 0 720) 

- route 11: 411 (0 0 90.1609) 144 (1 0 91.697) 344 (0 0 94) 140 (1 0 96.8404) 580 (0 0 99) 804 (1 0 120.004) 134 (2 0 125.685) 364 (1 0 130.105) 334 (0 0 137) 122 (1 0 184.487) 562 (0 0 187) 139 (0 1 249) 339 (0 0 253.732) 136 (1 0 275.755) 336 (0 0 279) 102 (1 0 304.38) 542 (0 0 307) 46 (1 0 335.921) 165 (2 0 353.826) 605 (1 0 357) 246 (0 0 371) 108 (1 0 411.932) 308 (0 0 416) 148 (1 0 432.399) 348 (0 0 438) 143 (1 0 515.383) 343 (0 0 519.599) 137 (1 0 521.743) 337 (0 0 524.988) 660 (1 0 528.497) 220 (0 0 531) 127 (0 1 541.784) 327 (0 0 547.876) 769 (1 0 554.421) 329 (0 0 556.485) 745 (1 0 602.488) 305 (0 0 606.074) 149 (1 0 637) 349 (0 0 644.902) 431 (0 0 720) 

- route 12: 412 (0 0 87.9326) 132 (1 0 89.155) 572 (0 0 91) 666 (1 0 274.587) 226 (0 0 279) 131 (0 1 357) 331 (0 0 364.346) 116 (1 0 391.167) 556 (0 0 395) 147 (0 1 473) 347 (0 0 493.755) 9 (1 0 547.171) 449 (0 0 549) 432 (0 0 720) 

- route 13: 413 (0 0 318.474) 107 (1 0 343) 307 (0 0 380.629) 433 (0 0 720) 

- route 14: 414 (0 0 720) 434 (0 0 720) 

- route 15: 415 (0 0 117.037) 780 (1 0 119.037) 340 (0 0 122.027) 150 (1 0 130.857) 350 (0 0 138) 94 (1 0 179.318) 294 (0 0 202) 152 (1 0 253.477) 160 (2 0 257.162) 360 (1 0 262.594) 352 (0 0 268) 11 (1 0 279.614) 738 (2 0 283.608) 298 (1 0 288.131) 211 (0 0 316.526) 119 (1 0 337.964) 559 (0 0 343) 754 (1 0 368.563) 196 (2 0 370.245) 396 (1 0 372.629) 190 (2 0 375.475) 314 (1 0 377.281) 390 (0 0 384.847) 644 (1 0 390.795) 204 (0 0 394.72) 839 (1 0 498.787) 399 (0 0 500.668) 153 (1 0 514) 353 (0 0 529.139) 5 (1 0 549.075) 445 (0 0 553) 157 (0 1 573) 357 (0 0 593.191) 189 (1 0 605.399) 115 (2 0 623.103) 555 (1 0 625) 389 (0 0 636.515) 435 (0 0 720) 

- route 16: 416 (0 0 45.0737) 10 (1 0 71.3079) 672 (2 0 74.2408) 232 (1 0 79.5024) 168 (1 1 98.1284) 210 (0 1 111.652) 772 (1 1 114.934) 368 (1 0 116.598) 332 (0 0 121) 173 (0 1 182) 373 (0 0 190.482) 162 (1 0 195.317) 362 (0 0 198) 730 (1 0 211.271) 290 (0 0 216) 704 (1 0 260.724) 264 (0 0 264) 194 (1 0 289.189) 394 (0 0 300.776) 91 (1 0 306.794) 531 (0 0 311.523) 186 (1 0 319.937) 158 (2 0 324.805) 386 (1 0 326.236) 598 (0 0 331) 742 (1 0 334.925) 188 (2 0 337.421) 302 (1 0 339) 388 (0 0 367.276) 85 (1 0 374) 285 (0 0 382.161) 76 (1 0 389.534) 276 (0 0 396.375) 178 (1 0 414.401) 378 (0 0 422) 65 (1 0 429.655) 505 (0 0 431.017) 167 (1 0 439) 187 (2 0 446.744) 387 (1 0 451.906) 367 (0 0 455.985) 103 (1 0 478) 543 (0 0 485) 436 (0 0 720) 

- route 17: 417 (0 0 79.3274) 172 (0 1 81.6291) 372 (0 0 89.6851) 164 (1 0 95.6458) 604 (0 0 97) 176 (0 1 117.419) 376 (0 0 123) 180 (1 0 149.181) 380 (0 0 154) 192 (1 0 183.724) 170 (2 0 186.373) 370 (1 0 214) 392 (0 0 227.169) 30 (1 0 254.19) 230 (0 0 257.1) 83 (1 0 278) 283 (0 0 316.002) 156 (0 1 339.527) 356 (0 0 356) 805 (1 0 386.168) 365 (0 0 388.869) 161 (1 0 458.693) 361 (0 0 464.125) 811 (1 0 466.613) 371 (0 0 469.092) 823 (1 0 486.583) 383 (0 0 489.048) 179 (1 0 507) 379 (0 0 517.898) 795 (1 0 545.082) 355 (0 0 548.478) 99 (1 0 550.918) 539 (0 0 555) 799 (1 0 579.007) 359 (0 0 583.223) 197 (1 0 594) 397 (0 0 597.076) 437 (0 0 720) 

- route 18: 418 (0 0 84.2693) 758 (1 0 88.2693) 318 (0 0 93.3057) 166 (1 0 207.908) 366 (0 0 219.565) 154 (1 0 228.132) 594 (0 0 231) 141 (1 0 244.401) 581 (0 0 247) 151 (1 0 278.04) 351 (0 0 285.184) 177 (0 1 290.427) 377 (0 0 296.008) 198 (1 0 301.151) 638 (0 0 305) 181 (1 0 307.622) 381 (0 0 312.441) 174 (0 1 314.215) 34 (0 2 348.486) 234 (0 1 355.615) 374 (0 0 360) 667 (1 0 379.872) 227 (0 0 381.499) 31 (1 0 384) 231 (0 0 387.865) 8 (1 0 405.134) 19 (1 1 429) 208 (0 1 437.541) 183 (1 1 453.288) 623 (0 1 457) 219 (0 0 472.099) 35 (0 1 487) 235 (0 0 496.194) 53 (1 0 608.789) 493 (0 0 611) 191 (1 0 643) 391 (0 0 652.372) 438 (0 0 720) 

- route 19: 419 (0 0 301.774) 163 (1 0 303) 363 (0 0 306.524) 133 (1 0 358.035) 573 (0 0 361) 195 (1 0 542) 395 (0 0 558.88) 439 (0 0 720) 


Data DARP: datafile7.txt
Transfers: 1
Relative MRT: 1
MRT factor: 1.5
Speed factor PT : 1
PT interval: 10
Iterations: 25000
Iter without impr: 500
Max removal pct: 0.3
Max deterior pct: 0.04
Clustered removal: 0
IDARP adapted: 1
Without operator:  0
Terminals per node: 3
Priority non PT: 0
Priority PT: 0
Priority long: 0
Priority short: 0
Current iteration: 5000
Total distance: 2013.91
Computation time: 848.679
Average ride time: 17.7603
Pct PT users: 0.265
Users PT: 0 1 5 8 9 20 21 26 27 33 42 43 52 53 58 59 64 65 68 90 91 98 99 102 103 104 105 114 115 116 117 118 119 122 123 124 125 128 129 132 133 140 141 154 155 158 159 164 165 171 182 198 199 

- route 0: 400 (0 0 91.2115) 36 (1 0 92.8207) 236 (0 0 103) 37 (1 0 249.278) 0 (2 0 256.732) 440 (1 0 259) 237 (0 0 262.891) 30 (1 0 266.09) 230 (0 0 269) 683 (1 0 280.47) 243 (0 0 283.945) 38 (0 1 319.878) 238 (0 0 327) 193 (1 0 352.102) 4 (2 0 356.409) 393 (1 0 385.067) 805 (2 0 388.25) 365 (1 0 389.605) 204 (0 0 395) 839 (1 0 498.787) 399 (0 0 500.668) 153 (1 0 510.996) 353 (0 0 521.422) 41 (1 0 524) 241 (0 0 558.44) 39 (0 1 561) 239 (0 0 570.183) 645 (1 0 602.795) 205 (0 0 604.716) 420 (0 0 720) 

- route 1: 401 (0 0 163.265) 24 (1 0 163.695) 224 (0 0 172) 33 (1 0 185.875) 473 (0 0 191) 59 (1 0 273.084) 499 (0 0 275) 2 (1 0 312.18) 202 (0 0 326) 822 (1 0 338.583) 382 (0 0 342.296) 25 (1 0 384.057) 667 (2 0 391.947) 225 (1 0 393.377) 227 (0 0 395.918) 8 (1 0 407.243) 448 (0 0 409) 764 (1 0 443.431) 324 (0 0 444.988) 125 (1 0 622) 565 (0 0 629) 421 (0 0 720) 

- route 2: 402 (0 0 125.767) 42 (1 0 128.243) 482 (0 0 131) 762 (1 0 227.414) 322 (0 0 231.202) 26 (1 0 235.373) 466 (0 0 237) 768 (1 0 315.669) 328 (0 0 319.518) 123 (1 0 333.451) 563 (0 0 337) 7 (1 0 361) 207 (0 0 367.265) 31 (1 0 384) 231 (0 0 387.865) 16 (0 1 412.832) 216 (0 0 422) 17 (0 1 613) 217 (0 0 625.251) 422 (0 0 720) 

- route 3: 403 (0 0 65.944) 32 (1 0 70.6641) 10 (2 0 78.5909) 232 (1 0 83.6116) 168 (1 1 98.1284) 210 (0 1 111.652) 772 (1 1 114.934) 368 (1 0 116.598) 332 (0 0 121) 173 (0 1 172.124) 192 (1 1 180.273) 373 (1 0 182.365) 170 (2 0 186.029) 370 (1 0 213.656) 22 (2 0 217.147) 222 (1 0 220) 392 (0 0 223.717) 14 (0 1 237.996) 214 (0 0 267) 11 (1 0 287) 163 (2 0 292.928) 363 (1 0 295.611) 174 (1 1 299.661) 211 (0 1 328.404) 374 (0 0 349.03) 34 (0 1 358.871) 234 (0 0 366) 40 (1 0 378.329) 692 (2 0 380.806) 252 (1 0 383.579) 240 (0 0 416.354) 15 (0 1 450) 215 (0 0 492.006) 20 (1 0 509.525) 460 (0 0 511) 661 (1 0 651.367) 221 (0 0 652.842) 423 (0 0 720) 

- route 4: 404 (0 0 109.147) 6 (1 0 110.49) 206 (0 0 115) 673 (1 0 198.377) 233 (0 0 202.821) 44 (1 0 255.949) 18 (1 1 257.524) 244 (0 1 269.666) 128 (1 1 286.033) 568 (0 1 288.671) 142 (1 1 290.784) 342 (0 1 295) 218 (0 0 300.623) 104 (1 0 347.413) 544 (0 0 351) 763 (1 0 368.51) 323 (0 0 371.5) 19 (0 1 414.302) 120 (1 1 420.091) 320 (0 1 432) 219 (0 0 457.401) 35 (0 1 485.564) 235 (0 0 492.693) 155 (1 0 499.257) 595 (0 0 503) 424 (0 0 720) 

- route 5: 405 (0 0 77.3903) 82 (1 0 78.3528) 58 (2 0 81.8529) 498 (1 0 83.8368) 282 (0 0 108) 130 (0 1 176.103) 330 (0 0 182) 83 (1 0 264.576) 283 (0 0 290.243) 93 (0 1 292) 293 (0 0 298.96) 731 (1 0 356.007) 291 (0 0 358.433) 61 (1 0 365) 261 (0 0 367.909) 708 (1 0 408.412) 268 (0 0 411.753) 89 (1 0 419) 289 (0 0 425.755) 51 (1 0 441) 251 (0 0 446.447) 72 (1 0 498.849) 272 (0 0 504) 73 (1 0 623) 273 (0 0 630.226) 693 (1 0 641.409) 253 (0 0 644.08) 425 (0 0 720) 

- route 6: 406 (0 0 149.192) 78 (1 0 151.57) 682 (2 0 153.733) 278 (1 0 156.809) 242 (0 0 161.116) 43 (1 0 251.071) 483 (0 0 255) 84 (1 0 277.541) 284 (0 0 283.962) 640 (1 0 285.83) 200 (0 0 287.43) 96 (1 0 302.537) 296 (0 0 307) 50 (1 0 358.505) 250 (0 0 362.469) 79 (1 0 365) 75 (2 0 366.973) 279 (1 0 370.523) 275 (0 0 371.616) 85 (1 0 374) 285 (0 0 383.13) 68 (1 0 389.887) 508 (0 0 395) 756 (1 0 430.449) 316 (0 0 432.759) 117 (1 0 563.306) 557 (0 0 565) 426 (0 0 720) 

- route 7: 407 (0 0 177.444) 94 (1 0 179.318) 294 (0 0 202) 666 (1 0 270.291) 226 (0 0 273.562) 27 (1 0 357.729) 467 (0 0 361) 95 (1 0 366) 295 (0 0 399.523) 80 (0 1 452.76) 23 (1 1 474) 223 (0 1 477.779) 280 (0 0 485.067) 81 (0 1 567.198) 641 (1 1 571.83) 649 (2 1 572.83) 209 (1 1 574.587) 201 (0 1 576.098) 281 (0 0 599.505) 67 (0 1 633) 267 (0 0 640.449) 427 (0 0 720) 

- route 8: 408 (0 0 107.933) 74 (1 0 110.402) 274 (0 0 114) 86 (1 0 121.484) 286 (0 0 123) 88 (1 0 196.164) 288 (0 0 201) 54 (1 0 394.805) 76 (2 0 400.843) 254 (1 0 403.12) 276 (0 0 409) 77 (1 0 639) 277 (0 0 648.76) 428 (0 0 720) 

- route 9: 409 (0 0 83.8902) 92 (0 1 86.3597) 292 (0 0 92) 62 (1 0 197.418) 262 (0 0 203) 64 (1 0 225.532) 504 (0 0 227) 87 (1 0 326) 287 (0 0 327.774) 63 (1 0 345) 263 (0 0 352.874) 52 (1 0 358.289) 492 (0 0 360.959) 798 (1 0 361.959) 358 (0 0 364.741) 70 (1 0 416.872) 270 (0 0 425) 71 (1 0 503.652) 271 (0 0 511.779) 69 (1 0 517.762) 57 (1 1 525.784) 257 (1 0 533.972) 269 (0 0 539.45) 1 (1 0 545.4) 441 (0 0 547) 105 (1 0 563.234) 545 (0 0 565) 55 (1 0 603) 255 (0 0 612.738) 429 (0 0 720) 

- route 10: 410 (0 0 76.3652) 118 (1 0 77.1826) 558 (0 0 79) 140 (1 0 94.7144) 580 (0 0 97) 134 (1 0 127.109) 334 (0 0 137) 135 (1 0 265.465) 781 (2 0 270.925) 341 (1 0 273.085) 335 (0 0 279.802) 124 (1 0 418.959) 564 (0 0 421) 769 (1 0 542.45) 329 (0 0 544.514) 9 (1 0 547.171) 449 (0 0 549) 430 (0 0 720) 

- route 11: 411 (0 0 79.5644) 138 (0 1 81.1703) 338 (0 0 85.3252) 132 (1 0 89.155) 572 (0 0 91) 122 (1 0 195.55) 562 (0 0 199) 136 (1 0 275.755) 336 (0 0 279) 145 (1 0 296.324) 345 (0 0 298.627) 102 (1 0 302.9) 542 (0 0 305) 108 (1 0 411.932) 308 (0 0 416) 743 (1 0 512.037) 303 (0 0 514.137) 109 (1 0 595) 309 (0 0 600.602) 121 (1 0 638.137) 765 (2 0 646.07) 325 (1 0 648.029) 321 (0 0 655.501) 431 (0 0 720) 

- route 12: 412 (0 0 72.9793) 110 (0 1 73.9067) 698 (1 1 97.0255) 258 (0 1 98.9411) 60 (1 1 111.708) 260 (0 1 113.98) 310 (0 0 120) 90 (1 0 172.573) 530 (0 0 175) 98 (1 0 265.665) 538 (0 0 269) 111 (0 1 279.829) 699 (1 1 288.189) 259 (0 1 290.173) 311 (0 0 317.929) 126 (0 1 322.908) 326 (0 0 329) 112 (0 1 341.087) 312 (0 0 346) 165 (1 0 354.561) 114 (2 0 355.882) 554 (1 0 358) 605 (0 0 359) 759 (1 0 371.306) 319 (0 0 373.123) 773 (1 0 383.712) 333 (0 0 385.934) 148 (1 0 427.294) 348 (0 0 432.895) 648 (1 0 437.407) 208 (0 0 439.651) 143 (1 0 519.64) 343 (0 0 523.856) 137 (1 0 526) 337 (0 0 530.368) 127 (0 1 555) 327 (0 0 562.637) 745 (1 0 602.488) 305 (0 0 606.074) 432 (0 0 720) 

- route 13: 413 (0 0 135.565) 804 (1 0 135.565) 364 (0 0 138) 146 (0 1 217.163) 346 (0 0 232) 139 (0 1 249) 339 (0 0 253.732) 838 (1 0 323.377) 398 (0 0 325.977) 131 (0 1 357) 331 (0 0 364.346) 116 (1 0 392.783) 556 (0 0 397) 178 (1 0 414.401) 378 (0 0 422) 179 (1 0 507) 379 (0 0 517.898) 757 (1 0 599.065) 317 (0 0 603.282) 149 (1 0 637) 349 (0 0 644.902) 433 (0 0 720) 

- route 14: 414 (0 0 78.0904) 144 (1 0 79.6266) 344 (0 0 81.9296) 106 (1 0 88.5807) 306 (0 0 114) 12 (0 1 137.527) 212 (0 0 141) 13 (0 1 211.529) 213 (0 0 215.002) 48 (1 0 218.996) 248 (0 0 225) 794 (1 0 274.874) 354 (0 0 278.618) 28 (1 0 283.999) 228 (0 0 293) 29 (1 0 378) 229 (0 0 391.002) 49 (1 0 415.682) 249 (0 0 421.685) 101 (1 0 426.802) 171 (2 0 428.151) 611 (1 0 431) 301 (0 0 451.443) 147 (0 1 458.452) 199 (1 1 467) 639 (0 1 471) 347 (0 0 479.207) 660 (1 0 528.059) 220 (0 0 531) 113 (0 1 551) 313 (0 0 556.869) 21 (1 0 628) 461 (0 0 631) 755 (1 0 651.531) 315 (0 0 653.502) 434 (0 0 720) 

- route 15: 415 (0 0 194.783) 162 (1 0 195.317) 362 (0 0 198) 166 (1 0 207.908) 366 (0 0 219.565) 154 (1 0 228.132) 594 (0 0 231) 738 (1 0 297.405) 298 (0 0 301.487) 182 (1 0 306.535) 622 (0 0 309) 186 (1 0 319.924) 386 (0 0 325.087) 158 (1 0 326.518) 598 (0 0 331) 742 (1 0 334.925) 188 (2 0 337.421) 302 (1 0 339) 388 (0 0 368) 744 (1 0 388.488) 304 (0 0 390.254) 97 (1 0 414) 297 (0 0 418.642) 56 (0 1 420.812) 256 (0 0 429) 705 (1 0 463.728) 265 (0 0 465.196) 66 (0 1 469.034) 266 (0 0 475) 159 (1 0 545) 599 (0 0 549) 739 (1 0 586.049) 299 (0 0 589.384) 189 (1 0 610) 389 (0 0 641.116) 435 (0 0 720) 

- route 16: 416 (0 0 94.2693) 758 (1 0 98.2693) 318 (0 0 103.306) 780 (1 0 117.302) 340 (0 0 119.901) 141 (1 0 247.899) 581 (0 0 250.497) 152 (1 0 253.477) 160 (2 0 257.162) 360 (1 0 262.594) 352 (0 0 268) 198 (1 0 292.309) 177 (1 1 294.967) 638 (0 1 299) 377 (0 0 301.837) 181 (1 0 311.968) 381 (0 0 316.787) 156 (0 1 325.059) 356 (0 0 341.532) 133 (1 0 354.035) 573 (0 0 357) 169 (0 1 379.126) 754 (1 1 384.384) 314 (0 1 386.281) 369 (0 0 399.287) 3 (1 0 422) 203 (0 0 442.23) 183 (1 0 460) 185 (2 0 471.026) 383 (1 0 495.76) 385 (0 0 519.272) 157 (0 1 565.88) 357 (0 0 582.353) 197 (1 0 594) 397 (0 0 597.076) 115 (1 0 623.103) 555 (0 0 625) 436 (0 0 720) 

- route 17: 417 (0 0 128.15) 150 (1 0 130.857) 350 (0 0 138) 151 (1 0 292) 351 (0 0 302.215) 119 (1 0 347) 559 (0 0 353) 196 (1 0 378.616) 396 (0 0 381) 190 (1 0 387.419) 390 (0 0 394) 65 (1 0 430) 505 (0 0 437) 161 (1 0 458.693) 361 (0 0 464.125) 811 (1 0 466.613) 371 (0 0 469.092) 103 (1 0 477.722) 543 (0 0 479) 195 (1 0 542) 395 (0 0 556.123) 5 (1 0 559.075) 445 (0 0 563) 437 (0 0 720) 

- route 18: 418 (0 0 92.6424) 172 (0 1 94.9441) 372 (0 0 103) 730 (1 0 211.271) 290 (0 0 216) 704 (1 0 257.973) 264 (0 0 260.728) 194 (1 0 292.395) 394 (0 0 303.981) 91 (1 0 310) 531 (0 0 321) 167 (1 0 439) 187 (2 0 446.744) 387 (1 0 451.906) 367 (0 0 455.985) 795 (1 0 545.082) 355 (0 0 548.478) 99 (1 0 550.918) 539 (0 0 555) 799 (1 0 579.007) 359 (0 0 583.223) 191 (1 0 643) 391 (0 0 652.372) 438 (0 0 720) 

- route 19: 419 (0 0 103.331) 164 (1 0 105.646) 604 (0 0 107) 176 (0 1 117.419) 376 (0 0 123) 180 (1 0 149.181) 380 (0 0 154) 184 (1 0 239.245) 100 (2 0 262.682) 384 (1 0 279.6) 300 (0 0 288) 107 (1 0 328.799) 46 (2 0 342.809) 307 (1 0 365.252) 246 (0 0 371) 47 (1 0 461) 247 (0 0 501.12) 45 (1 0 503.715) 129 (2 0 511.129) 569 (1 0 515) 245 (0 0 517.639) 175 (0 1 605) 53 (1 1 618.789) 493 (0 1 621) 375 (0 0 654.369) 439 (0 0 720) 


Data DARP: datafile7.txt
Transfers: 1
Relative MRT: 1
MRT factor: 1.5
Speed factor PT : 1
PT interval: 10
Iterations: 25000
Iter without impr: 500
Max removal pct: 0.3
Max deterior pct: 0.04
Clustered removal: 0
IDARP adapted: 1
Without operator:  0
Terminals per node: 3
Priority non PT: 0
Priority PT: 0
Priority long: 0
Priority short: 0
Current iteration: 10000
Total distance: 2008.4
Computation time: 2566.54
Average ride time: 17.7402
Pct PT users: 0.265
Users PT: 0 1 5 8 9 20 21 26 27 33 42 43 52 53 58 59 64 65 68 90 91 98 99 102 103 104 105 114 115 116 117 118 119 122 123 124 125 128 129 132 133 140 141 154 155 158 159 164 165 171 182 198 199 

- route 0: 400 (0 0 91.2115) 36 (1 0 92.8207) 236 (0 0 103) 37 (1 0 249.278) 0 (2 0 256.732) 440 (1 0 259) 237 (0 0 262.891) 30 (1 0 266.09) 230 (0 0 269) 683 (1 0 280.47) 243 (0 0 283.945) 38 (0 1 319.878) 238 (0 0 327) 193 (1 0 350.093) 4 (2 0 354.4) 393 (1 0 383.058) 204 (0 0 386.318) 805 (1 0 388.25) 365 (0 0 389.605) 161 (1 0 458.693) 361 (0 0 464.125) 811 (1 0 466.613) 371 (0 0 469.092) 839 (1 0 498.787) 399 (0 0 500.668) 153 (1 0 510.996) 353 (0 0 521.422) 41 (1 0 524) 241 (0 0 562.025) 420 (0 0 720) 

- route 1: 401 (0 0 65.944) 32 (1 0 70.6641) 10 (2 0 78.5909) 232 (1 0 83.6116) 168 (1 1 98.1284) 210 (0 1 111.652) 772 (1 1 114.934) 368 (1 0 116.598) 332 (0 0 121) 173 (0 1 172.124) 192 (1 1 180.273) 373 (1 0 182.365) 170 (2 0 186.029) 370 (1 0 213.656) 22 (2 0 217.147) 222 (1 0 220) 392 (0 0 223.717) 14 (0 1 237.996) 214 (0 0 267) 11 (1 0 287) 163 (2 0 292.928) 363 (1 0 295.611) 174 (1 1 299.661) 211 (0 1 328.404) 374 (0 0 349.03) 34 (0 1 358.871) 234 (0 0 366) 667 (1 0 390.291) 227 (0 0 391.918) 8 (1 0 417.243) 448 (0 0 419) 764 (1 0 443.431) 324 (0 0 444.988) 39 (0 1 561) 239 (0 0 570.183) 645 (1 0 602.795) 205 (0 0 604.716) 421 (0 0 720) 

- route 2: 402 (0 0 163.265) 24 (1 0 163.695) 224 (0 0 172) 33 (1 0 185.875) 473 (0 0 191) 59 (1 0 273.084) 499 (0 0 275) 2 (1 0 312.18) 202 (0 0 326) 822 (1 0 338.583) 382 (0 0 342.296) 25 (1 0 374.591) 225 (0 0 382.896) 31 (1 0 384) 231 (0 0 387.865) 16 (0 1 412.832) 216 (0 0 422) 17 (0 1 605.175) 217 (0 0 614.342) 125 (1 0 622) 565 (0 0 629) 422 (0 0 720) 

- route 3: 403 (0 0 125.767) 42 (1 0 128.243) 482 (0 0 131) 762 (1 0 227.414) 322 (0 0 231.202) 26 (1 0 235.373) 466 (0 0 237) 768 (1 0 315.669) 328 (0 0 319.518) 123 (1 0 333.451) 563 (0 0 337) 7 (1 0 361) 207 (0 0 367.265) 40 (1 0 378.329) 692 (2 0 380.806) 252 (1 0 383.579) 240 (0 0 416.354) 15 (0 1 450) 215 (0 0 492.006) 20 (1 0 509.525) 460 (0 0 511) 661 (1 0 651.367) 221 (0 0 652.842) 423 (0 0 720) 

- route 4: 404 (0 0 109.147) 6 (1 0 110.49) 206 (0 0 115) 673 (1 0 198.377) 233 (0 0 202.821) 44 (1 0 255.949) 18 (1 1 257.524) 244 (0 1 269.666) 128 (1 1 286.033) 568 (0 1 288.671) 142 (1 1 290.784) 342 (0 1 295) 218 (0 0 300.623) 104 (1 0 347.413) 544 (0 0 351) 763 (1 0 368.51) 323 (0 0 371.5) 19 (0 1 414.302) 120 (1 1 420.091) 320 (0 1 432) 219 (0 0 457.401) 35 (0 1 485.564) 235 (0 0 492.693) 155 (1 0 499.257) 595 (0 0 503) 424 (0 0 720) 

- route 5: 405 (0 0 149.192) 78 (1 0 151.57) 682 (2 0 153.733) 278 (1 0 156.809) 242 (0 0 161.116) 43 (1 0 251.071) 483 (0 0 255) 84 (1 0 277.541) 284 (0 0 283.962) 640 (1 0 285.83) 200 (0 0 287.43) 96 (1 0 302.537) 296 (0 0 307) 50 (1 0 358.505) 250 (0 0 362.469) 79 (1 0 365) 75 (2 0 366.973) 279 (1 0 370.523) 275 (0 0 371.616) 85 (1 0 374) 285 (0 0 383.13) 68 (1 0 389.887) 508 (0 0 395) 756 (1 0 430.449) 316 (0 0 432.759) 80 (0 1 452.76) 23 (1 1 474) 223 (0 1 477.779) 280 (0 0 485.067) 81 (0 1 567.198) 649 (1 1 571.83) 641 (2 1 572.83) 209 (1 1 574.587) 201 (0 1 576.098) 281 (0 0 599.505) 67 (0 1 633) 267 (0 0 640.449) 425 (0 0 720) 

- route 6: 406 (0 0 177.444) 94 (1 0 179.318) 294 (0 0 202) 666 (1 0 270.291) 226 (0 0 273.562) 27 (1 0 353.729) 467 (0 0 357) 95 (1 0 366) 744 (2 0 388.488) 304 (1 0 390.254) 295 (0 0 399.523) 97 (1 0 414) 297 (0 0 418.642) 56 (0 1 420.812) 256 (0 0 429) 51 (1 0 441) 251 (0 0 446.447) 705 (1 0 463.728) 265 (0 0 465.196) 66 (0 1 469.034) 266 (0 0 475) 72 (1 0 498.849) 272 (0 0 504) 73 (1 0 623) 273 (0 0 630.226) 426 (0 0 720) 

- route 7: 407 (0 0 107.933) 74 (1 0 110.402) 274 (0 0 114) 86 (1 0 121.484) 286 (0 0 123) 88 (1 0 196.164) 288 (0 0 201) 89 (1 0 404.119) 289 (0 0 408.956) 70 (1 0 416.872) 270 (0 0 425) 71 (1 0 516) 271 (0 0 527.691) 159 (1 0 545) 599 (0 0 551) 117 (1 0 563.306) 557 (0 0 565) 739 (1 0 586.049) 299 (0 0 589.384) 693 (1 0 641.409) 253 (0 0 644.08) 427 (0 0 720) 

- route 8: 408 (0 0 83.8902) 92 (0 1 86.3597) 292 (0 0 92) 62 (1 0 197.418) 262 (0 0 203) 64 (1 0 225.532) 504 (0 0 227) 87 (1 0 326) 287 (0 0 327.774) 63 (1 0 345) 263 (0 0 352.874) 52 (1 0 358.289) 492 (0 0 360.959) 798 (1 0 361.959) 358 (0 0 364.741) 54 (1 0 394.805) 76 (2 0 400.843) 254 (1 0 403.12) 276 (0 0 409) 77 (1 0 639) 277 (0 0 648.76) 428 (0 0 720) 

- route 9: 409 (0 0 77.3903) 82 (1 0 78.3528) 58 (2 0 81.8529) 498 (1 0 83.8368) 282 (0 0 108) 130 (0 1 176.103) 330 (0 0 182) 83 (1 0 264.576) 283 (0 0 290.243) 93 (0 1 292) 293 (0 0 298.96) 731 (1 0 356.007) 291 (0 0 358.433) 61 (1 0 365) 261 (0 0 367.909) 708 (1 0 408.412) 268 (0 0 411.753) 69 (1 0 517.762) 57 (1 1 525.784) 257 (1 0 533.972) 269 (0 0 539.45) 1 (1 0 545.4) 441 (0 0 547) 105 (1 0 563.234) 545 (0 0 565) 55 (1 0 603) 255 (0 0 612.738) 429 (0 0 720) 

- route 10: 410 (0 0 66.3652) 118 (1 0 67.1826) 558 (0 0 69) 110 (0 1 73.9067) 698 (1 1 97.0255) 258 (0 1 98.9411) 60 (1 1 111.708) 260 (0 1 113.98) 310 (0 0 120) 90 (1 0 172.573) 530 (0 0 175) 98 (1 0 265.665) 538 (0 0 269) 111 (0 1 279.829) 699 (1 1 288.189) 259 (0 1 290.173) 311 (0 0 317.929) 126 (0 1 322.908) 326 (0 0 329) 112 (0 1 341.087) 312 (0 0 346) 165 (1 0 354.561) 114 (2 0 355.882) 554 (1 0 358) 605 (0 0 359) 759 (1 0 371.306) 319 (0 0 373.123) 773 (1 0 383.712) 333 (0 0 385.934) 648 (1 0 442.171) 208 (0 0 444) 743 (1 0 511.795) 303 (0 0 514.415) 769 (1 0 542.45) 329 (0 0 544.514) 9 (1 0 547.171) 449 (0 0 549) 430 (0 0 720) 

- route 11: 411 (0 0 79.5644) 138 (0 1 81.1703) 338 (0 0 85.3252) 132 (1 0 89.155) 572 (0 0 91) 122 (1 0 195.55) 562 (0 0 199) 136 (1 0 275.755) 336 (0 0 279) 145 (1 0 296.324) 345 (0 0 298.627) 102 (1 0 302.9) 542 (0 0 305) 108 (1 0 411.932) 308 (0 0 416) 109 (1 0 595) 309 (0 0 600.602) 121 (1 0 638.137) 765 (2 0 646.07) 325 (1 0 648.029) 321 (0 0 655.501) 431 (0 0 720) 

- route 12: 412 (0 0 93.5548) 140 (1 0 94.7144) 580 (0 0 97) 134 (1 0 127.109) 334 (0 0 137) 135 (1 0 265.465) 781 (2 0 270.925) 341 (1 0 273.085) 335 (0 0 279.802) 124 (1 0 418.959) 564 (0 0 421) 148 (1 0 432.399) 348 (0 0 438) 199 (1 0 467) 639 (0 0 471) 143 (1 0 519.64) 343 (0 0 523.856) 137 (1 0 526) 337 (0 0 530.368) 127 (0 1 555) 327 (0 0 562.637) 745 (1 0 602.488) 305 (0 0 606.074) 432 (0 0 720) 

- route 13: 413 (0 0 135.565) 804 (1 0 135.565) 364 (0 0 138) 146 (0 1 217.163) 346 (0 0 232) 139 (0 1 249) 339 (0 0 253.732) 838 (1 0 323.377) 398 (0 0 325.977) 131 (0 1 357) 331 (0 0 364.346) 116 (1 0 392.783) 556 (0 0 397) 178 (1 0 414.401) 378 (0 0 422) 179 (1 0 507) 379 (0 0 517.898) 757 (1 0 599.065) 317 (0 0 603.282) 149 (1 0 637) 349 (0 0 644.902) 433 (0 0 720) 

- route 14: 414 (0 0 78.0904) 144 (1 0 79.6266) 344 (0 0 81.9296) 106 (1 0 88.5807) 306 (0 0 114) 12 (0 1 137.527) 212 (0 0 141) 13 (0 1 211.529) 213 (0 0 215.002) 48 (1 0 218.996) 248 (0 0 225) 794 (1 0 274.874) 354 (0 0 278.618) 28 (1 0 283.999) 228 (0 0 293) 29 (1 0 378) 229 (0 0 391.002) 49 (1 0 415.682) 249 (0 0 421.685) 101 (1 0 426.802) 171 (2 0 428.151) 611 (1 0 431) 301 (0 0 458.626) 147 (0 1 473) 347 (0 0 493.755) 660 (1 0 528.059) 220 (0 0 531) 113 (0 1 551) 313 (0 0 556.869) 21 (1 0 628) 461 (0 0 631) 755 (1 0 651.531) 315 (0 0 653.502) 434 (0 0 720) 

- route 15: 415 (0 0 194.783) 162 (1 0 195.317) 362 (0 0 198) 166 (1 0 207.908) 366 (0 0 219.565) 154 (1 0 228.132) 594 (0 0 231) 738 (1 0 297.405) 298 (0 0 301.487) 182 (1 0 306.535) 622 (0 0 309) 186 (1 0 319.924) 386 (0 0 325.087) 158 (1 0 326.518) 598 (0 0 331) 742 (1 0 334.925) 188 (2 0 337.421) 302 (1 0 339) 388 (0 0 368) 189 (1 0 610) 389 (0 0 641.116) 435 (0 0 720) 

- route 16: 416 (0 0 84.2693) 758 (1 0 88.2693) 318 (0 0 93.3057) 780 (1 0 117.302) 340 (0 0 119.901) 141 (1 0 247.899) 581 (0 0 250.497) 152 (1 0 253.477) 160 (2 0 257.162) 360 (1 0 262.594) 352 (0 0 268) 198 (1 0 292.309) 177 (1 1 294.967) 638 (0 1 299) 377 (0 0 301.837) 181 (1 0 311.968) 381 (0 0 316.787) 156 (0 1 325.059) 356 (0 0 341.532) 133 (1 0 354.035) 573 (0 0 357) 169 (0 1 379.126) 754 (1 1 384.384) 314 (0 1 386.281) 369 (0 0 399.287) 3 (1 0 422) 203 (0 0 442.23) 183 (1 0 460) 185 (2 0 471.026) 383 (1 0 495.76) 385 (0 0 519.272) 157 (0 1 565.88) 357 (0 0 582.353) 197 (1 0 594) 397 (0 0 597.076) 115 (1 0 623.103) 555 (0 0 625) 436 (0 0 720) 

- route 17: 417 (0 0 128.15) 150 (1 0 130.857) 350 (0 0 138) 151 (1 0 292) 351 (0 0 302.215) 119 (1 0 347) 559 (0 0 353) 196 (1 0 378.616) 396 (0 0 381) 190 (1 0 387.419) 390 (0 0 394) 65 (1 0 430) 505 (0 0 437) 103 (1 0 478) 543 (0 0 483) 195 (1 0 542) 395 (0 0 556.123) 5 (1 0 559.075) 445 (0 0 563) 437 (0 0 720) 

- route 18: 418 (0 0 92.6424) 172 (0 1 94.9441) 372 (0 0 103) 730 (1 0 211.271) 290 (0 0 216) 704 (1 0 257.973) 264 (0 0 260.728) 194 (1 0 292.395) 394 (0 0 303.981) 91 (1 0 310) 531 (0 0 321) 167 (1 0 439) 187 (2 0 446.744) 387 (1 0 451.906) 367 (0 0 455.985) 795 (1 0 545.082) 355 (0 0 548.478) 99 (1 0 550.918) 539 (0 0 555) 799 (1 0 579.007) 359 (0 0 583.223) 191 (1 0 643) 391 (0 0 652.372) 438 (0 0 720) 

- route 19: 419 (0 0 103.331) 164 (1 0 105.646) 604 (0 0 107) 176 (0 1 117.419) 376 (0 0 123) 180 (1 0 149.181) 380 (0 0 154) 184 (1 0 239.245) 100 (2 0 262.682) 384 (1 0 279.6) 300 (0 0 288) 107 (1 0 328.799) 46 (2 0 342.809) 307 (1 0 365.252) 246 (0 0 371) 47 (1 0 461) 247 (0 0 501.12) 45 (1 0 503.715) 129 (2 0 511.129) 569 (1 0 515) 245 (0 0 517.639) 175 (0 1 605) 53 (1 1 618.789) 493 (0 1 621) 375 (0 0 654.369) 439 (0 0 720) 


Data DARP: datafile7.txt
Transfers: 1
Relative MRT: 1
MRT factor: 1.5
Speed factor PT : 1
PT interval: 10
Iterations: 25000
Iter without impr: 500
Max removal pct: 0.3
Max deterior pct: 0.04
Clustered removal: 0
IDARP adapted: 1
Without operator:  0
Terminals per node: 3
Priority non PT: 0
Priority PT: 0
Priority long: 0
Priority short: 0
Current iteration: 15000
Total distance: 2005.64
Computation time: 5963.39
Average ride time: 17.8801
Pct PT users: 0.26
Users PT: 0 1 4 5 8 9 20 21 26 27 33 42 43 52 53 59 64 65 68 90 91 98 99 102 103 104 105 114 115 116 117 119 122 123 124 125 128 129 132 133 140 141 154 155 158 159 164 165 171 182 198 199 

- route 0: 400 (0 0 91.2115) 36 (1 0 92.8207) 236 (0 0 103) 37 (1 0 259) 0 (2 0 266.732) 440 (1 0 269) 683 (2 0 270.171) 237 (1 0 272.781) 243 (0 0 275.484) 38 (0 1 319.878) 238 (0 0 327) 193 (1 0 348.97) 196 (2 0 376.244) 396 (1 0 378.628) 644 (2 0 380.795) 204 (1 0 384.72) 805 (2 0 387.674) 365 (1 0 389.029) 393 (0 0 392.415) 15 (0 1 450) 161 (1 1 461.247) 361 (0 1 466.679) 215 (0 0 492.006) 661 (1 0 651.367) 221 (0 0 652.842) 420 (0 0 720) 

- route 1: 401 (0 0 163.265) 24 (1 0 163.695) 224 (0 0 172) 25 (1 0 370.4) 225 (0 0 378.705) 667 (1 0 380.135) 31 (2 0 381.523) 231 (1 0 384.433) 40 (2 0 386.75) 227 (1 0 388.776) 8 (2 0 397.243) 448 (1 0 399) 240 (0 0 424.774) 41 (1 0 524) 241 (0 0 562.025) 421 (0 0 720) 

- route 2: 402 (0 0 67.2925) 32 (1 0 72.0126) 10 (2 0 79.9394) 232 (1 0 84.9601) 168 (1 1 99.4769) 210 (0 1 113) 368 (0 0 121.075) 173 (0 1 172.124) 192 (1 1 180.273) 373 (1 0 182.365) 170 (2 0 186.029) 370 (1 0 213.656) 22 (2 0 217.147) 222 (1 0 220) 392 (0 0 223.717) 30 (1 0 265.344) 230 (0 0 268.254) 794 (1 0 274.874) 354 (0 0 278.618) 28 (1 0 283.999) 228 (0 0 293) 29 (1 0 378) 229 (0 0 391.002) 49 (1 0 417) 249 (0 0 425.506) 764 (1 0 444.443) 324 (0 0 446) 39 (0 1 561) 239 (0 0 570.183) 645 (1 0 602.795) 205 (0 0 604.716) 422 (0 0 720) 

- route 3: 403 (0 0 125.767) 42 (1 0 128.243) 482 (0 0 131) 33 (1 0 179.738) 473 (0 0 185) 14 (0 1 237.996) 214 (0 0 267) 11 (1 0 287) 174 (1 1 299.661) 211 (0 1 328.404) 4 (1 1 339.079) 444 (0 1 341) 374 (0 0 349.03) 34 (0 1 358.871) 234 (0 0 366) 16 (0 1 412.832) 216 (0 0 422) 17 (0 1 605.175) 217 (0 0 614.342) 125 (1 0 622) 565 (0 0 629) 423 (0 0 720) 

- route 4: 404 (0 0 109.147) 6 (1 0 110.49) 206 (0 0 115) 673 (1 0 192.241) 233 (0 0 196.685) 18 (0 1 258.809) 44 (1 1 262.384) 244 (0 1 272) 218 (0 0 301.908) 126 (0 1 322.908) 326 (0 0 329) 112 (0 1 341.087) 312 (0 0 346) 165 (1 0 354.561) 114 (2 0 355.882) 605 (1 0 358) 554 (0 0 359) 763 (1 0 362.876) 759 (2 0 363.876) 319 (1 0 365.693) 323 (0 0 371.5) 19 (0 1 425.281) 148 (1 1 432.399) 348 (0 1 438) 23 (1 1 461.964) 223 (0 1 464.817) 219 (0 0 468.38) 35 (0 1 485.268) 235 (0 0 492.397) 155 (1 0 498.96) 595 (0 0 501) 129 (1 0 513.151) 569 (0 0 517) 424 (0 0 720) 

- route 5: 405 (0 0 108.933) 60 (1 0 115.727) 260 (0 0 118) 90 (1 0 172.028) 530 (0 0 175.564) 94 (1 0 179.255) 294 (0 0 201.937) 166 (1 0 207.908) 366 (0 0 219.565) 154 (1 0 228.132) 594 (0 0 231) 738 (1 0 297.405) 298 (0 0 301.487) 182 (1 0 306.535) 622 (0 0 309) 186 (1 0 319.924) 386 (0 0 325.087) 158 (1 0 326.518) 598 (0 0 331) 742 (1 0 334.925) 188 (2 0 337.421) 302 (1 0 339) 388 (0 0 367.276) 85 (1 0 374) 285 (0 0 383.13) 68 (1 0 389.887) 508 (0 0 395) 756 (1 0 430.449) 316 (0 0 432.759) 117 (1 0 563.306) 557 (0 0 565) 425 (0 0 720) 

- route 6: 406 (0 0 75.2361) 92 (0 1 77.7056) 292 (0 0 83.3459) 58 (1 0 89.2745) 258 (0 0 101) 59 (1 0 273.084) 499 (0 0 275) 2 (1 0 312.18) 202 (0 0 326) 822 (1 0 338.583) 382 (0 0 342.296) 3 (1 0 422) 203 (0 0 442.23) 183 (1 0 460) 185 (2 0 471.026) 383 (1 0 495.76) 385 (0 0 519.272) 157 (0 1 573) 357 (0 0 596.209) 77 (1 0 639) 277 (0 0 648.76) 426 (0 0 720) 

- route 7: 407 (0 0 149.192) 78 (1 0 151.57) 682 (2 0 153.733) 278 (1 0 156.809) 242 (0 0 161.116) 43 (1 0 242.61) 483 (0 0 247) 84 (1 0 282.58) 284 (0 0 289) 93 (0 1 292) 293 (0 0 298.96) 731 (1 0 356.007) 291 (0 0 358.433) 61 (1 0 365) 261 (0 0 367.909) 708 (1 0 408.412) 268 (0 0 411.753) 89 (1 0 419) 289 (0 0 425.755) 51 (1 0 441) 251 (0 0 446.447) 72 (1 0 498.849) 272 (0 0 504) 73 (1 0 623) 273 (0 0 630.226) 427 (0 0 720) 

- route 8: 408 (0 0 118.274) 86 (1 0 121.484) 286 (0 0 123) 88 (1 0 184.812) 288 (0 0 189.649) 62 (1 0 197.418) 262 (0 0 203) 64 (1 0 235.532) 504 (0 0 237) 87 (1 0 326) 287 (0 0 327.774) 63 (1 0 345) 263 (0 0 352.874) 52 (1 0 358.289) 492 (0 0 360.959) 798 (1 0 361.959) 358 (0 0 364.741) 70 (1 0 416.872) 270 (0 0 425) 71 (1 0 503.652) 271 (0 0 511.779) 69 (1 0 517.762) 57 (1 1 525.784) 257 (1 0 533.972) 269 (0 0 539.45) 1 (1 0 545.4) 441 (0 0 547) 105 (1 0 563.234) 545 (0 0 565) 55 (1 0 603) 255 (0 0 612.738) 67 (0 1 633) 267 (0 0 640.449) 428 (0 0 720) 

- route 9: 409 (0 0 81.3698) 82 (1 0 82.3323) 282 (0 0 108) 130 (0 1 176.103) 330 (0 0 182) 83 (1 0 269.273) 640 (2 0 294.4) 200 (1 0 296) 96 (2 0 300.842) 283 (1 0 305.652) 296 (0 0 307) 50 (1 0 358.505) 250 (0 0 362.469) 79 (1 0 365) 75 (2 0 367.098) 279 (1 0 370.647) 275 (0 0 371.996) 744 (1 0 378.488) 304 (0 0 380.254) 54 (1 0 393.843) 76 (2 0 399.881) 254 (1 0 402.158) 276 (0 0 408.038) 97 (1 0 414) 297 (0 0 418.642) 56 (0 1 420.812) 256 (0 0 429) 705 (1 0 463.728) 265 (0 0 465.196) 66 (0 1 469.034) 266 (0 0 475) 159 (1 0 544.78) 599 (0 0 547) 739 (1 0 587.608) 299 (0 0 590.942) 693 (1 0 641.409) 253 (0 0 644.08) 429 (0 0 720) 

- route 10: 410 (0 0 93.5548) 140 (1 0 94.7144) 580 (0 0 97) 134 (1 0 127.109) 334 (0 0 137) 135 (1 0 257.172) 781 (2 0 262.519) 341 (1 0 265.112) 335 (0 0 269.793) 136 (1 0 275.755) 336 (0 0 279) 102 (1 0 302.9) 542 (0 0 305) 108 (1 0 411.932) 308 (0 0 416) 743 (1 0 508.59) 303 (0 0 510.69) 769 (1 0 542.45) 329 (0 0 544.514) 9 (1 0 547.171) 449 (0 0 549) 430 (0 0 720) 

- route 11: 411 (0 0 85.2392) 138 (0 1 86.8451) 338 (0 0 91) 122 (1 0 186.01) 562 (0 0 189) 139 (0 1 249) 339 (0 0 253.732) 128 (1 0 276.362) 568 (0 0 279) 145 (1 0 286.516) 345 (0 0 288.819) 142 (1 0 290.784) 342 (0 0 295) 104 (1 0 337.413) 544 (0 0 341) 773 (1 0 388.089) 333 (0 0 389.934) 120 (1 0 416.407) 124 (2 0 421.041) 564 (1 0 423) 320 (0 0 432) 121 (1 0 638.137) 765 (2 0 646.07) 325 (1 0 648.029) 321 (0 0 655.501) 431 (0 0 720) 

- route 12: 412 (0 0 78.0904) 144 (1 0 79.6266) 344 (0 0 81.9296) 106 (1 0 88.5807) 306 (0 0 114) 12 (0 1 137.527) 212 (0 0 141) 13 (0 1 205.843) 213 (0 0 209.316) 48 (1 0 213.311) 762 (2 0 218.092) 248 (1 0 220.359) 322 (0 0 224.059) 26 (1 0 235.373) 466 (0 0 237) 768 (1 0 305.998) 328 (0 0 309.847) 123 (1 0 333.451) 563 (0 0 337) 7 (1 0 361) 207 (0 0 367.265) 692 (1 0 380.806) 252 (0 0 383.579) 101 (1 0 426.802) 171 (2 0 428.151) 611 (1 0 431) 301 (0 0 451.443) 147 (0 1 458.452) 199 (1 1 467) 639 (0 1 471) 347 (0 0 479.207) 660 (1 0 528.059) 220 (0 0 531) 113 (0 1 551) 313 (0 0 556.869) 109 (1 0 595) 309 (0 0 600.602) 21 (1 0 628) 461 (0 0 631) 755 (1 0 651.531) 315 (0 0 653.502) 432 (0 0 720) 

- route 13: 413 (0 0 135.565) 804 (1 0 135.565) 364 (0 0 138) 146 (0 1 217.163) 346 (0 0 232) 666 (1 0 270.464) 226 (0 0 273.562) 27 (1 0 350.587) 467 (0 0 355) 131 (0 1 357) 331 (0 0 364.346) 116 (1 0 392.783) 556 (0 0 397) 178 (1 0 414.401) 378 (0 0 422) 167 (1 0 439) 187 (2 0 446.744) 387 (1 0 451.906) 367 (0 0 455.985) 179 (1 0 507) 379 (0 0 517.898) 757 (1 0 599.065) 317 (0 0 603.282) 149 (1 0 637) 349 (0 0 644.902) 433 (0 0 720) 

- route 14: 414 (0 0 70.9724) 118 (1 0 71.7898) 110 (1 1 74.4489) 132 (2 1 78.029) 572 (1 1 79.874) 318 (0 1 95.2829) 74 (1 1 110.402) 274 (0 1 114) 310 (0 0 120) 98 (1 0 265.665) 538 (0 0 269) 111 (0 1 279.829) 699 (1 1 288.189) 259 (0 1 290.173) 838 (1 1 317.474) 398 (0 1 319.977) 311 (0 0 327.686) 648 (1 0 427.821) 208 (0 0 429.651) 143 (1 0 519.64) 343 (0 0 523.856) 137 (1 0 526) 337 (0 0 530.368) 127 (0 1 555) 327 (0 0 562.637) 745 (1 0 602.488) 305 (0 0 606.074) 434 (0 0 720) 

- route 15: 415 (0 0 128.15) 150 (1 0 130.857) 350 (0 0 138) 151 (1 0 292) 351 (0 0 302.215) 119 (1 0 339.57) 559 (0 0 345) 95 (1 0 366) 295 (0 0 399.523) 80 (0 1 463.462) 280 (0 0 486) 81 (0 1 567.198) 649 (1 1 571.83) 641 (2 1 572.83) 209 (1 1 574.587) 201 (0 1 576.098) 281 (0 0 599.505) 189 (1 0 610) 389 (0 0 641.116) 435 (0 0 720) 

- route 16: 416 (0 0 92.3198) 172 (0 1 94.6215) 372 (0 0 102.677) 772 (1 0 107.276) 332 (0 0 109.928) 730 (1 0 211.271) 290 (0 0 216) 91 (1 0 310) 531 (0 0 323) 133 (1 0 358.035) 573 (0 0 361) 169 (0 1 379.126) 754 (1 1 384.384) 314 (0 1 386.281) 369 (0 0 400.724) 811 (1 0 466.613) 371 (0 0 469.092) 839 (1 0 498.787) 399 (0 0 500.668) 153 (1 0 514) 353 (0 0 529.139) 795 (1 0 547.168) 355 (0 0 550.036) 99 (1 0 552.477) 539 (0 0 557) 197 (1 0 594) 397 (0 0 597.076) 115 (1 0 623.103) 555 (0 0 625) 436 (0 0 720) 

- route 17: 417 (0 0 113.302) 780 (1 0 117.302) 340 (0 0 119.901) 141 (1 0 244.401) 581 (0 0 247) 152 (1 0 253.477) 160 (2 0 257.162) 360 (1 0 262.594) 352 (0 0 268) 198 (1 0 286.309) 177 (1 1 288.967) 638 (0 1 293) 377 (0 0 295.837) 181 (1 0 313) 381 (0 0 319.728) 156 (0 1 339.527) 356 (0 0 356) 190 (1 0 387.419) 390 (0 0 394) 65 (1 0 430) 505 (0 0 437) 103 (1 0 474.274) 543 (0 0 477) 799 (1 0 578.52) 359 (0 0 583.002) 191 (1 0 643) 391 (0 0 652.372) 437 (0 0 720) 

- route 18: 418 (0 0 194.783) 162 (1 0 195.317) 362 (0 0 198) 704 (1 0 262.638) 264 (0 0 264) 163 (1 0 296.053) 363 (0 0 298.736) 194 (1 0 301.414) 394 (0 0 313) 195 (1 0 542) 395 (0 0 556.123) 5 (1 0 559.075) 445 (0 0 563) 438 (0 0 720) 

- route 19: 419 (0 0 103.331) 164 (1 0 105.646) 604 (0 0 107) 176 (0 1 117.419) 376 (0 0 123) 180 (1 0 149.181) 380 (0 0 154) 184 (1 0 239.245) 100 (2 0 262.682) 384 (1 0 279.6) 300 (0 0 288) 107 (1 0 328.799) 46 (2 0 342.809) 307 (1 0 365.252) 246 (0 0 371) 47 (1 0 461) 247 (0 0 499.275) 45 (1 0 501.87) 20 (2 0 506.434) 460 (1 0 509) 245 (0 0 515.794) 175 (0 1 605) 53 (1 1 618.789) 493 (0 1 621) 375 (0 0 654.369) 439 (0 0 720) 


Data DARP: datafile7.txt
Transfers: 1
Relative MRT: 1
MRT factor: 1.5
Speed factor PT : 1
PT interval: 10
Iterations: 25000
Iter without impr: 500
Max removal pct: 0.3
Max deterior pct: 0.04
Clustered removal: 0
IDARP adapted: 1
Without operator:  0
Terminals per node: 3
Priority non PT: 0
Priority PT: 0
Priority long: 0
Priority short: 0
Current iteration: 20000
Total distance: 2003.3
Computation time: 9128
Average ride time: 17.8588
Pct PT users: 0.26
Users PT: 0 1 4 5 8 9 20 21 26 27 33 42 43 52 53 59 64 65 68 90 91 98 99 102 103 104 105 114 115 116 117 119 122 123 124 125 128 129 132 133 140 141 154 155 158 159 164 165 171 182 198 199 

- route 0: 400 (0 0 91.2115) 36 (1 0 92.8207) 236 (0 0 103) 37 (1 0 259) 0 (2 0 266.732) 440 (1 0 269) 683 (2 0 270.171) 237 (1 0 272.781) 243 (0 0 275.484) 38 (0 1 319.878) 238 (0 0 327) 193 (1 0 348.97) 196 (2 0 376.244) 396 (1 0 378.628) 644 (2 0 380.795) 204 (1 0 384.72) 805 (2 0 387.674) 365 (1 0 389.029) 393 (0 0 392.415) 15 (0 1 450) 161 (1 1 461.247) 361 (0 1 466.679) 215 (0 0 492.006) 661 (1 0 651.367) 221 (0 0 652.842) 420 (0 0 720) 

- route 1: 401 (0 0 125.767) 42 (1 0 128.243) 482 (0 0 131) 33 (1 0 179.738) 473 (0 0 185) 14 (0 1 237.996) 214 (0 0 267) 11 (1 0 287) 174 (1 1 299.661) 211 (0 1 328.404) 4 (1 1 339.079) 444 (0 1 341) 374 (0 0 349.03) 34 (0 1 358.871) 234 (0 0 366) 40 (1 0 389.86) 667 (2 0 392.464) 227 (1 0 394.091) 8 (2 0 402.252) 448 (1 0 405.024) 240 (0 0 427.884) 41 (1 0 524) 241 (0 0 562.025) 421 (0 0 720) 

- route 2: 402 (0 0 67.2925) 32 (1 0 72.0126) 10 (2 0 79.9394) 232 (1 0 84.9601) 168 (1 1 99.4769) 210 (0 1 113) 368 (0 0 121.075) 173 (0 1 172.124) 192 (1 1 180.273) 373 (1 0 182.365) 170 (2 0 186.029) 370 (1 0 213.656) 22 (2 0 217.147) 222 (1 0 220) 392 (0 0 223.717) 30 (1 0 265.344) 230 (0 0 268.254) 794 (1 0 274.874) 354 (0 0 278.618) 28 (1 0 283.999) 228 (0 0 293) 29 (1 0 378) 229 (0 0 391.002) 49 (1 0 417) 249 (0 0 425.506) 764 (1 0 444.443) 324 (0 0 446) 39 (0 1 561) 239 (0 0 570.183) 645 (1 0 602.795) 205 (0 0 604.716) 422 (0 0 720) 

- route 3: 403 (0 0 163.265) 24 (1 0 163.695) 224 (0 0 172) 25 (1 0 374.591) 225 (0 0 382.896) 31 (1 0 384) 231 (0 0 387.865) 16 (0 1 412.832) 216 (0 0 422) 17 (0 1 605.175) 217 (0 0 614.342) 125 (1 0 622) 565 (0 0 629) 423 (0 0 720) 

- route 4: 404 (0 0 109.147) 6 (1 0 110.49) 206 (0 0 115) 673 (1 0 192.241) 233 (0 0 196.685) 18 (0 1 258.809) 44 (1 1 262.384) 244 (0 1 272) 218 (0 0 301.908) 126 (0 1 322.908) 326 (0 0 329) 112 (0 1 341.087) 312 (0 0 346) 165 (1 0 354.561) 114 (2 0 355.882) 554 (1 0 358) 605 (0 0 359) 763 (1 0 362.876) 759 (2 0 363.876) 319 (1 0 365.693) 323 (0 0 371.5) 19 (0 1 425.281) 148 (1 1 432.399) 348 (0 1 438) 23 (1 1 461.964) 223 (0 1 464.817) 219 (0 0 468.38) 35 (0 1 485.268) 235 (0 0 492.397) 155 (1 0 498.96) 595 (0 0 501) 129 (1 0 513.151) 569 (0 0 517) 424 (0 0 720) 

- route 5: 405 (0 0 108.933) 60 (1 0 115.727) 260 (0 0 118) 90 (1 0 172.028) 530 (0 0 175.564) 94 (1 0 179.255) 294 (0 0 201.937) 166 (1 0 207.908) 366 (0 0 219.565) 154 (1 0 228.132) 594 (0 0 231) 738 (1 0 297.405) 298 (0 0 301.487) 182 (1 0 306.535) 622 (0 0 309) 186 (1 0 319.924) 386 (0 0 325.087) 158 (1 0 326.518) 598 (0 0 331) 742 (1 0 334.925) 188 (2 0 337.421) 302 (1 0 339) 388 (0 0 367.276) 85 (1 0 374) 285 (0 0 383.13) 68 (1 0 389.887) 508 (0 0 395) 756 (1 0 430.449) 316 (0 0 432.759) 117 (1 0 563.306) 557 (0 0 565) 425 (0 0 720) 

- route 6: 406 (0 0 86.1402) 58 (1 0 89.2745) 258 (0 0 101) 59 (1 0 273.084) 499 (0 0 275) 2 (1 0 312.18) 202 (0 0 326) 822 (1 0 338.583) 382 (0 0 342.296) 3 (1 0 422) 203 (0 0 442.23) 183 (1 0 460) 185 (2 0 471.026) 383 (1 0 495.76) 385 (0 0 519.272) 157 (0 1 573) 357 (0 0 596.209) 77 (1 0 639) 277 (0 0 648.76) 426 (0 0 720) 

- route 7: 407 (0 0 118.274) 86 (1 0 121.484) 286 (0 0 123) 88 (1 0 184.812) 288 (0 0 189.649) 62 (1 0 197.418) 262 (0 0 203) 64 (1 0 235.532) 504 (0 0 237) 87 (1 0 326) 287 (0 0 327.774) 63 (1 0 345) 263 (0 0 352.874) 52 (1 0 358.289) 492 (0 0 360.959) 798 (1 0 361.959) 358 (0 0 364.741) 54 (1 0 393.843) 76 (2 0 399.881) 254 (1 0 402.158) 276 (0 0 408.038) 97 (1 0 414) 297 (0 0 418.642) 56 (0 1 420.812) 256 (0 0 429) 705 (1 0 463.728) 265 (0 0 465.196) 66 (0 1 469.034) 266 (0 0 475) 72 (1 0 498.849) 272 (0 0 504) 73 (1 0 623) 273 (0 0 630.226) 427 (0 0 720) 

- route 8: 408 (0 0 149.192) 78 (1 0 151.57) 682 (2 0 153.733) 278 (1 0 156.809) 242 (0 0 161.116) 43 (1 0 242.61) 483 (0 0 247) 84 (1 0 282.58) 284 (0 0 289) 93 (0 1 292) 293 (0 0 298.96) 731 (1 0 356.007) 291 (0 0 358.433) 61 (1 0 365) 261 (0 0 367.909) 708 (1 0 408.412) 268 (0 0 411.753) 69 (1 0 517.762) 57 (1 1 525.784) 257 (1 0 533.972) 269 (0 0 539.45) 1 (1 0 545.4) 441 (0 0 547) 105 (1 0 563.234) 545 (0 0 565) 55 (1 0 603) 255 (0 0 612.738) 67 (0 1 633) 267 (0 0 640.449) 428 (0 0 720) 

- route 9: 409 (0 0 70.4657) 92 (0 1 72.9353) 292 (0 0 78.5756) 82 (1 0 82.3323) 282 (0 0 108) 130 (0 1 176.103) 330 (0 0 182) 83 (1 0 269.273) 640 (2 0 294.4) 200 (1 0 296) 96 (2 0 301.464) 296 (1 0 305.927) 283 (0 0 307.275) 50 (1 0 358.505) 250 (0 0 362.469) 79 (1 0 365) 75 (2 0 367.098) 279 (1 0 370.647) 275 (0 0 371.996) 744 (1 0 388.488) 304 (0 0 390.254) 89 (1 0 419) 289 (0 0 425.755) 51 (1 0 441) 251 (0 0 446.447) 80 (0 1 463.462) 280 (0 0 486) 81 (0 1 567.198) 649 (1 1 571.83) 641 (2 1 572.83) 209 (1 1 574.587) 201 (0 1 576.098) 281 (0 0 599.505) 693 (1 0 641.409) 253 (0 0 644.08) 429 (0 0 720) 

- route 10: 410 (0 0 93.5548) 140 (1 0 94.7144) 580 (0 0 97) 134 (1 0 127.109) 334 (0 0 137) 135 (1 0 257.172) 781 (2 0 262.519) 341 (1 0 265.112) 335 (0 0 269.793) 136 (1 0 275.755) 336 (0 0 279) 102 (1 0 302.9) 542 (0 0 305) 108 (1 0 411.932) 308 (0 0 416) 743 (1 0 508.59) 303 (0 0 510.69) 769 (1 0 542.45) 329 (0 0 544.514) 9 (1 0 547.171) 449 (0 0 549) 430 (0 0 720) 

- route 11: 411 (0 0 70.9724) 118 (1 0 71.7898) 110 (1 1 74.4489) 132 (2 1 78.029) 572 (1 1 79.874) 318 (0 1 95.2829) 74 (1 1 110.402) 274 (0 1 114) 310 (0 0 120) 98 (1 0 265.665) 538 (0 0 269) 111 (0 1 279.829) 699 (1 1 288.189) 259 (0 1 290.173) 311 (0 0 318.967) 838 (1 0 323.377) 398 (0 0 325.977) 131 (0 1 357) 331 (0 0 364.346) 120 (1 0 416.407) 124 (2 0 421.041) 564 (1 0 423) 320 (0 0 432) 121 (1 0 638.137) 765 (2 0 646.07) 325 (1 0 648.029) 321 (0 0 655.501) 431 (0 0 720) 

- route 12: 412 (0 0 78.0904) 144 (1 0 79.6266) 344 (0 0 81.9296) 106 (1 0 88.5807) 306 (0 0 114) 12 (0 1 137.527) 212 (0 0 141) 13 (0 1 205.843) 213 (0 0 209.316) 48 (1 0 213.311) 762 (2 0 218.092) 248 (1 0 220.359) 322 (0 0 224.059) 26 (1 0 235.373) 466 (0 0 237) 768 (1 0 305.998) 328 (0 0 309.847) 123 (1 0 333.451) 563 (0 0 337) 7 (1 0 361) 207 (0 0 367.265) 692 (1 0 380.806) 252 (0 0 383.579) 101 (1 0 426.802) 171 (2 0 428.151) 611 (1 0 431) 301 (0 0 451.443) 147 (0 1 458.452) 199 (1 1 467) 639 (0 1 471) 347 (0 0 479.207) 660 (1 0 528.059) 220 (0 0 531) 113 (0 1 551) 313 (0 0 556.869) 109 (1 0 595) 309 (0 0 600.602) 21 (1 0 628) 461 (0 0 631) 755 (1 0 651.531) 315 (0 0 653.502) 432 (0 0 720) 

- route 13: 413 (0 0 135.565) 804 (1 0 135.565) 364 (0 0 138) 146 (0 1 217.163) 346 (0 0 232) 666 (1 0 270.464) 226 (0 0 273.562) 27 (1 0 355.902) 467 (0 0 359) 116 (1 0 392.783) 556 (0 0 397) 178 (1 0 414.401) 378 (0 0 422) 167 (1 0 439) 187 (2 0 446.744) 387 (1 0 451.906) 367 (0 0 455.985) 179 (1 0 507) 379 (0 0 517.898) 757 (1 0 599.065) 317 (0 0 603.282) 149 (1 0 637) 349 (0 0 644.902) 433 (0 0 720) 

- route 14: 414 (0 0 85.2392) 138 (0 1 86.8451) 338 (0 0 91) 122 (1 0 186.01) 562 (0 0 189) 139 (0 1 249) 339 (0 0 253.732) 128 (1 0 276.362) 568 (0 0 279) 145 (1 0 286.516) 345 (0 0 288.819) 142 (1 0 290.784) 342 (0 0 295) 104 (1 0 347.413) 544 (0 0 351) 773 (1 0 388.089) 333 (0 0 389.934) 648 (1 0 432.83) 208 (0 0 434.659) 143 (1 0 519.64) 343 (0 0 523.856) 137 (1 0 526) 337 (0 0 530.368) 127 (0 1 555) 327 (0 0 562.637) 745 (1 0 602.488) 305 (0 0 606.074) 434 (0 0 720) 

- route 15: 415 (0 0 128.15) 150 (1 0 130.857) 350 (0 0 138) 151 (1 0 292) 351 (0 0 302.215) 119 (1 0 339.57) 559 (0 0 345) 95 (1 0 366) 295 (0 0 399.523) 70 (1 0 416.872) 270 (0 0 425) 71 (1 0 516) 271 (0 0 527.691) 159 (1 0 544.78) 599 (0 0 547) 739 (1 0 587.608) 299 (0 0 590.942) 189 (1 0 610) 389 (0 0 641.116) 435 (0 0 720) 

- route 16: 416 (0 0 92.3198) 172 (0 1 94.6215) 372 (0 0 102.677) 772 (1 0 107.276) 332 (0 0 109.928) 730 (1 0 211.271) 290 (0 0 216) 91 (1 0 310) 531 (0 0 323) 133 (1 0 358.035) 573 (0 0 361) 169 (0 1 379.126) 754 (1 1 384.384) 314 (0 1 386.281) 369 (0 0 400.724) 811 (1 0 466.613) 371 (0 0 469.092) 839 (1 0 498.787) 399 (0 0 500.668) 153 (1 0 514) 353 (0 0 529.139) 795 (1 0 547.168) 355 (0 0 550.036) 99 (1 0 552.477) 539 (0 0 557) 197 (1 0 594) 397 (0 0 597.076) 115 (1 0 623.103) 555 (0 0 625) 436 (0 0 720) 

- route 17: 417 (0 0 113.302) 780 (1 0 117.302) 340 (0 0 119.901) 141 (1 0 244.401) 581 (0 0 247) 152 (1 0 253.477) 160 (2 0 257.162) 360 (1 0 262.594) 352 (0 0 268) 198 (1 0 292.309) 177 (1 1 294.967) 638 (0 1 299) 377 (0 0 301.837) 181 (1 0 313) 381 (0 0 319.728) 156 (0 1 339.527) 356 (0 0 356) 190 (1 0 387.419) 390 (0 0 394) 65 (1 0 430) 505 (0 0 437) 103 (1 0 474.274) 543 (0 0 477) 799 (1 0 578.52) 359 (0 0 583.002) 191 (1 0 643) 391 (0 0 652.372) 437 (0 0 720) 

- route 18: 418 (0 0 194.783) 162 (1 0 195.317) 362 (0 0 198) 704 (1 0 262.638) 264 (0 0 264) 163 (1 0 296.053) 363 (0 0 298.736) 194 (1 0 301.414) 394 (0 0 313) 195 (1 0 542) 395 (0 0 556.123) 5 (1 0 559.075) 445 (0 0 563) 438 (0 0 720) 

- route 19: 419 (0 0 103.331) 164 (1 0 105.646) 604 (0 0 107) 176 (0 1 117.419) 376 (0 0 123) 180 (1 0 149.181) 380 (0 0 154) 184 (1 0 239.245) 100 (2 0 262.682) 384 (1 0 279.6) 300 (0 0 288) 107 (1 0 328.799) 46 (2 0 342.809) 307 (1 0 365.252) 246 (0 0 371) 47 (1 0 461) 247 (0 0 499.275) 45 (1 0 501.87) 20 (2 0 506.434) 460 (1 0 509) 245 (0 0 515.794) 175 (0 1 605) 53 (1 1 618.789) 493 (0 1 621) 375 (0 0 654.369) 439 (0 0 720) 


Data DARP: datafile7.txt
Transfers: 1
Relative MRT: 1
MRT factor: 1.5
Speed factor PT : 1
PT interval: 10
Iterations: 25000
Iter without impr: 500
Max removal pct: 0.3
Max deterior pct: 0.04
Clustered removal: 0
IDARP adapted: 1
Without operator:  0
Terminals per node: 3
Priority non PT: 0
Priority PT: 0
Priority long: 0
Priority short: 0
Current iteration: 25000
Total distance: 2003.3
Computation time: 12184.4
Average ride time: 17.8588
Pct PT users: 0.26
Users PT: 0 1 4 5 8 9 20 21 26 27 33 42 43 52 53 59 64 65 68 90 91 98 99 102 103 104 105 114 115 116 117 119 122 123 124 125 128 129 132 133 140 141 154 155 158 159 164 165 171 182 198 199 

- route 0: 400 (0 0 91.2115) 36 (1 0 92.8207) 236 (0 0 103) 37 (1 0 259) 0 (2 0 266.732) 440 (1 0 269) 683 (2 0 270.171) 237 (1 0 272.781) 243 (0 0 275.484) 38 (0 1 319.878) 238 (0 0 327) 193 (1 0 348.97) 196 (2 0 376.244) 396 (1 0 378.628) 644 (2 0 380.795) 204 (1 0 384.72) 805 (2 0 387.674) 365 (1 0 389.029) 393 (0 0 392.415) 15 (0 1 450) 161 (1 1 461.247) 361 (0 1 466.679) 215 (0 0 492.006) 661 (1 0 651.367) 221 (0 0 652.842) 420 (0 0 720) 

- route 1: 401 (0 0 125.767) 42 (1 0 128.243) 482 (0 0 131) 33 (1 0 179.738) 473 (0 0 185) 14 (0 1 237.996) 214 (0 0 267) 11 (1 0 287) 174 (1 1 299.661) 211 (0 1 328.404) 4 (1 1 339.079) 444 (0 1 341) 374 (0 0 349.03) 34 (0 1 358.871) 234 (0 0 366) 40 (1 0 389.86) 667 (2 0 392.464) 227 (1 0 394.091) 8 (2 0 402.252) 448 (1 0 405.024) 240 (0 0 427.884) 41 (1 0 524) 241 (0 0 562.025) 421 (0 0 720) 

- route 2: 402 (0 0 67.2925) 32 (1 0 72.0126) 10 (2 0 79.9394) 232 (1 0 84.9601) 168 (1 1 99.4769) 210 (0 1 113) 368 (0 0 121.075) 173 (0 1 172.124) 192 (1 1 180.273) 373 (1 0 182.365) 170 (2 0 186.029) 370 (1 0 213.656) 22 (2 0 217.147) 222 (1 0 220) 392 (0 0 223.717) 30 (1 0 265.344) 230 (0 0 268.254) 794 (1 0 274.874) 354 (0 0 278.618) 28 (1 0 283.999) 228 (0 0 293) 29 (1 0 378) 229 (0 0 391.002) 49 (1 0 417) 249 (0 0 425.506) 764 (1 0 444.443) 324 (0 0 446) 39 (0 1 561) 239 (0 0 570.183) 645 (1 0 602.795) 205 (0 0 604.716) 422 (0 0 720) 

- route 3: 403 (0 0 163.265) 24 (1 0 163.695) 224 (0 0 172) 25 (1 0 374.591) 225 (0 0 382.896) 31 (1 0 384) 231 (0 0 387.865) 16 (0 1 412.832) 216 (0 0 422) 17 (0 1 605.175) 217 (0 0 614.342) 125 (1 0 622) 565 (0 0 629) 423 (0 0 720) 

- route 4: 404 (0 0 109.147) 6 (1 0 110.49) 206 (0 0 115) 673 (1 0 192.241) 233 (0 0 196.685) 18 (0 1 258.809) 44 (1 1 262.384) 244 (0 1 272) 218 (0 0 301.908) 126 (0 1 322.908) 326 (0 0 329) 112 (0 1 341.087) 312 (0 0 346) 165 (1 0 354.561) 114 (2 0 355.882) 554 (1 0 358) 605 (0 0 359) 763 (1 0 362.876) 759 (2 0 363.876) 319 (1 0 365.693) 323 (0 0 371.5) 19 (0 1 425.281) 148 (1 1 432.399) 348 (0 1 438) 23 (1 1 461.964) 223 (0 1 464.817) 219 (0 0 468.38) 35 (0 1 485.268) 235 (0 0 492.397) 155 (1 0 498.96) 595 (0 0 501) 129 (1 0 513.151) 569 (0 0 517) 424 (0 0 720) 

- route 5: 405 (0 0 108.933) 60 (1 0 115.727) 260 (0 0 118) 90 (1 0 172.028) 530 (0 0 175.564) 94 (1 0 179.255) 294 (0 0 201.937) 166 (1 0 207.908) 366 (0 0 219.565) 154 (1 0 228.132) 594 (0 0 231) 738 (1 0 297.405) 298 (0 0 301.487) 182 (1 0 306.535) 622 (0 0 309) 186 (1 0 319.924) 386 (0 0 325.087) 158 (1 0 326.518) 598 (0 0 331) 742 (1 0 334.925) 188 (2 0 337.421) 302 (1 0 339) 388 (0 0 367.276) 85 (1 0 374) 285 (0 0 383.13) 68 (1 0 389.887) 508 (0 0 395) 756 (1 0 430.449) 316 (0 0 432.759) 117 (1 0 563.306) 557 (0 0 565) 425 (0 0 720) 

- route 6: 406 (0 0 86.1402) 58 (1 0 89.2745) 258 (0 0 101) 59 (1 0 273.084) 499 (0 0 275) 2 (1 0 312.18) 202 (0 0 326) 822 (1 0 338.583) 382 (0 0 342.296) 3 (1 0 422) 203 (0 0 442.23) 183 (1 0 460) 185 (2 0 471.026) 383 (1 0 495.76) 385 (0 0 519.272) 157 (0 1 573) 357 (0 0 596.209) 77 (1 0 639) 277 (0 0 648.76) 426 (0 0 720) 

- route 7: 407 (0 0 118.274) 86 (1 0 121.484) 286 (0 0 123) 88 (1 0 184.812) 288 (0 0 189.649) 62 (1 0 197.418) 262 (0 0 203) 64 (1 0 235.532) 504 (0 0 237) 87 (1 0 326) 287 (0 0 327.774) 63 (1 0 345) 263 (0 0 352.874) 52 (1 0 358.289) 492 (0 0 360.959) 798 (1 0 361.959) 358 (0 0 364.741) 54 (1 0 393.843) 76 (2 0 399.881) 254 (1 0 402.158) 276 (0 0 408.038) 97 (1 0 414) 297 (0 0 418.642) 56 (0 1 420.812) 256 (0 0 429) 705 (1 0 463.728) 265 (0 0 465.196) 66 (0 1 469.034) 266 (0 0 475) 72 (1 0 498.849) 272 (0 0 504) 73 (1 0 623) 273 (0 0 630.226) 427 (0 0 720) 

- route 8: 408 (0 0 149.192) 78 (1 0 151.57) 682 (2 0 153.733) 278 (1 0 156.809) 242 (0 0 161.116) 43 (1 0 242.61) 483 (0 0 247) 84 (1 0 282.58) 284 (0 0 289) 93 (0 1 292) 293 (0 0 298.96) 731 (1 0 356.007) 291 (0 0 358.433) 61 (1 0 365) 261 (0 0 367.909) 708 (1 0 408.412) 268 (0 0 411.753) 69 (1 0 517.762) 57 (1 1 525.784) 257 (1 0 533.972) 269 (0 0 539.45) 1 (1 0 545.4) 441 (0 0 547) 105 (1 0 563.234) 545 (0 0 565) 55 (1 0 603) 255 (0 0 612.738) 67 (0 1 633) 267 (0 0 640.449) 428 (0 0 720) 

- route 9: 409 (0 0 70.4657) 92 (0 1 72.9353) 292 (0 0 78.5756) 82 (1 0 82.3323) 282 (0 0 108) 130 (0 1 176.103) 330 (0 0 182) 83 (1 0 269.273) 640 (2 0 294.4) 200 (1 0 296) 96 (2 0 301.464) 296 (1 0 305.927) 283 (0 0 307.275) 50 (1 0 358.505) 250 (0 0 362.469) 79 (1 0 365) 75 (2 0 367.098) 279 (1 0 370.647) 275 (0 0 371.996) 744 (1 0 388.488) 304 (0 0 390.254) 89 (1 0 419) 289 (0 0 425.755) 51 (1 0 441) 251 (0 0 446.447) 80 (0 1 463.462) 280 (0 0 486) 81 (0 1 567.198) 649 (1 1 571.83) 641 (2 1 572.83) 209 (1 1 574.587) 201 (0 1 576.098) 281 (0 0 599.505) 693 (1 0 641.409) 253 (0 0 644.08) 429 (0 0 720) 

- route 10: 410 (0 0 93.5548) 140 (1 0 94.7144) 580 (0 0 97) 134 (1 0 127.109) 334 (0 0 137) 135 (1 0 257.172) 781 (2 0 262.519) 341 (1 0 265.112) 335 (0 0 269.793) 136 (1 0 275.755) 336 (0 0 279) 102 (1 0 302.9) 542 (0 0 305) 108 (1 0 411.932) 308 (0 0 416) 743 (1 0 508.59) 303 (0 0 510.69) 769 (1 0 542.45) 329 (0 0 544.514) 9 (1 0 547.171) 449 (0 0 549) 430 (0 0 720) 

- route 11: 411 (0 0 70.9724) 118 (1 0 71.7898) 110 (1 1 74.4489) 132 (2 1 78.029) 572 (1 1 79.874) 318 (0 1 95.2829) 74 (1 1 110.402) 274 (0 1 114) 310 (0 0 120) 98 (1 0 265.665) 538 (0 0 269) 111 (0 1 279.829) 699 (1 1 288.189) 259 (0 1 290.173) 311 (0 0 318.967) 838 (1 0 323.377) 398 (0 0 325.977) 131 (0 1 357) 331 (0 0 364.346) 120 (1 0 416.407) 124 (2 0 421.041) 564 (1 0 423) 320 (0 0 432) 121 (1 0 638.137) 765 (2 0 646.07) 325 (1 0 648.029) 321 (0 0 655.501) 431 (0 0 720) 

- route 12: 412 (0 0 78.0904) 144 (1 0 79.6266) 344 (0 0 81.9296) 106 (1 0 88.5807) 306 (0 0 114) 12 (0 1 137.527) 212 (0 0 141) 13 (0 1 205.843) 213 (0 0 209.316) 48 (1 0 213.311) 762 (2 0 218.092) 248 (1 0 220.359) 322 (0 0 224.059) 26 (1 0 235.373) 466 (0 0 237) 768 (1 0 305.998) 328 (0 0 309.847) 123 (1 0 333.451) 563 (0 0 337) 7 (1 0 361) 207 (0 0 367.265) 692 (1 0 380.806) 252 (0 0 383.579) 101 (1 0 426.802) 171 (2 0 428.151) 611 (1 0 431) 301 (0 0 451.443) 147 (0 1 458.452) 199 (1 1 467) 639 (0 1 471) 347 (0 0 479.207) 660 (1 0 528.059) 220 (0 0 531) 113 (0 1 551) 313 (0 0 556.869) 109 (1 0 595) 309 (0 0 600.602) 21 (1 0 628) 461 (0 0 631) 755 (1 0 651.531) 315 (0 0 653.502) 432 (0 0 720) 

- route 13: 413 (0 0 135.565) 804 (1 0 135.565) 364 (0 0 138) 146 (0 1 217.163) 346 (0 0 232) 666 (1 0 270.464) 226 (0 0 273.562) 27 (1 0 355.902) 467 (0 0 359) 116 (1 0 392.783) 556 (0 0 397) 178 (1 0 414.401) 378 (0 0 422) 167 (1 0 439) 187 (2 0 446.744) 387 (1 0 451.906) 367 (0 0 455.985) 179 (1 0 507) 379 (0 0 517.898) 757 (1 0 599.065) 317 (0 0 603.282) 149 (1 0 637) 349 (0 0 644.902) 433 (0 0 720) 

- route 14: 414 (0 0 85.2392) 138 (0 1 86.8451) 338 (0 0 91) 122 (1 0 186.01) 562 (0 0 189) 139 (0 1 249) 339 (0 0 253.732) 128 (1 0 276.362) 568 (0 0 279) 145 (1 0 286.516) 345 (0 0 288.819) 142 (1 0 290.784) 342 (0 0 295) 104 (1 0 347.413) 544 (0 0 351) 773 (1 0 388.089) 333 (0 0 389.934) 648 (1 0 432.83) 208 (0 0 434.659) 143 (1 0 519.64) 343 (0 0 523.856) 137 (1 0 526) 337 (0 0 530.368) 127 (0 1 555) 327 (0 0 562.637) 745 (1 0 602.488) 305 (0 0 606.074) 434 (0 0 720) 

- route 15: 415 (0 0 128.15) 150 (1 0 130.857) 350 (0 0 138) 151 (1 0 292) 351 (0 0 302.215) 119 (1 0 339.57) 559 (0 0 345) 95 (1 0 366) 295 (0 0 399.523) 70 (1 0 416.872) 270 (0 0 425) 71 (1 0 516) 271 (0 0 527.691) 159 (1 0 544.78) 599 (0 0 547) 739 (1 0 587.608) 299 (0 0 590.942) 189 (1 0 610) 389 (0 0 641.116) 435 (0 0 720) 

- route 16: 416 (0 0 92.3198) 172 (0 1 94.6215) 372 (0 0 102.677) 772 (1 0 107.276) 332 (0 0 109.928) 730 (1 0 211.271) 290 (0 0 216) 91 (1 0 310) 531 (0 0 323) 133 (1 0 358.035) 573 (0 0 361) 169 (0 1 379.126) 754 (1 1 384.384) 314 (0 1 386.281) 369 (0 0 400.724) 811 (1 0 466.613) 371 (0 0 469.092) 839 (1 0 498.787) 399 (0 0 500.668) 153 (1 0 514) 353 (0 0 529.139) 795 (1 0 547.168) 355 (0 0 550.036) 99 (1 0 552.477) 539 (0 0 557) 197 (1 0 594) 397 (0 0 597.076) 115 (1 0 623.103) 555 (0 0 625) 436 (0 0 720) 

- route 17: 417 (0 0 113.302) 780 (1 0 117.302) 340 (0 0 119.901) 141 (1 0 244.401) 581 (0 0 247) 152 (1 0 253.477) 160 (2 0 257.162) 360 (1 0 262.594) 352 (0 0 268) 198 (1 0 292.309) 177 (1 1 294.967) 638 (0 1 299) 377 (0 0 301.837) 181 (1 0 313) 381 (0 0 319.728) 156 (0 1 339.527) 356 (0 0 356) 190 (1 0 387.419) 390 (0 0 394) 65 (1 0 430) 505 (0 0 437) 103 (1 0 474.274) 543 (0 0 477) 799 (1 0 578.52) 359 (0 0 583.002) 191 (1 0 643) 391 (0 0 652.372) 437 (0 0 720) 

- route 18: 418 (0 0 194.783) 162 (1 0 195.317) 362 (0 0 198) 704 (1 0 262.638) 264 (0 0 264) 163 (1 0 296.053) 363 (0 0 298.736) 194 (1 0 301.414) 394 (0 0 313) 195 (1 0 542) 395 (0 0 556.123) 5 (1 0 559.075) 445 (0 0 563) 438 (0 0 720) 

- route 19: 419 (0 0 103.331) 164 (1 0 105.646) 604 (0 0 107) 176 (0 1 117.419) 376 (0 0 123) 180 (1 0 149.181) 380 (0 0 154) 184 (1 0 239.245) 100 (2 0 262.682) 384 (1 0 279.6) 300 (0 0 288) 107 (1 0 328.799) 46 (2 0 342.809) 307 (1 0 365.252) 246 (0 0 371) 47 (1 0 461) 247 (0 0 499.275) 45 (1 0 501.87) 20 (2 0 506.434) 460 (1 0 509) 245 (0 0 515.794) 175 (0 1 605) 53 (1 1 618.789) 493 (0 1 621) 375 (0 0 654.369) 439 (0 0 720) 


