Data DARP: datafile9.txt
Transfers: 1
Relative MRT: 1
MRT factor: 1.5
Speed factor PT : 1
PT interval: 10
Iterations: 25000
Iter without impr: 500
Max removal pct: 0.3
Max deterior pct: 0.04
Clustered removal: 0
IDARP adapted: 1
Without operator:  0
Terminals per node: 3
Priority non PT: 0
Priority PT: 0
Priority long: 0
Priority short: 0
Current iteration: 0
Total distance: 3150.22
Computation time: 0.64871
Average ride time: 22.0504
Pct PT users: 0.34
Users PT: 4 5 8 9 10 11 14 15 16 17 20 21 26 27 28 38 39 42 43 58 59 60 61 66 67 68 69 72 73 84 85 88 89 90 91 96 97 98 99 108 109 116 117 120 121 122 123 124 125 126 127 134 135 136 137 152 153 154 155 158 159 166 176 177 184 185 186 187 

- route 0: 400 (0 0 85.2736) 38 (1 0 88.93) 478 (0 0 93) 46 (0 1 259.12) 152 (1 1 287.088) 592 (0 1 289) 246 (0 0 303.501) 28 (1 0 340.239) 468 (0 0 343) 679 (1 0 358.566) 239 (0 0 362.636) 36 (0 1 419.279) 236 (0 0 427.711) 655 (1 0 433.828) 215 (0 0 435.384) 67 (1 0 466.889) 507 (0 0 471) 667 (1 0 496.662) 227 (0 0 501.254) 117 (1 0 524.674) 557 (0 0 528.552) 661 (1 0 532.38) 221 (0 0 534.863) 31 (0 1 556.781) 91 (1 1 563.353) 231 (1 0 564.961) 531 (0 0 569) 651 (1 0 601.077) 211 (0 0 603.681) 69 (1 0 610.129) 509 (0 0 614.279) 133 (0 1 619.615) 37 (0 2 628) 237 (0 1 638.996) 333 (0 0 655.249) 420 (0 0 720) 

- route 1: 401 (0 0 106.22) 16 (1 0 111.983) 456 (0 0 115) 40 (1 0 231.171) 240 (0 0 236) 756 (1 0 258.448) 316 (0 0 262.326) 764 (1 0 295.268) 324 (0 0 299.521) 34 (1 0 308.067) 234 (0 0 318.431) 10 (1 0 324.31) 450 (0 0 326.915) 30 (0 1 328.953) 230 (0 0 336) 44 (1 0 362.111) 244 (0 0 365.89) 657 (1 0 369.871) 217 (0 0 372.888) 12 (1 0 384.015) 212 (0 0 394) 42 (1 0 492.452) 482 (0 0 495) 33 (0 1 516.344) 137 (1 1 535.441) 577 (0 1 537) 233 (0 0 549.994) 1 (0 1 614.555) 201 (0 0 625.303) 683 (1 0 634.797) 243 (0 0 637.345) 421 (0 0 720) 

- route 2: 402 (0 0 99.2023) 2 (1 0 106.568) 202 (0 0 114) 8 (1 0 171.099) 448 (0 0 175) 22 (0 1 186.673) 222 (0 0 197) 48 (1 0 210.08) 20 (2 0 218.517) 460 (1 0 221) 248 (0 0 228.236) 57 (1 0 324.689) 257 (0 0 335.287) 76 (1 0 342.932) 649 (2 0 364.425) 209 (1 0 368.326) 276 (0 0 383) 645 (1 0 406.994) 205 (0 0 410) 0 (0 1 414.253) 200 (0 0 425) 730 (1 0 435.523) 290 (0 0 437.986) 159 (1 0 626.675) 599 (0 0 629) 422 (0 0 720) 

- route 3: 403 (0 0 242.983) 3 (1 0 244) 203 (0 0 254.648) 14 (1 0 265.444) 454 (0 0 267) 18 (1 0 303.507) 218 (0 0 313.702) 736 (1 0 334.477) 296 (0 0 340.418) 132 (0 1 355.244) 332 (0 0 380) 776 (1 0 392.119) 336 (0 0 395.304) 35 (1 0 442.957) 798 (2 0 450.42) 358 (1 0 452.745) 235 (0 0 458.002) 708 (1 0 491.286) 268 (0 0 496.21) 45 (1 0 513) 245 (0 0 516.991) 135 (1 0 519.137) 575 (0 0 521) 423 (0 0 720) 

- route 4: 404 (0 0 325.389) 41 (1 0 327) 241 (0 0 333.744) 19 (1 0 578) 219 (0 0 592.793) 424 (0 0 720) 

- route 5: 405 (0 0 168.668) 78 (0 1 170.685) 88 (1 1 177.157) 528 (0 1 181.062) 278 (0 0 201) 112 (1 0 249.895) 6 (1 1 267.755) 312 (0 1 294) 206 (0 0 309.18) 186 (1 0 333.353) 626 (0 0 337) 79 (0 1 340.833) 70 (1 1 357.35) 270 (0 1 367.775) 279 (0 0 369.971) 64 (1 0 376.477) 62 (1 1 381.591) 264 (0 1 386.677) 49 (1 1 403.553) 262 (1 0 407) 249 (0 0 421.709) 125 (1 0 453.478) 565 (0 0 457.731) 729 (1 0 480.272) 289 (0 0 484.177) 71 (1 0 570.915) 25 (2 0 578) 271 (1 0 586.053) 225 (0 0 606.574) 709 (1 0 645.339) 269 (0 0 647.254) 425 (0 0 720) 

- route 6: 406 (0 0 137.716) 92 (0 1 138.657) 52 (1 1 144.257) 252 (0 1 147.688) 656 (1 1 148.976) 216 (0 1 152) 292 (0 0 167.746) 66 (1 0 198.345) 506 (0 0 201) 53 (1 0 236) 253 (0 0 240.645) 82 (1 0 295.812) 185 (2 0 299.642) 625 (1 0 303) 282 (0 0 310.969) 668 (1 0 368.709) 228 (0 0 371.023) 55 (1 0 383.709) 255 (0 0 387.706) 123 (1 0 389.69) 563 (0 0 391) 725 (1 0 505.588) 285 (0 0 509.405) 83 (1 0 519.572) 283 (0 0 530.009) 77 (1 0 549) 277 (0 0 595.812) 426 (0 0 720) 

- route 7: 407 (0 0 57.2729) 60 (1 0 58.5565) 500 (0 0 61) 824 (1 0 106.322) 384 (0 0 109.68) 80 (0 1 174.83) 280 (0 0 179) 762 (1 0 208.631) 322 (0 0 209.941) 177 (1 0 223.658) 617 (0 0 227.806) 58 (1 0 233.225) 498 (0 0 237) 54 (1 0 250.45) 254 (0 0 254.447) 75 (0 1 264) 275 (0 0 283.122) 650 (1 0 352.518) 210 (0 0 355.507) 95 (1 0 365.953) 295 (0 0 372.612) 81 (0 1 380) 281 (0 0 384.755) 90 (1 0 409.179) 530 (0 0 411) 707 (1 0 495.277) 267 (0 0 497.933) 737 (1 0 506.477) 297 (0 0 509.183) 699 (1 0 518.708) 29 (2 0 521.022) 259 (1 0 524.706) 229 (0 0 543.136) 63 (0 1 549) 11 (1 1 572.485) 263 (1 0 574.407) 451 (0 0 579) 427 (0 0 720) 

- route 8: 408 (0 0 57.5793) 72 (1 0 59.5358) 512 (0 0 61) 816 (1 0 91.8522) 376 (0 0 96) 74 (0 1 166.844) 274 (0 0 180.592) 94 (1 0 189.341) 294 (0 0 196) 98 (1 0 210.737) 538 (0 0 215) 56 (1 0 240.348) 256 (0 0 250.946) 93 (0 1 261.185) 293 (0 0 281.578) 96 (1 0 288.294) 536 (0 0 291) 17 (1 0 330.523) 457 (0 0 333.546) 50 (1 0 337.308) 250 (0 0 345) 68 (1 0 459.085) 508 (0 0 461) 51 (1 0 497) 251 (0 0 508.037) 731 (1 0 588.938) 291 (0 0 592.161) 428 (0 0 720) 

- route 9: 409 (0 0 232.413) 713 (1 0 232.413) 273 (0 0 235.37) 84 (1 0 299.183) 524 (0 0 303) 739 (1 0 388.841) 299 (0 0 394.071) 113 (1 0 406) 183 (1 1 431.294) 313 (0 1 453.4) 383 (0 0 477.819) 181 (1 0 559) 381 (0 0 574.875) 87 (0 1 611.177) 287 (0 0 634.784) 65 (1 0 643) 265 (0 0 653.202) 429 (0 0 720) 

- route 10: 410 (0 0 85.4466) 110 (0 1 88.7375) 310 (0 0 101) 678 (1 0 116.648) 238 (0 0 120.056) 120 (1 0 185.174) 560 (0 0 187) 116 (1 0 217.446) 556 (0 0 219.677) 728 (1 0 226.333) 288 (0 0 231.015) 145 (1 0 275.646) 345 (0 0 284.071) 171 (0 1 295) 371 (0 0 322.448) 146 (1 0 352.308) 136 (2 0 356.257) 576 (1 0 357.985) 346 (0 0 364) 118 (1 0 402.705) 318 (0 0 407.985) 115 (1 0 412.096) 315 (0 0 416.174) 761 (1 0 419.832) 321 (0 0 421.659) 89 (1 0 430.319) 529 (0 0 435) 97 (1 0 457.059) 537 (0 0 463) 767 (1 0 508.737) 327 (0 0 513.154) 141 (1 0 528) 341 (0 0 535.379) 155 (1 0 551.614) 595 (0 0 556.389) 757 (1 0 564.6) 777 (2 0 565.6) 337 (1 0 567.328) 317 (0 0 569.554) 119 (1 0 621) 319 (0 0 628.419) 430 (0 0 720) 

- route 11: 411 (0 0 163.922) 122 (1 0 165.961) 562 (0 0 169) 666 (1 0 221.731) 226 (0 0 223.083) 130 (1 0 230.323) 330 (0 0 235) 114 (1 0 249.123) 314 (0 0 253.201) 124 (1 0 255.372) 564 (0 0 257) 111 (0 1 274.592) 311 (0 0 286.855) 654 (1 0 291.543) 214 (0 0 294) 140 (1 0 301.662) 340 (0 0 306.915) 126 (1 0 310.583) 566 (0 0 315) 39 (1 0 331.511) 479 (0 0 333) 794 (1 0 344.827) 354 (0 0 349.601) 131 (1 0 361) 331 (0 0 367.516) 142 (0 1 399.112) 15 (1 1 405) 455 (0 1 406.958) 342 (0 0 412) 763 (1 0 430.631) 323 (0 0 433.67) 27 (1 0 464) 467 (0 0 469) 682 (1 0 508.162) 242 (0 0 511) 153 (1 0 526) 593 (0 0 531) 775 (1 0 541.01) 335 (0 0 542.886) 749 (1 0 558.931) 309 (0 0 561.299) 13 (1 0 572.793) 213 (0 0 582.778) 101 (1 0 594.973) 43 (2 0 618.162) 483 (1 0 621) 301 (0 0 632.441) 431 (0 0 720) 

- route 12: 412 (0 0 100.029) 712 (1 0 102.029) 272 (0 0 105.606) 170 (0 1 140.701) 370 (0 0 160) 102 (0 1 272.194) 302 (0 0 294) 724 (1 0 345.588) 284 (0 0 349.493) 5 (1 0 374.824) 100 (2 0 377.112) 445 (1 0 379) 300 (0 0 408.514) 129 (1 0 430) 329 (0 0 440.952) 765 (1 0 497.039) 325 (0 0 498.666) 432 (0 0 720) 

- route 13: 413 (0 0 148.315) 144 (1 0 149.575) 344 (0 0 158) 108 (1 0 313.119) 548 (0 0 315) 9 (1 0 339.161) 449 (0 0 343) 826 (1 0 352.086) 386 (0 0 354.931) 161 (1 0 388) 361 (0 0 416.769) 173 (1 0 445) 373 (0 0 455.995) 143 (0 1 562) 343 (0 0 575.459) 433 (0 0 720) 

- route 14: 414 (0 0 211.484) 644 (1 0 211.484) 204 (0 0 214.627) 128 (1 0 297.365) 328 (0 0 305) 792 (1 0 313.061) 352 (0 0 316.219) 138 (1 0 356.954) 338 (0 0 365) 158 (1 0 412.312) 598 (0 0 415) 103 (0 1 433) 303 (0 0 464.21) 105 (1 0 605) 305 (0 0 614.54) 434 (0 0 720) 

- route 15: 415 (0 0 57.9992) 194 (1 0 66.9705) 394 (0 0 99) 106 (1 0 130.526) 306 (0 0 157.095) 195 (1 0 173.64) 4 (2 0 178.477) 444 (1 0 181.236) 26 (2 0 185.829) 466 (1 0 191) 395 (0 0 221.185) 179 (1 0 228) 379 (0 0 233.714) 738 (1 0 239.664) 298 (0 0 241.015) 188 (0 1 245.893) 701 (1 1 268.367) 261 (0 1 270.81) 388 (0 0 277.829) 774 (1 0 299.752) 334 (0 0 302) 32 (0 1 314.729) 23 (0 2 323) 223 (0 1 333.466) 232 (0 0 348.379) 168 (1 0 377.325) 368 (0 0 380.223) 47 (0 1 385.86) 163 (1 1 414.263) 247 (1 0 419.081) 363 (0 0 448.765) 192 (1 0 455.145) 392 (0 0 461) 59 (1 0 484.866) 499 (0 0 486.988) 21 (1 0 489.752) 461 (0 0 493) 149 (1 0 584.006) 795 (2 0 590.807) 355 (1 0 592.497) 349 (0 0 618.345) 799 (1 0 664.42) 359 (0 0 667.108) 435 (0 0 720) 

- route 16: 416 (0 0 110.807) 178 (1 0 114.857) 378 (0 0 119) 196 (0 1 152.229) 164 (1 1 159.564) 364 (0 1 165.389) 396 (0 0 182) 648 (1 0 196.425) 208 (0 0 200.264) 134 (1 0 279.896) 574 (0 0 283) 24 (1 0 312.524) 107 (2 0 332.209) 224 (1 0 340) 86 (1 1 348.48) 307 (0 1 371.562) 286 (0 0 382.39) 104 (1 0 409.307) 304 (0 0 416) 806 (1 0 423.105) 366 (0 0 426.269) 85 (1 0 459.095) 525 (0 0 463) 187 (1 0 518.155) 627 (0 0 521) 147 (1 0 569) 347 (0 0 582.165) 139 (1 0 598) 167 (2 0 606.612) 339 (1 0 609.57) 175 (1 1 624.12) 367 (0 1 629.136) 375 (0 0 632.584) 436 (0 0 720) 

- route 17: 417 (0 0 80.6306) 700 (1 0 80.6306) 260 (0 0 83.3176) 184 (1 0 87.7472) 624 (0 0 91) 198 (0 1 159.819) 398 (0 0 176) 760 (1 0 216.803) 320 (0 0 219.013) 172 (1 0 231.626) 372 (0 0 239.289) 61 (1 0 243) 501 (0 0 249) 660 (1 0 262.339) 220 (0 0 263.629) 817 (1 0 266.413) 698 (2 0 267.413) 258 (1 0 269.534) 377 (0 0 273.295) 156 (0 1 289.534) 356 (0 0 299.544) 154 (1 0 308.718) 594 (0 0 311.814) 180 (1 0 318.083) 380 (0 0 329) 165 (1 0 353) 365 (0 0 361.238) 121 (1 0 387.819) 561 (0 0 390.029) 174 (0 1 392.087) 374 (0 0 398.729) 166 (1 0 403.745) 606 (0 0 405) 7 (0 1 441.5) 207 (0 0 470.117) 189 (0 1 492) 389 (0 0 522.056) 109 (1 0 528.243) 169 (2 0 530) 369 (1 0 532.948) 549 (0 0 535) 437 (0 0 720) 

- route 18: 418 (0 0 47.3636) 176 (1 0 52.2049) 616 (0 0 55) 162 (1 0 192.659) 182 (1 1 194.402) 362 (0 1 222.419) 706 (1 1 225.277) 266 (0 1 229.389) 382 (0 0 235.225) 197 (0 1 259) 397 (0 0 294.243) 825 (1 0 318.322) 385 (0 0 321.575) 190 (1 0 336.351) 766 (2 0 340.082) 390 (1 0 343.532) 326 (0 0 347.218) 99 (1 0 358) 539 (0 0 361) 127 (1 0 476.518) 567 (0 0 479) 157 (0 1 488) 357 (0 0 501.515) 827 (1 0 536.086) 387 (0 0 539.733) 793 (1 0 552.948) 353 (0 0 555.131) 191 (1 0 571) 391 (0 0 579.456) 438 (0 0 720) 

- route 19: 419 (0 0 142.149) 160 (1 0 151.487) 360 (0 0 171) 73 (1 0 189.3) 513 (0 0 193) 199 (0 1 286.004) 399 (0 0 302.185) 148 (1 0 322.467) 748 (2 0 341.767) 308 (1 0 344.047) 348 (0 0 348) 150 (1 0 396.193) 350 (0 0 408) 151 (1 0 598) 351 (0 0 613.051) 193 (1 0 618) 393 (0 0 626.282) 439 (0 0 720) 


Data DARP: datafile9.txt
Transfers: 1
Relative MRT: 1
MRT factor: 1.5
Speed factor PT : 1
PT interval: 10
Iterations: 25000
Iter without impr: 500
Max removal pct: 0.3
Max deterior pct: 0.04
Clustered removal: 0
IDARP adapted: 1
Without operator:  0
Terminals per node: 3
Priority non PT: 0
Priority PT: 0
Priority long: 0
Priority short: 0
Current iteration: 5000
Total distance: 2362.29
Computation time: 5090.96
Average ride time: 22.5066
Pct PT users: 0.36
Users PT: 4 5 8 9 10 11 14 15 16 17 20 21 26 27 28 29 38 39 42 43 48 49 58 59 60 61 66 67 69 72 73 84 85 88 89 90 91 96 97 98 99 108 109 116 117 120 121 122 123 124 125 126 127 134 135 136 137 150 152 153 154 155 158 159 166 167 176 177 184 185 186 187 

- route 0: 400 (0 0 81.2736) 38 (1 0 84.93) 478 (0 0 89) 774 (1 0 291.01) 334 (0 0 292.873) 18 (1 0 301.997) 218 (0 0 312.192) 10 (1 0 315.584) 450 (0 0 317) 679 (1 0 358.566) 239 (0 0 362.636) 12 (1 0 384.015) 212 (0 0 394) 689 (1 0 425.489) 249 (0 0 431.52) 42 (1 0 494.403) 482 (0 0 497) 33 (0 1 520.903) 137 (1 1 540) 577 (0 1 547) 233 (0 0 554.553) 19 (1 0 574.736) 13 (2 0 582) 219 (1 0 586.656) 213 (0 0 596.477) 159 (1 0 626.675) 599 (0 0 629) 420 (0 0 720) 

- route 1: 401 (0 0 162.059) 195 (1 0 165.274) 8 (2 0 170.74) 448 (1 0 173) 395 (0 0 212.818) 179 (1 0 220.261) 379 (0 0 224.404) 61 (1 0 228.622) 501 (0 0 231) 738 (1 0 234.293) 298 (0 0 235.643) 188 (0 1 262) 388 (0 0 285) 82 (1 0 295.812) 185 (2 0 299.642) 625 (1 0 303) 282 (0 0 310.969) 95 (1 0 359.436) 295 (0 0 366.095) 64 (1 0 373.322) 62 (1 1 378.436) 264 (0 1 383.521) 0 (0 2 397.518) 262 (0 1 407) 200 (0 0 412.139) 31 (0 1 559) 231 (0 0 568.07) 91 (1 0 576.74) 531 (0 0 579) 421 (0 0 720) 

- route 2: 402 (0 0 105.015) 16 (1 0 110.779) 456 (0 0 113) 48 (1 0 208.969) 488 (0 0 215) 24 (1 0 303.294) 50 (2 0 322.166) 224 (1 0 325.978) 250 (0 0 331.079) 57 (1 0 334.587) 17 (2 0 341.146) 457 (1 0 345) 257 (0 0 349.985) 71 (1 0 570.915) 25 (2 0 578) 271 (1 0 586.053) 225 (0 0 606.574) 683 (1 0 634.797) 243 (0 0 637.345) 422 (0 0 720) 

- route 3: 403 (0 0 99.2023) 2 (1 0 106.568) 202 (0 0 114) 26 (1 0 187.45) 4 (2 0 191.241) 466 (1 0 194) 444 (0 0 195) 14 (1 0 265.444) 454 (0 0 267) 30 (0 1 324.92) 230 (0 0 331.967) 28 (1 0 340.239) 468 (0 0 343) 125 (1 0 461) 565 (0 0 473) 117 (1 0 525) 557 (0 0 533) 669 (1 0 554.709) 229 (0 0 557.47) 1 (0 1 616) 201 (0 0 630.621) 423 (0 0 720) 

- route 4: 404 (0 0 217.877) 20 (1 0 218.517) 460 (0 0 221) 706 (1 0 225.277) 266 (0 0 229.389) 46 (0 1 259.12) 152 (1 1 287.088) 592 (0 1 289) 246 (0 0 303.501) 47 (0 1 400) 36 (0 2 429.569) 236 (0 1 438) 247 (0 0 444.382) 67 (1 0 466.889) 507 (0 0 471) 45 (1 0 513) 245 (0 0 516.991) 135 (1 0 519.137) 575 (0 0 521) 661 (1 0 522.097) 221 (0 0 524.863) 424 (0 0 720) 

- route 5: 405 (0 0 57.2729) 60 (1 0 58.5565) 500 (0 0 61) 824 (1 0 106.322) 384 (0 0 109.68) 198 (0 1 159.819) 398 (0 0 176) 199 (0 1 300) 399 (0 0 322.772) 186 (1 0 337.353) 626 (0 0 341) 79 (0 1 344.058) 70 (1 1 360.575) 270 (0 1 371) 279 (0 0 380.669) 739 (1 0 388.841) 299 (0 0 394.071) 113 (1 0 396.712) 163 (2 0 418) 313 (1 0 439.395) 363 (0 0 457.225) 59 (1 0 498) 499 (0 0 501) 149 (1 0 584.219) 87 (1 1 610.093) 349 (0 1 616.357) 287 (0 0 634.784) 65 (1 0 643) 265 (0 0 653.202) 425 (0 0 720) 

- route 6: 406 (0 0 57.5793) 72 (1 0 59.5358) 512 (0 0 61) 816 (1 0 91.8522) 376 (0 0 96) 177 (1 0 228.852) 617 (0 0 233) 84 (1 0 298.35) 524 (0 0 301) 76 (1 0 337.167) 650 (2 0 344.227) 210 (1 0 346.78) 649 (2 0 366.066) 209 (1 0 368.326) 276 (0 0 383) 77 (1 0 535.298) 63 (1 1 549) 263 (1 0 572.052) 277 (0 0 582.11) 426 (0 0 720) 

- route 7: 407 (0 0 172.764) 80 (0 1 173.99) 280 (0 0 178.159) 94 (1 0 187.547) 294 (0 0 194.206) 98 (1 0 199.573) 538 (0 0 204.803) 762 (1 0 208.631) 322 (0 0 209.941) 58 (1 0 228.97) 498 (0 0 232.905) 713 (1 0 233.905) 273 (0 0 235.37) 56 (1 0 246.162) 256 (0 0 256.761) 93 (0 1 267) 293 (0 0 296.089) 668 (1 0 368.709) 228 (0 0 371.023) 81 (0 1 374.989) 281 (0 0 379.159) 55 (1 0 383.709) 255 (0 0 387.706) 123 (1 0 389.69) 563 (0 0 391) 699 (1 0 536.222) 259 (0 0 539.996) 11 (1 0 581) 451 (0 0 585) 427 (0 0 720) 

- route 8: 408 (0 0 149.135) 92 (0 1 150.076) 78 (0 2 155.083) 292 (0 1 175) 278 (0 0 191.695) 162 (1 0 201.212) 182 (1 1 202.955) 362 (0 1 230.972) 382 (0 0 236) 3 (1 0 244) 203 (0 0 254.648) 34 (1 0 317.575) 41 (2 0 320.658) 241 (1 0 325.487) 234 (0 0 330) 657 (1 0 381.585) 217 (0 0 383.806) 776 (1 0 391.356) 336 (0 0 394.319) 645 (1 0 406.907) 205 (0 0 409.913) 49 (1 0 413.364) 489 (0 0 417) 183 (0 1 427.326) 730 (1 1 432.512) 655 (2 1 433.512) 215 (1 1 435.068) 290 (0 1 437.986) 383 (0 0 473.851) 21 (1 0 479.752) 461 (0 0 483) 127 (1 0 487.374) 567 (0 0 489) 109 (1 0 522.72) 549 (0 0 525) 169 (1 0 530) 369 (0 0 533.847) 793 (1 0 552.948) 353 (0 0 555.131) 709 (1 0 637.286) 269 (0 0 639.201) 428 (0 0 720) 

- route 9: 409 (0 0 141.763) 52 (1 0 144.257) 252 (0 0 147.688) 656 (1 0 148.976) 216 (0 0 152) 88 (1 0 185.095) 528 (0 0 189) 66 (1 0 198.345) 506 (0 0 201) 53 (1 0 236) 253 (0 0 240.645) 54 (1 0 249.753) 701 (2 0 252.518) 254 (1 0 254.774) 261 (0 0 256.432) 96 (1 0 288.294) 536 (0 0 291) 707 (1 0 494.954) 267 (0 0 497.933) 737 (1 0 506.477) 297 (0 0 509.183) 731 (1 0 603.726) 291 (0 0 605.547) 429 (0 0 720) 

- route 10: 410 (0 0 100.029) 712 (1 0 102.029) 272 (0 0 105.606) 73 (1 0 189.3) 513 (0 0 193) 112 (1 0 249.895) 6 (1 1 267.755) 312 (0 1 294) 206 (0 0 309.18) 7 (0 1 456) 68 (1 1 470.236) 207 (1 0 491.218) 268 (0 0 499) 69 (1 0 602.076) 509 (0 0 607) 651 (1 0 610.78) 211 (0 0 612.196) 133 (0 1 619.615) 37 (0 2 628) 237 (0 1 638.996) 333 (0 0 655.249) 430 (0 0 720) 

- route 11: 411 (0 0 85.4466) 110 (0 1 88.7375) 310 (0 0 101) 678 (1 0 114.566) 238 (0 0 116.056) 728 (1 0 234.303) 288 (0 0 238.953) 111 (0 1 285) 128 (1 1 292.427) 328 (0 1 300.061) 311 (0 0 301.894) 108 (1 0 314.632) 548 (0 0 317) 132 (0 1 335.196) 9 (1 1 339.161) 449 (0 1 343) 44 (1 1 361.588) 244 (0 1 365.367) 332 (0 0 370.83) 35 (1 0 442.957) 798 (2 0 450.42) 358 (1 0 452.745) 235 (0 0 458.002) 667 (1 0 484.867) 227 (0 0 489.459) 725 (1 0 506.755) 285 (0 0 509.405) 83 (1 0 523.574) 29 (2 0 526.685) 469 (1 0 529) 283 (0 0 538.73) 101 (1 0 594.973) 43 (2 0 618.162) 483 (1 0 621) 301 (0 0 632.441) 431 (0 0 720) 

- route 12: 412 (0 0 163.922) 122 (1 0 165.961) 562 (0 0 169) 120 (1 0 181.983) 560 (0 0 185) 130 (1 0 216.851) 330 (0 0 221.529) 666 (1 0 223.352) 226 (0 0 224.704) 124 (1 0 245.678) 564 (0 0 248.91) 102 (0 1 250.37) 197 (0 2 255.553) 114 (1 2 258.922) 314 (0 2 263) 302 (0 1 281.58) 397 (0 0 290.796) 825 (1 0 318.322) 385 (0 0 321.575) 165 (1 0 353) 365 (0 0 361.238) 150 (1 0 380.697) 590 (0 0 383) 174 (0 1 389.735) 166 (1 1 394.702) 374 (1 0 397.718) 606 (0 0 401) 158 (1 0 412.312) 598 (0 0 415) 103 (0 1 431.604) 27 (1 1 452.205) 303 (1 0 454.457) 467 (0 0 459) 765 (1 0 503.706) 325 (0 0 506.188) 767 (1 0 512.803) 141 (2 0 514.635) 341 (1 0 519.888) 327 (0 0 524.01) 775 (1 0 541.01) 335 (0 0 542.886) 749 (1 0 553.708) 309 (0 0 556.077) 143 (0 1 562) 343 (0 0 575.459) 119 (1 0 621) 319 (0 0 628.419) 432 (0 0 720) 

- route 13: 413 (0 0 133.623) 106 (1 0 136.834) 74 (1 1 162.35) 306 (0 1 167) 274 (0 0 181.472) 75 (0 1 264) 275 (0 0 283.122) 107 (1 0 341) 86 (1 1 357.27) 307 (0 1 380.353) 286 (0 0 391.181) 806 (1 0 414.568) 366 (0 0 417.226) 187 (1 0 528.155) 627 (0 0 531) 105 (1 0 605) 305 (0 0 614.54) 433 (0 0 720) 

- route 14: 414 (0 0 148.315) 144 (1 0 149.575) 344 (0 0 158) 145 (1 0 289) 345 (0 0 301.137) 792 (1 0 313.061) 352 (0 0 316.219) 131 (1 0 349.037) 331 (0 0 353.714) 794 (1 0 356.226) 354 (0 0 361) 142 (0 1 399.112) 15 (1 1 405) 455 (0 1 408.073) 342 (0 0 412) 129 (1 0 416.458) 329 (0 0 424.093) 115 (1 0 427) 315 (0 0 432.617) 682 (1 0 508.162) 242 (0 0 511) 153 (1 0 526) 593 (0 0 531) 147 (1 0 561.24) 757 (2 0 567.255) 317 (1 0 569.485) 347 (0 0 574.021) 777 (1 0 576.762) 337 (0 0 579.047) 434 (0 0 720) 

- route 15: 415 (0 0 44.8972) 176 (1 0 49.7385) 616 (0 0 53) 160 (1 0 151.487) 360 (0 0 171) 644 (1 0 223.31) 204 (0 0 225.551) 116 (1 0 230.172) 556 (0 0 233) 146 (1 0 351.323) 136 (2 0 355.272) 576 (1 0 357) 346 (0 0 364) 161 (1 0 381.955) 790 (2 0 390.268) 350 (1 0 397.907) 361 (0 0 410.724) 192 (1 0 455.145) 392 (0 0 461) 193 (1 0 618) 393 (0 0 626.282) 435 (0 0 720) 

- route 16: 416 (0 0 57.9992) 194 (1 0 66.9705) 394 (0 0 99) 22 (0 1 186.673) 222 (0 0 197) 40 (1 0 216.882) 240 (0 0 221.711) 688 (1 0 223.489) 248 (0 0 227.125) 756 (1 0 271.658) 316 (0 0 274) 764 (1 0 286.614) 324 (0 0 290.867) 32 (0 1 311.643) 23 (0 2 319.914) 223 (0 1 330.241) 232 (0 0 345.154) 138 (1 0 353.131) 826 (2 0 355.73) 386 (1 0 358.931) 338 (0 0 364.7) 100 (1 0 373.568) 5 (2 0 375.856) 445 (1 0 379) 300 (0 0 404.457) 90 (1 0 409.179) 530 (0 0 411) 729 (1 0 470.272) 289 (0 0 474.177) 51 (1 0 485.504) 189 (1 1 492) 251 (0 1 496.542) 389 (0 0 525) 191 (1 0 571) 391 (0 0 579.456) 436 (0 0 720) 

- route 17: 417 (0 0 84.8915) 184 (1 0 87.7472) 624 (0 0 91) 170 (0 1 140.701) 370 (0 0 160) 171 (0 1 293.688) 371 (0 0 312.987) 180 (1 0 318.083) 380 (0 0 329) 724 (1 0 344.755) 284 (0 0 348.66) 104 (1 0 395.735) 304 (0 0 402.428) 118 (1 0 405.514) 318 (0 0 410.794) 761 (1 0 412.272) 321 (0 0 414.098) 89 (1 0 420.319) 529 (0 0 425) 763 (1 0 430.631) 323 (0 0 433.67) 85 (1 0 459.095) 525 (0 0 463) 181 (1 0 559) 381 (0 0 574.875) 151 (1 0 587.162) 795 (2 0 597.711) 351 (1 0 600.014) 355 (0 0 601.883) 437 (0 0 720) 

- route 18: 418 (0 0 83.6797) 700 (1 0 83.6797) 260 (0 0 86.3666) 178 (1 0 114.857) 378 (0 0 119) 196 (0 1 152.229) 164 (1 1 159.564) 364 (0 1 165.389) 396 (0 0 182) 648 (1 0 196.066) 208 (0 0 199.905) 134 (1 0 269.125) 574 (0 0 271) 654 (1 0 291.543) 214 (0 0 294) 140 (1 0 307.747) 340 (0 0 313) 126 (1 0 320.583) 566 (0 0 325) 39 (1 0 331.511) 479 (0 0 333) 736 (1 0 334.477) 296 (0 0 340.418) 97 (1 0 457.059) 537 (0 0 463) 155 (1 0 561) 595 (0 0 573) 139 (1 0 593.788) 167 (2 0 599.913) 339 (1 0 602.871) 607 (0 0 605) 799 (1 0 664.42) 359 (0 0 667.108) 438 (0 0 720) 

- route 19: 419 (0 0 211.613) 760 (1 0 213.613) 320 (0 0 215.823) 172 (1 0 245.336) 372 (0 0 253) 660 (1 0 262.339) 220 (0 0 263.629) 817 (1 0 266.337) 698 (2 0 267.337) 258 (1 0 270.966) 377 (0 0 275.954) 156 (0 1 281.706) 356 (0 0 291.716) 148 (1 0 310.099) 154 (2 0 327.302) 594 (1 0 328.993) 190 (2 0 332.993) 390 (1 0 338.963) 348 (0 0 341.651) 748 (1 0 345.211) 308 (0 0 347.989) 766 (1 0 354.216) 326 (0 0 355.842) 99 (1 0 358) 539 (0 0 361) 168 (1 0 373.866) 368 (0 0 376.764) 121 (1 0 380.79) 561 (0 0 383) 173 (1 0 445) 373 (0 0 455.995) 157 (0 1 488) 357 (0 0 501.515) 827 (1 0 546.086) 387 (0 0 549.733) 807 (1 0 616.139) 175 (1 1 617.422) 367 (0 1 622.437) 375 (0 0 625.885) 439 (0 0 720) 


Data DARP: datafile9.txt
Transfers: 1
Relative MRT: 1
MRT factor: 1.5
Speed factor PT : 1
PT interval: 10
Iterations: 25000
Iter without impr: 500
Max removal pct: 0.3
Max deterior pct: 0.04
Clustered removal: 0
IDARP adapted: 1
Without operator:  0
Terminals per node: 3
Priority non PT: 0
Priority PT: 0
Priority long: 0
Priority short: 0
Current iteration: 10000
Total distance: 2354.6
Computation time: 10237.8
Average ride time: 22.4269
Pct PT users: 0.35
Users PT: 4 5 8 9 10 11 14 15 16 17 20 21 26 27 28 29 38 39 42 43 48 58 59 60 61 66 67 69 72 73 84 85 88 89 90 91 96 97 98 99 108 109 116 117 120 121 122 123 124 125 126 127 134 135 136 137 152 153 154 155 158 159 166 167 176 177 184 185 186 187 

- route 0: 400 (0 0 81.2736) 38 (1 0 84.93) 478 (0 0 89) 774 (1 0 291.01) 334 (0 0 292.873) 18 (1 0 301.997) 218 (0 0 312.192) 10 (1 0 315.584) 450 (0 0 317) 679 (1 0 358.566) 239 (0 0 362.636) 12 (1 0 384.015) 212 (0 0 394) 42 (1 0 484.403) 482 (0 0 487) 33 (0 1 520.903) 137 (1 1 540) 577 (0 1 547) 233 (0 0 554.553) 19 (1 0 574.736) 13 (2 0 582) 219 (1 0 586.656) 213 (0 0 596.477) 159 (1 0 626.675) 599 (0 0 629) 420 (0 0 720) 

- route 1: 401 (0 0 217.877) 20 (1 0 218.517) 460 (0 0 221) 706 (1 0 225.277) 266 (0 0 229.389) 46 (0 1 259.12) 152 (1 1 287.088) 592 (0 1 289) 246 (0 0 303.501) 47 (0 1 400) 36 (0 2 429.569) 236 (0 1 438) 247 (0 0 444.382) 67 (1 0 466.889) 507 (0 0 471) 45 (1 0 513) 245 (0 0 516.991) 135 (1 0 519.137) 575 (0 0 521) 661 (1 0 522.097) 221 (0 0 524.863) 421 (0 0 720) 

- route 2: 402 (0 0 105.015) 16 (1 0 110.779) 456 (0 0 113) 48 (1 0 208.969) 488 (0 0 215) 24 (1 0 303.294) 50 (2 0 322.166) 224 (1 0 325.978) 250 (0 0 331.079) 57 (1 0 334.587) 17 (2 0 341.146) 457 (1 0 345) 257 (0 0 349.985) 71 (1 0 570.915) 25 (2 0 578) 271 (1 0 586.053) 225 (0 0 606.574) 683 (1 0 634.797) 243 (0 0 637.345) 422 (0 0 720) 

- route 3: 403 (0 0 99.2023) 2 (1 0 106.568) 202 (0 0 114) 26 (1 0 187.45) 4 (2 0 191.241) 444 (1 0 194) 466 (0 0 195) 14 (1 0 265.444) 454 (0 0 267) 30 (0 1 324.92) 230 (0 0 331.967) 28 (1 0 340.239) 468 (0 0 343) 125 (1 0 461) 565 (0 0 469) 117 (1 0 525) 557 (0 0 533) 669 (1 0 554.709) 229 (0 0 557.47) 1 (0 1 616) 201 (0 0 630.621) 423 (0 0 720) 

- route 4: 404 (0 0 162.059) 195 (1 0 165.274) 8 (2 0 170.74) 448 (1 0 173) 395 (0 0 212.818) 179 (1 0 220.261) 379 (0 0 224.404) 61 (1 0 228.622) 501 (0 0 231) 738 (1 0 234.293) 298 (0 0 235.643) 188 (0 1 262) 388 (0 0 285) 82 (1 0 295.812) 185 (2 0 299.642) 625 (1 0 303) 282 (0 0 310.969) 95 (1 0 359.436) 295 (0 0 366.095) 64 (1 0 373.322) 62 (1 1 378.436) 264 (0 1 383.521) 0 (0 2 397.518) 262 (0 1 407) 200 (0 0 412.139) 31 (0 1 559) 231 (0 0 568.07) 91 (1 0 576.74) 531 (0 0 579) 424 (0 0 720) 

- route 5: 405 (0 0 141.763) 52 (1 0 144.257) 252 (0 0 147.688) 656 (1 0 148.976) 216 (0 0 152) 88 (1 0 185.095) 528 (0 0 189) 66 (1 0 198.345) 506 (0 0 201) 53 (1 0 236) 253 (0 0 240.645) 54 (1 0 249.753) 701 (2 0 252.518) 254 (1 0 254.774) 261 (0 0 256.432) 96 (1 0 288.294) 536 (0 0 291) 707 (1 0 494.954) 267 (0 0 497.933) 737 (1 0 506.477) 297 (0 0 509.183) 731 (1 0 603.726) 291 (0 0 605.547) 425 (0 0 720) 

- route 6: 406 (0 0 57.5793) 72 (1 0 59.5358) 512 (0 0 61) 816 (1 0 91.8522) 376 (0 0 96) 177 (1 0 237) 617 (0 0 243) 84 (1 0 298.35) 524 (0 0 301) 76 (1 0 337.167) 650 (2 0 344.227) 210 (1 0 346.78) 649 (2 0 366.066) 209 (1 0 368.326) 276 (0 0 383) 77 (1 0 535.298) 63 (1 1 549) 263 (1 0 572.052) 277 (0 0 582.11) 426 (0 0 720) 

- route 7: 407 (0 0 172.764) 80 (0 1 173.99) 280 (0 0 178.159) 94 (1 0 187.547) 294 (0 0 194.206) 98 (1 0 199.573) 538 (0 0 204.803) 762 (1 0 208.631) 322 (0 0 209.941) 58 (1 0 227.093) 498 (0 0 231.029) 713 (1 0 232.029) 273 (0 0 233.493) 56 (1 0 246.162) 256 (0 0 256.761) 93 (0 1 267) 293 (0 0 296.089) 668 (1 0 368.709) 228 (0 0 371.023) 81 (0 1 374.989) 281 (0 0 379.159) 55 (1 0 383.709) 255 (0 0 387.706) 123 (1 0 389.69) 563 (0 0 391) 699 (1 0 536.222) 259 (0 0 539.996) 11 (1 0 581) 451 (0 0 585) 427 (0 0 720) 

- route 8: 408 (0 0 149.135) 92 (0 1 150.076) 78 (0 2 155.083) 292 (0 1 175) 278 (0 0 191.695) 162 (1 0 201.212) 182 (1 1 202.955) 362 (0 1 230.972) 382 (0 0 236) 3 (1 0 244) 203 (0 0 254.648) 34 (1 0 317.575) 41 (2 0 320.658) 241 (1 0 325.487) 234 (0 0 330) 657 (1 0 381.585) 217 (0 0 383.806) 776 (1 0 391.356) 336 (0 0 394.319) 645 (1 0 409.001) 205 (0 0 412.007) 730 (1 0 432.512) 655 (2 0 433.512) 215 (1 0 435.068) 290 (0 0 437.986) 183 (0 1 441) 383 (0 0 476.837) 157 (0 1 488) 357 (0 0 501.515) 827 (1 0 536.086) 387 (0 0 539.733) 793 (1 0 545.061) 353 (0 0 546.972) 709 (1 0 637.286) 269 (0 0 639.201) 428 (0 0 720) 

- route 9: 409 (0 0 57.2729) 60 (1 0 58.5565) 500 (0 0 61) 824 (1 0 106.322) 384 (0 0 109.68) 198 (0 1 159.819) 398 (0 0 176) 199 (0 1 300) 154 (1 1 311.574) 594 (0 1 313.265) 399 (0 0 322.772) 165 (1 0 342.611) 365 (0 0 348.436) 99 (1 0 352.386) 539 (0 0 353.737) 766 (1 0 354.737) 326 (0 0 357.218) 168 (1 0 380.102) 368 (0 0 383) 173 (1 0 445) 373 (0 0 455.995) 59 (1 0 498) 499 (0 0 501) 149 (1 0 584.219) 87 (1 1 610.093) 349 (0 1 616.357) 287 (0 0 634.784) 65 (1 0 643) 265 (0 0 653.202) 429 (0 0 720) 

- route 10: 410 (0 0 100.029) 712 (1 0 102.029) 272 (0 0 105.606) 73 (1 0 187.423) 513 (0 0 191) 112 (1 0 249.895) 6 (1 1 267.755) 312 (0 1 294) 206 (0 0 309.18) 7 (0 1 456) 68 (1 1 470.236) 207 (1 0 491.218) 268 (0 0 499) 69 (1 0 602.076) 509 (0 0 607) 651 (1 0 610.78) 211 (0 0 612.196) 133 (0 1 619.615) 37 (0 2 628) 237 (0 1 638.996) 333 (0 0 655.249) 430 (0 0 720) 

- route 11: 411 (0 0 148.315) 144 (1 0 149.575) 344 (0 0 158) 145 (1 0 289) 345 (0 0 301.137) 792 (1 0 313.061) 352 (0 0 316.219) 108 (1 0 324.632) 548 (0 0 327) 132 (0 1 335.196) 9 (1 1 339.161) 449 (0 1 343) 44 (1 1 361.588) 244 (0 1 365.367) 332 (0 0 370.83) 49 (1 0 417) 249 (0 0 435.156) 35 (1 0 442.957) 798 (2 0 450.42) 358 (1 0 452.745) 235 (0 0 458.002) 667 (1 0 484.867) 227 (0 0 489.459) 725 (1 0 506.755) 285 (0 0 509.405) 83 (1 0 523.574) 29 (2 0 526.685) 469 (1 0 529) 283 (0 0 538.73) 101 (1 0 594.973) 43 (2 0 618.162) 483 (1 0 621) 301 (0 0 632.441) 431 (0 0 720) 

- route 12: 412 (0 0 133.623) 106 (1 0 136.834) 74 (1 1 162.35) 306 (0 1 167) 274 (0 0 181.472) 75 (0 1 264) 275 (0 0 283.122) 107 (1 0 341) 86 (1 1 357.27) 307 (0 1 380.353) 286 (0 0 391.181) 15 (1 0 405) 455 (0 0 409) 763 (1 0 430.631) 323 (0 0 433.67) 765 (1 0 502.956) 325 (0 0 506.188) 767 (1 0 512.803) 141 (2 0 514.635) 341 (1 0 519.888) 327 (0 0 524.01) 775 (1 0 541.01) 335 (0 0 542.886) 143 (0 1 562) 343 (0 0 575.459) 119 (1 0 621) 319 (0 0 628.419) 432 (0 0 720) 

- route 13: 413 (0 0 182.872) 120 (1 0 185.174) 560 (0 0 187) 102 (0 1 250.37) 197 (0 2 255.553) 114 (1 2 258.922) 314 (0 2 263) 302 (0 1 281.58) 397 (0 0 290.796) 748 (1 0 355.211) 308 (0 0 357.989) 174 (0 1 378.561) 150 (1 1 384.371) 374 (1 0 386.953) 350 (0 0 399.249) 104 (1 0 406.079) 806 (2 0 412.409) 304 (1 0 413.772) 366 (0 0 416.779) 187 (1 0 518.155) 627 (0 0 521) 105 (1 0 605) 305 (0 0 614.54) 433 (0 0 720) 

- route 14: 414 (0 0 85.4466) 110 (0 1 88.7375) 310 (0 0 101) 678 (1 0 114.566) 238 (0 0 116.056) 728 (1 0 234.303) 288 (0 0 238.953) 111 (0 1 285) 128 (1 1 292.427) 328 (0 1 300.061) 311 (0 0 301.894) 148 (1 0 321.343) 190 (2 0 339.341) 390 (1 0 345.312) 348 (0 0 348) 121 (1 0 380.79) 561 (0 0 383) 166 (1 0 394.255) 606 (0 0 397) 158 (1 0 412.312) 598 (0 0 415) 103 (0 1 431.604) 27 (1 1 452.205) 303 (1 0 454.457) 467 (0 0 459) 682 (1 0 500.475) 242 (0 0 503.585) 153 (1 0 517.841) 593 (0 0 521) 147 (1 0 561.24) 757 (2 0 567.255) 317 (1 0 569.485) 347 (0 0 574.021) 777 (1 0 576.762) 337 (0 0 579.047) 434 (0 0 720) 

- route 15: 415 (0 0 44.8972) 176 (1 0 49.7385) 616 (0 0 53) 160 (1 0 140.582) 360 (0 0 160.095) 122 (1 0 165.961) 562 (0 0 169) 666 (1 0 220.011) 644 (2 0 221.011) 226 (1 0 222.363) 204 (0 0 225.551) 116 (1 0 230.172) 556 (0 0 233) 146 (1 0 351.323) 136 (2 0 355.272) 576 (1 0 357) 346 (0 0 364) 161 (1 0 388) 361 (0 0 416.769) 192 (1 0 455.145) 392 (0 0 461) 193 (1 0 618) 393 (0 0 626.282) 435 (0 0 720) 

- route 16: 416 (0 0 214.803) 760 (1 0 216.803) 320 (0 0 219.013) 172 (1 0 245.336) 372 (0 0 253) 660 (1 0 262.339) 220 (0 0 263.629) 698 (1 0 266.968) 258 (0 0 269.089) 817 (1 0 282.444) 377 (0 0 285.239) 156 (0 1 290.99) 356 (0 0 301) 825 (1 0 318.322) 385 (0 0 321.575) 186 (1 0 337.353) 626 (0 0 341) 79 (0 1 344.058) 70 (1 1 360.575) 270 (0 1 371) 279 (0 0 378.372) 739 (1 0 383.227) 299 (0 0 388.457) 113 (1 0 396.712) 163 (2 0 418) 313 (1 0 439.395) 363 (0 0 457.225) 21 (1 0 479.752) 461 (0 0 483) 127 (1 0 487.374) 567 (0 0 489) 109 (1 0 528.243) 169 (2 0 530) 369 (1 0 532.948) 549 (0 0 535) 191 (1 0 571) 391 (0 0 579.456) 436 (0 0 720) 

- route 17: 417 (0 0 57.9992) 194 (1 0 66.9705) 394 (0 0 99) 22 (0 1 186.673) 222 (0 0 197) 40 (1 0 216.882) 240 (0 0 221.711) 688 (1 0 223.489) 248 (0 0 227.125) 756 (1 0 271.658) 316 (0 0 274) 764 (1 0 297.747) 324 (0 0 302) 32 (0 1 311.643) 23 (0 2 319.914) 223 (0 1 330.241) 232 (0 0 345.154) 138 (1 0 353.131) 826 (2 0 355.73) 386 (1 0 358.931) 338 (0 0 364.7) 100 (1 0 373.568) 5 (2 0 375.856) 445 (1 0 379) 300 (0 0 404.457) 90 (1 0 409.179) 530 (0 0 411) 729 (1 0 468.303) 289 (0 0 472.208) 51 (1 0 485.504) 189 (1 1 492) 251 (0 1 496.542) 389 (0 0 525) 795 (1 0 586.325) 355 (0 0 588.015) 807 (1 0 621.182) 367 (0 0 622.437) 437 (0 0 720) 

- route 18: 418 (0 0 84.8915) 184 (1 0 87.7472) 624 (0 0 91) 170 (0 1 140.701) 370 (0 0 160) 171 (0 1 293.688) 371 (0 0 312.987) 180 (1 0 318.083) 380 (0 0 329) 724 (1 0 344.755) 284 (0 0 348.66) 118 (1 0 403.546) 318 (0 0 408.825) 761 (1 0 410.304) 321 (0 0 412.13) 89 (1 0 418.35) 529 (0 0 423) 97 (1 0 457.059) 537 (0 0 463) 155 (1 0 547.132) 595 (0 0 551.907) 749 (1 0 559.231) 309 (0 0 561.599) 139 (1 0 593.788) 167 (2 0 599.913) 339 (1 0 602.871) 607 (0 0 605) 799 (1 0 664.42) 359 (0 0 667.108) 438 (0 0 720) 

- route 19: 419 (0 0 83.6797) 700 (1 0 83.6797) 260 (0 0 86.3666) 178 (1 0 114.857) 378 (0 0 119) 196 (0 1 152.229) 164 (1 1 159.564) 364 (0 1 165.389) 396 (0 0 182) 648 (1 0 196.066) 208 (0 0 199.905) 130 (1 0 230.323) 330 (0 0 235) 124 (1 0 263.383) 564 (0 0 265.865) 134 (1 0 269.125) 574 (0 0 271) 654 (1 0 291.543) 214 (0 0 294) 140 (1 0 307.747) 340 (0 0 313) 126 (1 0 320.583) 566 (0 0 325) 39 (1 0 331.511) 479 (0 0 333) 736 (1 0 334.477) 296 (0 0 340.418) 794 (1 0 347.968) 354 (0 0 351.853) 131 (1 0 361) 331 (0 0 367.516) 142 (0 1 402.028) 342 (0 0 412) 129 (1 0 416.458) 329 (0 0 424.093) 115 (1 0 427) 315 (0 0 432.617) 85 (1 0 459.095) 525 (0 0 463) 181 (1 0 559) 381 (0 0 574.875) 151 (1 0 598) 175 (1 1 610.628) 351 (0 1 615.21) 375 (0 0 619.092) 439 (0 0 720) 


Data DARP: datafile9.txt
Transfers: 1
Relative MRT: 1
MRT factor: 1.5
Speed factor PT : 1
PT interval: 10
Iterations: 25000
Iter without impr: 500
Max removal pct: 0.3
Max deterior pct: 0.04
Clustered removal: 0
IDARP adapted: 1
Without operator:  0
Terminals per node: 3
Priority non PT: 0
Priority PT: 0
Priority long: 0
Priority short: 0
Current iteration: 15000
Total distance: 2345.03
Computation time: 15364
Average ride time: 22.4427
Pct PT users: 0.355
Users PT: 4 5 8 9 10 11 14 15 16 17 20 21 26 27 28 29 38 39 42 43 48 49 58 59 60 61 66 67 69 72 73 84 85 88 89 90 91 96 97 98 99 108 109 116 117 120 121 122 123 124 125 126 127 134 135 136 137 152 153 154 155 158 159 166 167 176 177 184 185 186 187 

- route 0: 400 (0 0 217.877) 20 (1 0 218.517) 460 (0 0 221) 706 (1 0 225.277) 266 (0 0 229.389) 46 (0 1 259.12) 152 (1 1 287.088) 592 (0 1 289) 246 (0 0 303.501) 47 (0 1 400) 36 (0 2 429.569) 236 (0 1 438) 247 (0 0 444.382) 67 (1 0 466.889) 507 (0 0 471) 45 (1 0 513) 245 (0 0 516.991) 135 (1 0 519.137) 575 (0 0 521) 661 (1 0 522.097) 221 (0 0 524.863) 420 (0 0 720) 

- route 1: 401 (0 0 81.2736) 38 (1 0 84.93) 478 (0 0 89) 774 (1 0 291.01) 334 (0 0 292.873) 18 (1 0 301.997) 218 (0 0 312.192) 10 (1 0 315.584) 450 (0 0 317) 679 (1 0 358.566) 239 (0 0 362.636) 12 (1 0 384.015) 212 (0 0 394) 689 (1 0 425.489) 249 (0 0 431.52) 42 (1 0 484.403) 482 (0 0 487) 33 (0 1 520.903) 137 (1 1 540) 577 (0 1 547) 233 (0 0 554.553) 19 (1 0 574.736) 13 (2 0 582) 219 (1 0 586.656) 213 (0 0 596.477) 159 (1 0 626.675) 599 (0 0 629) 421 (0 0 720) 

- route 2: 402 (0 0 105.015) 16 (1 0 110.779) 456 (0 0 113) 48 (1 0 208.969) 488 (0 0 215) 24 (1 0 303.294) 50 (2 0 322.166) 224 (1 0 325.978) 250 (0 0 331.079) 57 (1 0 334.587) 17 (2 0 341.146) 457 (1 0 345) 257 (0 0 349.985) 71 (1 0 570.915) 25 (2 0 578) 271 (1 0 586.053) 225 (0 0 606.574) 683 (1 0 634.797) 243 (0 0 637.345) 422 (0 0 720) 

- route 3: 403 (0 0 99.2023) 2 (1 0 106.568) 202 (0 0 114) 26 (1 0 187.45) 4 (2 0 191.241) 466 (1 0 194) 444 (0 0 195) 14 (1 0 265.444) 454 (0 0 267) 30 (0 1 324.92) 230 (0 0 331.967) 28 (1 0 340.239) 468 (0 0 343) 125 (1 0 461) 565 (0 0 469) 117 (1 0 525) 557 (0 0 533) 669 (1 0 554.709) 229 (0 0 557.47) 1 (0 1 616) 201 (0 0 630.621) 423 (0 0 720) 

- route 4: 404 (0 0 162.059) 195 (1 0 165.274) 8 (2 0 170.74) 448 (1 0 173) 395 (0 0 212.818) 179 (1 0 220.261) 379 (0 0 224.404) 61 (1 0 228.622) 501 (0 0 231) 738 (1 0 234.293) 298 (0 0 235.643) 188 (0 1 262) 388 (0 0 285) 82 (1 0 295.812) 185 (2 0 299.642) 625 (1 0 303) 282 (0 0 310.969) 95 (1 0 359.436) 295 (0 0 366.095) 64 (1 0 373.322) 62 (1 1 378.436) 264 (0 1 383.521) 0 (0 2 397.518) 262 (0 1 407) 200 (0 0 412.139) 31 (0 1 559) 231 (0 0 568.07) 91 (1 0 576.74) 531 (0 0 579) 424 (0 0 720) 

- route 5: 405 (0 0 141.763) 52 (1 0 144.257) 252 (0 0 147.688) 656 (1 0 148.976) 216 (0 0 152) 88 (1 0 185.095) 528 (0 0 189) 66 (1 0 198.345) 506 (0 0 201) 53 (1 0 236) 253 (0 0 240.645) 54 (1 0 249.753) 701 (2 0 252.518) 254 (1 0 254.774) 261 (0 0 256.432) 96 (1 0 288.294) 536 (0 0 291) 707 (1 0 494.954) 267 (0 0 497.933) 737 (1 0 506.477) 297 (0 0 509.183) 731 (1 0 603.726) 291 (0 0 605.547) 425 (0 0 720) 

- route 6: 406 (0 0 57.5793) 72 (1 0 59.5358) 512 (0 0 61) 816 (1 0 91.8522) 376 (0 0 96) 177 (1 0 237) 617 (0 0 243) 84 (1 0 298.35) 524 (0 0 301) 76 (1 0 337.167) 650 (2 0 344.227) 210 (1 0 346.78) 649 (2 0 366.066) 209 (1 0 368.326) 276 (0 0 383) 77 (1 0 535.298) 63 (1 1 549) 263 (1 0 572.052) 277 (0 0 582.11) 426 (0 0 720) 

- route 7: 407 (0 0 172.764) 80 (0 1 173.99) 280 (0 0 178.159) 94 (1 0 187.547) 294 (0 0 194.206) 98 (1 0 199.573) 538 (0 0 204.803) 762 (1 0 208.631) 322 (0 0 209.941) 58 (1 0 227.093) 498 (0 0 231.029) 713 (1 0 232.029) 273 (0 0 233.493) 56 (1 0 246.162) 256 (0 0 256.761) 93 (0 1 267) 293 (0 0 296.089) 668 (1 0 368.709) 228 (0 0 371.023) 81 (0 1 374.989) 281 (0 0 379.159) 55 (1 0 383.709) 255 (0 0 387.706) 123 (1 0 389.69) 563 (0 0 391) 699 (1 0 536.222) 259 (0 0 539.996) 11 (1 0 581) 451 (0 0 585) 427 (0 0 720) 

- route 8: 408 (0 0 57.2729) 60 (1 0 58.5565) 500 (0 0 61) 824 (1 0 106.322) 384 (0 0 109.68) 198 (0 1 159.819) 398 (0 0 176) 199 (0 1 300) 399 (0 0 322.772) 165 (1 0 353) 365 (0 0 361.238) 166 (1 0 404.255) 606 (0 0 407) 158 (1 0 412.312) 598 (0 0 415) 103 (0 1 433) 303 (0 0 464.21) 765 (1 0 502.956) 325 (0 0 506.188) 767 (1 0 512.803) 141 (2 0 514.635) 341 (1 0 519.888) 327 (0 0 524.01) 775 (1 0 541.01) 335 (0 0 542.886) 749 (1 0 559.231) 309 (0 0 561.599) 87 (0 1 608.157) 287 (0 0 631.764) 709 (1 0 637.286) 269 (0 0 639.201) 428 (0 0 720) 

- route 9: 409 (0 0 149.135) 92 (0 1 150.076) 78 (0 2 155.083) 292 (0 1 175) 278 (0 0 191.695) 162 (1 0 201.212) 182 (1 1 202.955) 362 (0 1 230.972) 382 (0 0 236) 3 (1 0 244) 203 (0 0 254.648) 34 (1 0 317.575) 41 (2 0 320.658) 241 (1 0 325.487) 234 (0 0 330) 657 (1 0 381.585) 217 (0 0 383.806) 35 (1 0 442.957) 798 (2 0 450.42) 358 (1 0 452.745) 235 (0 0 458.002) 667 (1 0 486.351) 227 (0 0 490.943) 725 (1 0 506.755) 285 (0 0 509.405) 83 (1 0 523.574) 29 (2 0 526.685) 469 (1 0 529) 283 (0 0 538.73) 65 (1 0 643) 265 (0 0 653.202) 429 (0 0 720) 

- route 10: 410 (0 0 163.922) 122 (1 0 165.961) 562 (0 0 169) 644 (1 0 221.461) 666 (2 0 222.461) 226 (1 0 223.812) 204 (0 0 227) 116 (1 0 233.228) 556 (0 0 237) 124 (1 0 243.325) 564 (0 0 245.807) 112 (1 0 249.895) 6 (1 1 267.755) 312 (0 1 294) 206 (0 0 309.18) 7 (0 1 456) 68 (1 1 470.236) 207 (1 0 491.218) 268 (0 0 499) 69 (1 0 602.076) 509 (0 0 607) 651 (1 0 610.78) 211 (0 0 612.196) 133 (0 1 619.615) 37 (0 2 628) 237 (0 1 638.996) 333 (0 0 655.249) 430 (0 0 720) 

- route 11: 411 (0 0 133.623) 106 (1 0 136.834) 74 (1 1 162.35) 306 (0 1 167) 274 (0 0 181.472) 75 (0 1 264) 275 (0 0 283.122) 107 (1 0 341) 86 (1 1 357.27) 307 (0 1 380.353) 286 (0 0 391.181) 15 (1 0 405) 455 (0 0 409) 763 (1 0 430.631) 323 (0 0 433.67) 27 (1 0 457.648) 467 (0 0 459) 682 (1 0 500.475) 242 (0 0 503.585) 153 (1 0 517.841) 593 (0 0 521) 143 (0 1 562) 343 (0 0 575.459) 119 (1 0 621) 319 (0 0 628.419) 431 (0 0 720) 

- route 12: 412 (0 0 85.4466) 110 (0 1 88.7375) 310 (0 0 101) 678 (1 0 114.566) 238 (0 0 116.056) 728 (1 0 234.303) 288 (0 0 238.953) 111 (0 1 285) 128 (1 1 292.427) 328 (0 1 300.061) 311 (0 0 301.894) 108 (1 0 314.632) 548 (0 0 317) 132 (0 1 335.196) 9 (1 1 339.161) 449 (0 1 343) 44 (1 1 361.588) 244 (0 1 365.367) 332 (0 0 370.83) 776 (1 0 393.745) 336 (0 0 395.304) 645 (1 0 406.907) 205 (0 0 409.913) 49 (1 0 413.364) 489 (0 0 417) 183 (0 1 427.326) 730 (1 1 432.512) 655 (2 1 433.512) 215 (1 1 435.068) 290 (0 1 437.986) 383 (0 0 473.851) 157 (0 1 488) 357 (0 0 501.515) 827 (1 0 536.086) 387 (0 0 539.733) 793 (1 0 545.061) 353 (0 0 546.972) 101 (1 0 609) 301 (0 0 646.468) 432 (0 0 720) 

- route 13: 413 (0 0 179.681) 120 (1 0 181.983) 560 (0 0 185) 140 (1 0 301.662) 340 (0 0 306.915) 126 (1 0 310.583) 566 (0 0 315) 39 (1 0 331.511) 479 (0 0 333) 736 (1 0 334.477) 296 (0 0 340.418) 146 (1 0 352.308) 136 (2 0 356.257) 576 (1 0 357.985) 346 (0 0 364) 118 (1 0 402.777) 318 (0 0 408.056) 761 (1 0 409.534) 321 (0 0 411.361) 89 (1 0 418.35) 529 (0 0 423) 97 (1 0 457.059) 537 (0 0 463) 155 (1 0 558.226) 595 (0 0 563) 139 (1 0 586.832) 339 (0 0 594.878) 167 (1 0 597.836) 607 (0 0 601) 105 (1 0 605) 305 (0 0 614.54) 433 (0 0 720) 

- route 14: 414 (0 0 100.029) 712 (1 0 102.029) 272 (0 0 105.606) 144 (1 0 149.575) 344 (0 0 158) 145 (1 0 289) 345 (0 0 301.137) 792 (1 0 313.061) 352 (0 0 316.219) 148 (1 0 321.343) 190 (2 0 339.341) 390 (1 0 345.312) 348 (0 0 348) 173 (1 0 445) 373 (0 0 455.995) 59 (1 0 498) 499 (0 0 501) 149 (1 0 586.967) 795 (2 0 591.98) 355 (1 0 595.076) 349 (0 0 612.279) 43 (1 0 618.162) 483 (0 0 621) 434 (0 0 720) 

- route 15: 415 (0 0 83.6797) 700 (1 0 83.6797) 260 (0 0 86.3666) 178 (1 0 114.857) 378 (0 0 119) 196 (0 1 152.229) 164 (1 1 159.564) 364 (0 1 165.389) 396 (0 0 182) 648 (1 0 196.066) 208 (0 0 199.905) 130 (1 0 230.323) 330 (0 0 235) 102 (0 1 250.37) 197 (0 2 255.553) 114 (1 2 258.922) 314 (0 2 263) 302 (0 1 281.58) 397 (0 0 290.796) 825 (1 0 318.322) 385 (0 0 321.575) 154 (1 0 323.904) 594 (0 0 327) 766 (1 0 341.239) 748 (2 0 342.239) 308 (1 0 344.519) 326 (0 0 347.218) 99 (1 0 358) 539 (0 0 361) 168 (1 0 370.598) 368 (0 0 373.496) 121 (1 0 377.521) 561 (0 0 379.732) 174 (0 1 381.789) 150 (1 1 387.599) 374 (1 0 390.181) 350 (0 0 402.477) 104 (1 0 409.307) 304 (0 0 416) 806 (1 0 423.615) 366 (0 0 426.779) 187 (1 0 518.155) 627 (0 0 521) 147 (1 0 561.24) 757 (2 0 567.255) 317 (1 0 569.485) 347 (0 0 574.021) 777 (1 0 576.762) 337 (0 0 579.047) 151 (1 0 598) 175 (1 1 610.628) 351 (0 1 615.21) 375 (0 0 619.092) 435 (0 0 720) 

- route 16: 416 (0 0 211.613) 760 (1 0 213.613) 320 (0 0 215.823) 172 (1 0 245.336) 372 (0 0 253) 660 (1 0 262.339) 220 (0 0 263.629) 698 (1 0 266.968) 258 (0 0 269.089) 817 (1 0 282.444) 377 (0 0 285.239) 156 (0 1 290.99) 356 (0 0 301) 186 (1 0 337.353) 626 (0 0 341) 79 (0 1 344.058) 70 (1 1 360.575) 270 (0 1 371) 279 (0 0 380.669) 739 (1 0 388.841) 299 (0 0 394.071) 113 (1 0 396.712) 163 (2 0 418) 313 (1 0 439.395) 363 (0 0 457.225) 21 (1 0 479.752) 461 (0 0 483) 127 (1 0 487.374) 567 (0 0 489) 109 (1 0 528.243) 169 (2 0 530) 369 (1 0 532.948) 549 (0 0 535) 191 (1 0 571) 391 (0 0 579.456) 436 (0 0 720) 

- route 17: 417 (0 0 84.8915) 184 (1 0 87.7472) 624 (0 0 91) 170 (0 1 140.701) 370 (0 0 160) 171 (0 1 293.688) 371 (0 0 312.987) 180 (1 0 318.083) 380 (0 0 329) 724 (1 0 344.755) 284 (0 0 348.66) 161 (1 0 388) 361 (0 0 416.769) 192 (1 0 455.145) 392 (0 0 461) 193 (1 0 618) 393 (0 0 626.282) 437 (0 0 720) 

- route 18: 418 (0 0 57.9992) 194 (1 0 66.9705) 394 (0 0 99) 22 (0 1 186.673) 222 (0 0 197) 40 (1 0 216.882) 240 (0 0 221.711) 688 (1 0 223.489) 248 (0 0 227.125) 756 (1 0 271.658) 316 (0 0 274) 764 (1 0 284.26) 324 (0 0 288.513) 32 (0 1 311.643) 23 (0 2 319.914) 223 (0 1 330.241) 232 (0 0 345.154) 138 (1 0 353.131) 826 (2 0 355.73) 386 (1 0 358.931) 338 (0 0 364.7) 100 (1 0 373.568) 5 (2 0 375.856) 445 (1 0 379) 300 (0 0 404.457) 90 (1 0 409.179) 530 (0 0 411) 729 (1 0 468.303) 289 (0 0 472.208) 51 (1 0 485.504) 189 (1 1 492) 251 (0 1 496.542) 389 (0 0 525) 807 (1 0 619.105) 367 (0 0 620.36) 438 (0 0 720) 

- route 19: 419 (0 0 44.8972) 176 (1 0 49.7385) 616 (0 0 53) 160 (1 0 151.487) 360 (0 0 171) 73 (1 0 187.423) 513 (0 0 191) 134 (1 0 269.125) 574 (0 0 271) 654 (1 0 291.543) 214 (0 0 294) 131 (1 0 349.037) 331 (0 0 353.714) 794 (1 0 356.226) 354 (0 0 361) 142 (0 1 402.028) 342 (0 0 412) 129 (1 0 416.458) 329 (0 0 424.093) 115 (1 0 427) 315 (0 0 432.617) 85 (1 0 459.095) 525 (0 0 463) 181 (1 0 559) 381 (0 0 574.875) 799 (1 0 664.42) 359 (0 0 667.108) 439 (0 0 720) 


Data DARP: datafile9.txt
Transfers: 1
Relative MRT: 1
MRT factor: 1.5
Speed factor PT : 1
PT interval: 10
Iterations: 25000
Iter without impr: 500
Max removal pct: 0.3
Max deterior pct: 0.04
Clustered removal: 0
IDARP adapted: 1
Without operator:  0
Terminals per node: 3
Priority non PT: 0
Priority PT: 0
Priority long: 0
Priority short: 0
Current iteration: 20000
Total distance: 2341.89
Computation time: 20647.9
Average ride time: 22.4329
Pct PT users: 0.35
Users PT: 4 5 8 9 10 11 14 15 16 17 20 21 26 27 28 29 38 39 42 43 48 49 58 59 60 61 66 67 69 72 73 84 85 88 89 90 91 96 97 98 108 109 116 117 120 121 122 123 124 125 126 127 134 135 136 137 152 153 154 155 158 159 166 167 176 177 184 185 186 187 

- route 0: 400 (0 0 81.2736) 38 (1 0 84.93) 478 (0 0 89) 774 (1 0 291.01) 334 (0 0 292.873) 18 (1 0 301.997) 218 (0 0 312.192) 10 (1 0 315.584) 450 (0 0 317) 679 (1 0 358.566) 239 (0 0 362.636) 12 (1 0 384.015) 212 (0 0 394) 689 (1 0 425.489) 249 (0 0 431.52) 42 (1 0 484.403) 482 (0 0 487) 33 (0 1 520.903) 137 (1 1 540) 577 (0 1 547) 233 (0 0 554.553) 19 (1 0 574.736) 13 (2 0 582) 219 (1 0 586.656) 213 (0 0 596.477) 159 (1 0 626.675) 599 (0 0 629) 420 (0 0 720) 

- route 1: 401 (0 0 99.2023) 2 (1 0 106.568) 202 (0 0 114) 26 (1 0 187.45) 4 (2 0 191.241) 444 (1 0 194) 466 (0 0 195) 14 (1 0 265.444) 454 (0 0 267) 30 (0 1 324.92) 230 (0 0 331.967) 28 (1 0 340.239) 468 (0 0 343) 125 (1 0 458.747) 565 (0 0 463) 117 (1 0 525) 557 (0 0 533) 669 (1 0 554.709) 229 (0 0 557.47) 1 (0 1 616) 201 (0 0 630.621) 421 (0 0 720) 

- route 2: 402 (0 0 105.015) 16 (1 0 110.779) 456 (0 0 113) 48 (1 0 208.969) 488 (0 0 215) 24 (1 0 303.294) 50 (2 0 322.166) 224 (1 0 325.978) 250 (0 0 331.079) 57 (1 0 334.587) 17 (2 0 341.146) 457 (1 0 345) 257 (0 0 349.985) 71 (1 0 570.915) 25 (2 0 578) 271 (1 0 586.053) 225 (0 0 606.574) 683 (1 0 634.797) 243 (0 0 637.345) 422 (0 0 720) 

- route 3: 403 (0 0 162.059) 195 (1 0 165.274) 8 (2 0 170.74) 448 (1 0 173) 395 (0 0 212.818) 179 (1 0 220.261) 379 (0 0 224.404) 61 (1 0 228.622) 501 (0 0 231) 738 (1 0 234.293) 298 (0 0 235.643) 188 (0 1 262) 388 (0 0 285) 82 (1 0 295.812) 185 (2 0 299.642) 625 (1 0 303) 282 (0 0 310.969) 95 (1 0 359.436) 295 (0 0 366.095) 64 (1 0 373.322) 62 (1 1 378.436) 264 (0 1 383.521) 0 (0 2 397.518) 262 (0 1 407) 200 (0 0 412.139) 31 (0 1 559) 231 (0 0 568.07) 91 (1 0 576.74) 531 (0 0 579) 423 (0 0 720) 

- route 4: 404 (0 0 217.877) 20 (1 0 218.517) 460 (0 0 221) 706 (1 0 225.277) 266 (0 0 229.389) 46 (0 1 259.12) 152 (1 1 287.088) 592 (0 1 289) 246 (0 0 303.501) 47 (0 1 400) 36 (0 2 429.569) 236 (0 1 438) 247 (0 0 444.382) 67 (1 0 466.889) 507 (0 0 471) 45 (1 0 513) 245 (0 0 516.991) 135 (1 0 519.137) 575 (0 0 521) 661 (1 0 532.097) 221 (0 0 534.863) 424 (0 0 720) 

- route 5: 405 (0 0 57.2729) 60 (1 0 58.5565) 500 (0 0 61) 824 (1 0 106.322) 384 (0 0 109.68) 198 (0 1 159.819) 398 (0 0 176) 199 (0 1 300) 399 (0 0 322.772) 190 (1 0 338.526) 748 (2 0 342.257) 390 (1 0 345.708) 308 (0 0 347.989) 766 (1 0 355.593) 326 (0 0 357.218) 168 (1 0 370.598) 368 (0 0 373.496) 121 (1 0 377.521) 561 (0 0 379.732) 174 (0 1 381.789) 150 (1 1 387.599) 374 (1 0 390.181) 350 (0 0 402.477) 104 (1 0 409.307) 304 (0 0 416) 806 (1 0 423.615) 366 (0 0 426.779) 187 (1 0 518.155) 627 (0 0 521) 749 (1 0 559.231) 309 (0 0 561.599) 87 (0 1 608.157) 287 (0 0 631.764) 709 (1 0 637.286) 269 (0 0 639.201) 425 (0 0 720) 

- route 6: 406 (0 0 141.763) 52 (1 0 144.257) 252 (0 0 147.688) 656 (1 0 148.976) 216 (0 0 152) 88 (1 0 185.095) 528 (0 0 189) 66 (1 0 198.345) 506 (0 0 201) 53 (1 0 236) 253 (0 0 240.645) 54 (1 0 249.753) 701 (2 0 252.518) 254 (1 0 254.774) 261 (0 0 256.432) 96 (1 0 288.294) 536 (0 0 291) 737 (1 0 506.477) 297 (0 0 509.183) 731 (1 0 603.726) 291 (0 0 605.547) 426 (0 0 720) 

- route 7: 407 (0 0 57.5793) 72 (1 0 59.5358) 512 (0 0 61) 816 (1 0 91.8522) 376 (0 0 96) 177 (1 0 237) 617 (0 0 243) 84 (1 0 298.35) 524 (0 0 301) 76 (1 0 337.167) 650 (2 0 344.227) 210 (1 0 346.78) 649 (2 0 366.066) 209 (1 0 368.326) 276 (0 0 383) 77 (1 0 535.298) 63 (1 1 549) 263 (1 0 572.052) 277 (0 0 582.11) 427 (0 0 720) 

- route 8: 408 (0 0 149.135) 92 (0 1 150.076) 78 (0 2 155.083) 292 (0 1 175) 278 (0 0 191.695) 162 (1 0 201.212) 182 (1 1 202.955) 362 (0 1 230.972) 382 (0 0 236) 3 (1 0 244) 203 (0 0 254.648) 34 (1 0 317.575) 41 (2 0 320.658) 241 (1 0 325.487) 234 (0 0 330) 657 (1 0 381.585) 217 (0 0 383.806) 35 (1 0 442.957) 798 (2 0 450.42) 358 (1 0 452.745) 235 (0 0 458.002) 667 (1 0 484.867) 227 (0 0 489.459) 725 (1 0 506.755) 285 (0 0 509.405) 83 (1 0 523.574) 29 (2 0 526.685) 469 (1 0 529) 283 (0 0 538.73) 65 (1 0 643) 265 (0 0 653.202) 428 (0 0 720) 

- route 9: 409 (0 0 172.764) 80 (0 1 173.99) 280 (0 0 178.159) 94 (1 0 187.547) 294 (0 0 194.206) 98 (1 0 199.573) 538 (0 0 204.803) 762 (1 0 208.631) 322 (0 0 209.941) 58 (1 0 227.093) 498 (0 0 231.029) 713 (1 0 232.029) 273 (0 0 233.493) 56 (1 0 246.162) 256 (0 0 256.761) 93 (0 1 267) 293 (0 0 296.089) 668 (1 0 368.709) 228 (0 0 371.023) 81 (0 1 374.989) 281 (0 0 379.159) 55 (1 0 383.709) 255 (0 0 387.706) 123 (1 0 389.69) 563 (0 0 391) 90 (1 0 409.179) 530 (0 0 411) 729 (1 0 478.303) 289 (0 0 482.208) 51 (1 0 497) 251 (0 0 508.037) 699 (1 0 536.222) 259 (0 0 539.996) 11 (1 0 581) 451 (0 0 585) 429 (0 0 720) 

- route 10: 410 (0 0 100.029) 712 (1 0 102.029) 272 (0 0 105.606) 73 (1 0 187.423) 513 (0 0 191) 112 (1 0 249.895) 6 (1 1 267.755) 312 (0 1 294) 206 (0 0 309.18) 7 (0 1 456) 68 (1 1 470.236) 207 (1 0 491.218) 268 (0 0 499) 69 (1 0 602.076) 509 (0 0 607) 651 (1 0 610.78) 211 (0 0 612.196) 133 (0 1 619.615) 37 (0 2 628) 237 (0 1 638.996) 333 (0 0 655.249) 430 (0 0 720) 

- route 11: 411 (0 0 163.922) 122 (1 0 165.961) 562 (0 0 169) 120 (1 0 181.983) 560 (0 0 185) 130 (1 0 216.851) 330 (0 0 221.529) 666 (1 0 223.352) 226 (0 0 224.704) 134 (1 0 269.125) 574 (0 0 271) 654 (1 0 291.543) 214 (0 0 294) 131 (1 0 349.037) 331 (0 0 353.714) 794 (1 0 356.226) 354 (0 0 361) 155 (1 0 558.226) 595 (0 0 563) 139 (1 0 586.832) 339 (0 0 594.878) 167 (1 0 597.836) 607 (0 0 601) 105 (1 0 605) 305 (0 0 614.54) 431 (0 0 720) 

- route 12: 412 (0 0 148.315) 144 (1 0 149.575) 344 (0 0 158) 145 (1 0 289) 345 (0 0 301.137) 792 (1 0 312.39) 352 (0 0 315.549) 148 (1 0 320.635) 186 (2 0 335.659) 626 (1 0 339.306) 348 (0 0 348) 173 (1 0 445) 373 (0 0 455.995) 59 (1 0 498) 499 (0 0 501) 149 (1 0 586.967) 795 (2 0 591.98) 355 (1 0 595.076) 349 (0 0 612.279) 43 (1 0 618.162) 483 (0 0 621) 432 (0 0 720) 

- route 13: 413 (0 0 85.4466) 110 (0 1 88.7375) 310 (0 0 101) 678 (1 0 114.566) 238 (0 0 116.056) 728 (1 0 234.303) 288 (0 0 238.953) 111 (0 1 285) 128 (1 1 292.427) 328 (0 1 300.061) 311 (0 0 301.894) 108 (1 0 314.632) 548 (0 0 317) 132 (0 1 335.196) 9 (1 1 339.161) 449 (0 1 343) 44 (1 1 361.588) 244 (0 1 365.367) 332 (0 0 370.83) 776 (1 0 393.745) 336 (0 0 395.304) 645 (1 0 406.907) 205 (0 0 409.913) 49 (1 0 413.364) 489 (0 0 417) 183 (0 1 427.326) 655 (1 1 432.512) 730 (2 1 433.512) 215 (1 1 435.068) 290 (0 1 437.986) 383 (0 0 470.87) 127 (1 0 476.518) 567 (0 0 479) 157 (0 1 488) 357 (0 0 501.515) 827 (1 0 536.086) 387 (0 0 539.733) 793 (1 0 545.061) 353 (0 0 546.972) 101 (1 0 609) 301 (0 0 646.468) 433 (0 0 720) 

- route 14: 414 (0 0 133.623) 106 (1 0 136.834) 74 (1 1 162.35) 306 (0 1 167) 274 (0 0 181.472) 75 (0 1 264) 275 (0 0 283.122) 107 (1 0 341) 86 (1 1 357.27) 307 (0 1 380.353) 286 (0 0 389.413) 142 (0 1 399.112) 15 (1 1 405) 455 (0 1 408.073) 342 (0 0 412) 129 (1 0 415.675) 329 (0 0 423.309) 89 (1 0 428.35) 529 (0 0 433) 97 (1 0 457.059) 537 (0 0 463) 767 (1 0 508.737) 327 (0 0 513.154) 141 (1 0 528) 341 (0 0 535.209) 775 (1 0 541.01) 335 (0 0 542.886) 143 (0 1 562) 343 (0 0 575.459) 119 (1 0 621) 319 (0 0 628.419) 434 (0 0 720) 

- route 15: 415 (0 0 57.9992) 194 (1 0 66.9705) 394 (0 0 99) 22 (0 1 186.673) 222 (0 0 197) 40 (1 0 216.882) 240 (0 0 221.711) 688 (1 0 223.489) 248 (0 0 227.125) 756 (1 0 262.525) 316 (0 0 264.867) 764 (1 0 286.614) 324 (0 0 290.867) 32 (0 1 309.949) 23 (0 2 318.22) 223 (0 1 328.547) 232 (0 0 343.46) 138 (1 0 351.437) 826 (2 0 354.036) 386 (1 0 357.237) 338 (0 0 363.006) 100 (1 0 373.568) 5 (2 0 375.856) 445 (1 0 379) 300 (0 0 411.036) 189 (0 1 490.854) 707 (1 1 495.277) 267 (0 1 497.933) 389 (0 0 523.854) 807 (1 0 619.105) 367 (0 0 620.36) 435 (0 0 720) 

- route 16: 416 (0 0 211.613) 760 (1 0 213.613) 320 (0 0 215.823) 172 (1 0 245.336) 372 (0 0 253) 660 (1 0 262.339) 220 (0 0 263.629) 698 (1 0 266.968) 258 (0 0 269.089) 817 (1 0 282.444) 377 (0 0 285.239) 156 (0 1 290.99) 356 (0 0 301) 165 (1 0 353) 365 (0 0 361.238) 166 (1 0 404.255) 606 (0 0 407) 158 (1 0 412.312) 598 (0 0 415) 103 (0 1 431.604) 27 (1 1 452.205) 303 (1 0 454.457) 467 (0 0 459) 765 (1 0 495.51) 325 (0 0 497.993) 682 (1 0 500.475) 242 (0 0 503.585) 153 (1 0 517.841) 593 (0 0 521) 147 (1 0 561.24) 757 (2 0 567.255) 317 (1 0 569.485) 347 (0 0 574.021) 777 (1 0 576.762) 337 (0 0 579.047) 151 (1 0 598) 175 (1 1 610.628) 351 (0 1 615.21) 375 (0 0 619.092) 436 (0 0 720) 

- route 17: 417 (0 0 83.6797) 700 (1 0 83.6797) 260 (0 0 86.3666) 178 (1 0 114.857) 378 (0 0 119) 196 (0 1 152.229) 164 (1 1 159.564) 364 (0 1 165.389) 396 (0 0 182) 648 (1 0 196.066) 208 (0 0 199.905) 140 (1 0 307.747) 340 (0 0 313) 126 (1 0 320.583) 566 (0 0 325) 39 (1 0 331.511) 479 (0 0 333) 736 (1 0 334.477) 296 (0 0 340.418) 146 (1 0 352.308) 136 (2 0 356.257) 576 (1 0 357.985) 346 (0 0 364) 161 (1 0 388) 361 (0 0 416.769) 192 (1 0 455.145) 392 (0 0 461) 193 (1 0 618) 393 (0 0 626.282) 437 (0 0 720) 

- route 18: 418 (0 0 84.8915) 184 (1 0 87.7472) 624 (0 0 91) 170 (0 1 140.701) 370 (0 0 160) 171 (0 1 293.688) 371 (0 0 312.987) 180 (1 0 318.083) 380 (0 0 329) 724 (1 0 344.755) 284 (0 0 348.66) 118 (1 0 402.777) 318 (0 0 408.056) 761 (1 0 409.534) 321 (0 0 411.361) 115 (1 0 424.447) 315 (0 0 428.525) 763 (1 0 430.631) 323 (0 0 433.67) 85 (1 0 459.095) 525 (0 0 463) 181 (1 0 559) 381 (0 0 574.875) 799 (1 0 664.42) 359 (0 0 667.108) 438 (0 0 720) 

- route 19: 419 (0 0 44.8972) 176 (1 0 49.7385) 616 (0 0 53) 160 (1 0 151.487) 360 (0 0 171) 116 (1 0 219.987) 556 (0 0 223.759) 644 (1 0 224.759) 204 (0 0 227) 124 (1 0 245.678) 564 (0 0 248.91) 102 (0 1 250.37) 197 (0 2 255.553) 114 (1 2 258.922) 314 (0 2 263) 302 (0 1 281.58) 397 (0 0 290.796) 825 (1 0 318.322) 385 (0 0 321.575) 154 (1 0 327.864) 594 (0 0 331) 79 (0 1 336.549) 99 (1 1 344.326) 70 (2 1 356.741) 279 (2 0 366.804) 270 (1 0 371) 299 (0 0 380.397) 113 (1 0 396.712) 163 (2 0 418) 313 (1 0 439.395) 363 (0 0 457.225) 21 (1 0 489.752) 461 (0 0 493) 109 (1 0 528.243) 169 (2 0 530) 369 (1 0 532.948) 549 (0 0 535) 191 (1 0 571) 391 (0 0 579.456) 439 (0 0 720) 


Data DARP: datafile9.txt
Transfers: 1
Relative MRT: 1
MRT factor: 1.5
Speed factor PT : 1
PT interval: 10
Iterations: 25000
Iter without impr: 500
Max removal pct: 0.3
Max deterior pct: 0.04
Clustered removal: 0
IDARP adapted: 1
Without operator:  0
Terminals per node: 3
Priority non PT: 0
Priority PT: 0
Priority long: 0
Priority short: 0
Current iteration: 25000
Total distance: 2341.79
Computation time: 25439.8
Average ride time: 22.3911
Pct PT users: 0.35
Users PT: 4 5 8 9 10 11 14 15 16 17 20 21 26 27 28 29 38 39 42 43 48 49 58 59 60 61 66 67 69 72 73 84 85 88 89 90 91 96 97 98 108 109 116 117 120 121 122 123 124 125 126 127 134 135 136 137 152 153 154 155 158 159 166 167 176 177 184 185 186 187 

- route 0: 400 (0 0 99.2023) 2 (1 0 106.568) 202 (0 0 114) 26 (1 0 187.45) 4 (2 0 191.241) 444 (1 0 194) 466 (0 0 195) 14 (1 0 265.444) 454 (0 0 267) 30 (0 1 324.92) 230 (0 0 331.967) 28 (1 0 340.239) 468 (0 0 343) 125 (1 0 458.747) 565 (0 0 463) 117 (1 0 525) 557 (0 0 533) 669 (1 0 554.709) 229 (0 0 557.47) 1 (0 1 605.201) 651 (1 1 610.78) 211 (0 1 612.196) 201 (0 0 619.821) 420 (0 0 720) 

- route 1: 401 (0 0 81.2736) 38 (1 0 84.93) 478 (0 0 89) 774 (1 0 291.01) 334 (0 0 292.873) 18 (1 0 301.997) 218 (0 0 312.192) 10 (1 0 315.584) 450 (0 0 317) 679 (1 0 358.566) 239 (0 0 362.636) 12 (1 0 384.015) 212 (0 0 394) 689 (1 0 425.489) 249 (0 0 431.52) 42 (1 0 484.403) 482 (0 0 487) 33 (0 1 520.903) 137 (1 1 540) 577 (0 1 547) 233 (0 0 554.553) 19 (1 0 574.736) 13 (2 0 582) 219 (1 0 586.656) 213 (0 0 596.477) 159 (1 0 626.675) 599 (0 0 629) 421 (0 0 720) 

- route 2: 402 (0 0 105.015) 16 (1 0 110.779) 456 (0 0 113) 48 (1 0 208.969) 488 (0 0 215) 24 (1 0 303.294) 50 (2 0 322.166) 224 (1 0 325.978) 250 (0 0 331.079) 57 (1 0 334.587) 17 (2 0 341.146) 457 (1 0 345) 257 (0 0 349.985) 71 (1 0 570.915) 25 (2 0 578) 271 (1 0 586.053) 225 (0 0 606.574) 683 (1 0 634.797) 243 (0 0 637.345) 422 (0 0 720) 

- route 3: 403 (0 0 162.059) 195 (1 0 165.274) 8 (2 0 170.74) 448 (1 0 173) 395 (0 0 212.818) 179 (1 0 220.261) 379 (0 0 224.404) 61 (1 0 228.622) 501 (0 0 231) 738 (1 0 234.293) 298 (0 0 235.643) 188 (0 1 262) 388 (0 0 285) 82 (1 0 295.812) 185 (2 0 299.642) 625 (1 0 303) 282 (0 0 310.969) 95 (1 0 359.436) 295 (0 0 366.095) 64 (1 0 373.322) 62 (1 1 378.436) 264 (0 1 383.521) 0 (0 2 397.518) 262 (0 1 407) 200 (0 0 412.139) 31 (0 1 559) 231 (0 0 568.07) 91 (1 0 576.74) 531 (0 0 579) 423 (0 0 720) 

- route 4: 404 (0 0 217.877) 20 (1 0 218.517) 460 (0 0 221) 706 (1 0 225.277) 266 (0 0 229.389) 46 (0 1 259.12) 152 (1 1 287.088) 592 (0 1 289) 246 (0 0 303.501) 47 (0 1 400) 36 (0 2 429.569) 236 (0 1 438) 247 (0 0 444.382) 67 (1 0 466.889) 507 (0 0 471) 45 (1 0 513) 245 (0 0 516.991) 135 (1 0 519.137) 575 (0 0 521) 661 (1 0 532.097) 221 (0 0 534.863) 424 (0 0 720) 

- route 5: 405 (0 0 57.2729) 60 (1 0 58.5565) 500 (0 0 61) 824 (1 0 106.322) 384 (0 0 109.68) 198 (0 1 159.819) 398 (0 0 176) 199 (0 1 300) 399 (0 0 322.772) 190 (1 0 338.526) 748 (2 0 342.257) 390 (1 0 345.708) 308 (0 0 347.989) 766 (1 0 355.593) 326 (0 0 357.218) 168 (1 0 370.598) 368 (0 0 373.496) 121 (1 0 377.521) 561 (0 0 379.732) 174 (0 1 381.789) 150 (1 1 387.599) 374 (1 0 390.181) 350 (0 0 402.477) 104 (1 0 409.307) 304 (0 0 416) 806 (1 0 423.615) 366 (0 0 426.779) 187 (1 0 518.155) 627 (0 0 521) 749 (1 0 559.231) 309 (0 0 561.599) 87 (0 1 613) 287 (0 0 639.817) 709 (1 0 645.339) 269 (0 0 647.254) 425 (0 0 720) 

- route 6: 406 (0 0 172.764) 80 (0 1 173.99) 280 (0 0 178.159) 94 (1 0 187.547) 294 (0 0 194.206) 98 (1 0 199.573) 538 (0 0 204.803) 762 (1 0 208.631) 322 (0 0 209.941) 58 (1 0 227.093) 498 (0 0 231.029) 713 (1 0 232.029) 273 (0 0 233.493) 56 (1 0 246.162) 256 (0 0 256.761) 93 (0 1 267) 293 (0 0 296.089) 668 (1 0 368.709) 228 (0 0 371.023) 81 (0 1 374.989) 281 (0 0 379.159) 55 (1 0 383.709) 255 (0 0 387.706) 123 (1 0 389.69) 563 (0 0 391) 90 (1 0 409.179) 530 (0 0 411) 729 (1 0 478.303) 289 (0 0 482.208) 51 (1 0 497) 251 (0 0 508.037) 699 (1 0 536.222) 259 (0 0 539.996) 11 (1 0 581) 451 (0 0 585) 426 (0 0 720) 

- route 7: 407 (0 0 57.5793) 72 (1 0 59.5358) 512 (0 0 61) 816 (1 0 91.8522) 376 (0 0 96) 177 (1 0 237) 617 (0 0 243) 84 (1 0 298.35) 524 (0 0 301) 76 (1 0 337.167) 650 (2 0 344.227) 210 (1 0 346.78) 649 (2 0 366.066) 209 (1 0 368.326) 276 (0 0 383) 77 (1 0 535.298) 63 (1 1 549) 263 (1 0 572.052) 277 (0 0 582.11) 427 (0 0 720) 

- route 8: 408 (0 0 149.135) 92 (0 1 150.076) 78 (0 2 155.083) 292 (0 1 175) 278 (0 0 191.695) 162 (1 0 201.212) 182 (1 1 202.955) 362 (0 1 230.972) 382 (0 0 236) 3 (1 0 244) 203 (0 0 254.648) 34 (1 0 317.575) 41 (2 0 320.658) 241 (1 0 325.487) 234 (0 0 330) 657 (1 0 381.585) 217 (0 0 383.806) 35 (1 0 442.957) 798 (2 0 450.42) 358 (1 0 452.745) 235 (0 0 458.002) 667 (1 0 484.867) 227 (0 0 489.459) 725 (1 0 506.755) 285 (0 0 509.405) 83 (1 0 523.574) 29 (2 0 526.685) 469 (1 0 529) 283 (0 0 538.73) 65 (1 0 643) 265 (0 0 653.202) 428 (0 0 720) 

- route 9: 409 (0 0 141.763) 52 (1 0 144.257) 252 (0 0 147.688) 656 (1 0 148.976) 216 (0 0 152) 88 (1 0 185.095) 528 (0 0 189) 66 (1 0 198.345) 506 (0 0 201) 53 (1 0 236) 253 (0 0 240.645) 54 (1 0 249.753) 701 (2 0 252.518) 254 (1 0 254.774) 261 (0 0 256.432) 96 (1 0 288.294) 536 (0 0 291) 737 (1 0 506.477) 297 (0 0 509.183) 731 (1 0 603.726) 291 (0 0 605.547) 429 (0 0 720) 

- route 10: 410 (0 0 100.029) 712 (1 0 102.029) 272 (0 0 105.606) 73 (1 0 187.423) 513 (0 0 191) 112 (1 0 249.895) 6 (1 1 267.755) 312 (0 1 294) 206 (0 0 309.18) 7 (0 1 456) 68 (1 1 470.236) 207 (1 0 491.218) 268 (0 0 499) 69 (1 0 610.129) 509 (0 0 614.279) 133 (0 1 619.615) 37 (0 2 628) 237 (0 1 638.996) 333 (0 0 655.249) 430 (0 0 720) 

- route 11: 411 (0 0 133.623) 106 (1 0 136.834) 74 (1 1 162.35) 306 (0 1 167) 274 (0 0 181.472) 75 (0 1 264) 275 (0 0 283.122) 107 (1 0 341) 86 (1 1 357.27) 307 (0 1 380.353) 286 (0 0 389.413) 142 (0 1 399.112) 15 (1 1 405) 455 (0 1 408.073) 342 (0 0 412) 129 (1 0 415.675) 329 (0 0 423.309) 89 (1 0 428.35) 529 (0 0 433) 97 (1 0 457.059) 537 (0 0 463) 767 (1 0 508.737) 327 (0 0 513.154) 141 (1 0 528) 341 (0 0 535.209) 775 (1 0 541.01) 335 (0 0 542.886) 143 (0 1 562) 343 (0 0 575.459) 119 (1 0 621) 319 (0 0 628.419) 431 (0 0 720) 

- route 12: 412 (0 0 221.461) 666 (1 0 221.461) 644 (2 0 222.461) 226 (1 0 223.812) 204 (0 0 227) 116 (1 0 233.228) 556 (0 0 237) 124 (1 0 263.383) 564 (0 0 265.865) 134 (1 0 269.125) 574 (0 0 271) 654 (1 0 291.543) 214 (0 0 294) 131 (1 0 349.037) 331 (0 0 353.714) 794 (1 0 356.226) 354 (0 0 361) 155 (1 0 558.226) 595 (0 0 563) 139 (1 0 586.832) 339 (0 0 594.878) 167 (1 0 597.836) 607 (0 0 601) 105 (1 0 605) 305 (0 0 614.54) 432 (0 0 720) 

- route 13: 413 (0 0 148.315) 144 (1 0 149.575) 344 (0 0 158) 145 (1 0 289) 345 (0 0 301.137) 792 (1 0 312.39) 352 (0 0 315.549) 148 (1 0 320.635) 186 (2 0 335.659) 626 (1 0 339.306) 348 (0 0 348) 173 (1 0 445) 373 (0 0 455.995) 59 (1 0 498) 499 (0 0 501) 149 (1 0 586.967) 795 (2 0 591.98) 355 (1 0 595.076) 349 (0 0 612.279) 43 (1 0 618.162) 483 (0 0 621) 433 (0 0 720) 

- route 14: 414 (0 0 85.4466) 110 (0 1 88.7375) 310 (0 0 101) 678 (1 0 114.566) 238 (0 0 116.056) 728 (1 0 234.303) 288 (0 0 238.953) 111 (0 1 285) 128 (1 1 292.427) 328 (0 1 300.061) 311 (0 0 301.894) 108 (1 0 314.632) 548 (0 0 317) 132 (0 1 335.196) 9 (1 1 339.161) 449 (0 1 343) 44 (1 1 361.588) 244 (0 1 365.367) 332 (0 0 370.83) 776 (1 0 393.745) 336 (0 0 395.304) 645 (1 0 406.907) 205 (0 0 409.913) 49 (1 0 413.364) 489 (0 0 417) 183 (0 1 427.326) 730 (1 1 432.512) 655 (2 1 433.512) 215 (1 1 435.068) 290 (0 1 437.986) 383 (0 0 470.87) 127 (1 0 476.518) 567 (0 0 479) 157 (0 1 488) 357 (0 0 501.515) 827 (1 0 536.086) 387 (0 0 539.733) 793 (1 0 545.061) 353 (0 0 546.972) 101 (1 0 609) 301 (0 0 646.468) 434 (0 0 720) 

- route 15: 415 (0 0 44.8972) 176 (1 0 49.7385) 616 (0 0 53) 160 (1 0 140.582) 360 (0 0 160.095) 122 (1 0 165.961) 562 (0 0 169) 120 (1 0 181.983) 560 (0 0 185) 140 (1 0 307.747) 340 (0 0 313) 126 (1 0 320.583) 566 (0 0 325) 39 (1 0 331.511) 479 (0 0 333) 736 (1 0 334.477) 296 (0 0 340.418) 146 (1 0 352.308) 136 (2 0 356.257) 576 (1 0 357.985) 346 (0 0 364) 161 (1 0 388) 361 (0 0 416.769) 192 (1 0 455.145) 392 (0 0 461) 193 (1 0 618) 393 (0 0 626.282) 435 (0 0 720) 

- route 16: 416 (0 0 84.8915) 184 (1 0 87.7472) 624 (0 0 91) 170 (0 1 140.701) 370 (0 0 160) 171 (0 1 293.688) 371 (0 0 312.987) 180 (1 0 318.083) 380 (0 0 329) 724 (1 0 344.755) 284 (0 0 348.66) 118 (1 0 402.777) 318 (0 0 408.056) 761 (1 0 409.534) 321 (0 0 411.361) 115 (1 0 424.447) 315 (0 0 428.525) 763 (1 0 430.631) 323 (0 0 433.67) 85 (1 0 459.095) 525 (0 0 463) 181 (1 0 559) 381 (0 0 574.875) 799 (1 0 664.42) 359 (0 0 667.108) 436 (0 0 720) 

- route 17: 417 (0 0 57.9992) 194 (1 0 66.9705) 394 (0 0 99) 22 (0 1 186.673) 222 (0 0 197) 40 (1 0 216.882) 240 (0 0 221.711) 688 (1 0 223.489) 248 (0 0 227.125) 756 (1 0 271.658) 316 (0 0 274) 764 (1 0 297.747) 324 (0 0 302) 32 (0 1 309.949) 23 (0 2 318.22) 223 (0 1 328.547) 232 (0 0 343.46) 138 (1 0 351.437) 826 (2 0 354.036) 386 (1 0 357.237) 338 (0 0 363.006) 100 (1 0 373.568) 5 (2 0 375.856) 445 (1 0 379) 300 (0 0 411.036) 189 (0 1 490.854) 707 (1 1 495.277) 267 (0 1 497.933) 389 (0 0 523.854) 807 (1 0 619.105) 367 (0 0 620.36) 437 (0 0 720) 

- route 18: 418 (0 0 211.613) 760 (1 0 213.613) 320 (0 0 215.823) 172 (1 0 245.336) 372 (0 0 253) 660 (1 0 262.339) 220 (0 0 263.629) 698 (1 0 266.968) 258 (0 0 269.089) 817 (1 0 282.444) 377 (0 0 285.239) 156 (0 1 290.99) 356 (0 0 301) 165 (1 0 353) 365 (0 0 361.238) 166 (1 0 404.255) 606 (0 0 407) 158 (1 0 412.312) 598 (0 0 415) 103 (0 1 431.604) 27 (1 1 452.205) 303 (1 0 454.457) 467 (0 0 459) 765 (1 0 495.51) 325 (0 0 497.993) 682 (1 0 500.475) 242 (0 0 503.585) 153 (1 0 517.841) 593 (0 0 521) 147 (1 0 561.24) 757 (2 0 567.255) 317 (1 0 569.485) 347 (0 0 574.021) 777 (1 0 576.762) 337 (0 0 579.047) 151 (1 0 598) 175 (1 1 610.628) 351 (0 1 615.21) 375 (0 0 619.092) 438 (0 0 720) 

- route 19: 419 (0 0 83.6797) 700 (1 0 83.6797) 260 (0 0 86.3666) 178 (1 0 114.857) 378 (0 0 119) 196 (0 1 152.229) 164 (1 1 159.564) 364 (0 1 165.389) 396 (0 0 182) 648 (1 0 196.066) 208 (0 0 199.905) 130 (1 0 230.323) 330 (0 0 235) 102 (0 1 250.37) 197 (0 2 255.553) 114 (1 2 258.922) 314 (0 2 263) 302 (0 1 281.58) 397 (0 0 290.796) 825 (1 0 318.322) 385 (0 0 321.575) 154 (1 0 327.864) 594 (0 0 331) 79 (0 1 336.549) 99 (1 1 344.326) 70 (2 1 356.741) 279 (2 0 366.804) 270 (1 0 371) 299 (0 0 380.397) 113 (1 0 396.712) 163 (2 0 418) 313 (1 0 439.395) 363 (0 0 457.225) 21 (1 0 489.752) 461 (0 0 493) 109 (1 0 528.243) 169 (2 0 530) 369 (1 0 532.948) 549 (0 0 535) 191 (1 0 571) 391 (0 0 579.456) 439 (0 0 720) 


