Data DARP: datafile5.txt
Transfers: 1
Relative MRT: 1
MRT factor: 1.5
Speed factor PT : 1
PT interval: 10
Iterations: 25000
Iter without impr: 500
Max removal pct: 0.3
Max deterior pct: 0.04
Clustered removal: 0
IDARP adapted: 1
Without operator:  0
Terminals per node: 3
Priority non PT: 0
Priority PT: 0
Priority long: 0
Priority short: 0
Current iteration: 0
Total distance: 2717.59
Computation time: 0.228671
Average ride time: 19.9574
Pct PT users: 0.345
Users PT: 6 7 10 11 18 19 22 23 24 25 28 29 32 33 38 39 40 41 52 56 57 64 65 68 69 74 75 78 79 80 81 82 83 87 90 91 96 97 101 114 115 118 119 120 121 142 143 146 147 150 151 152 153 154 155 156 157 164 165 170 171 172 173 176 177 178 179 196 197 

- route 0: 400 (0 0 73.8063) 38 (1 0 74.956) 478 (0 0 77) 6 (1 0 125.893) 446 (0 0 127) 16 (0 1 145.609) 216 (0 0 149) 704 (1 0 179.559) 264 (0 0 187.109) 98 (0 1 204.285) 298 (0 0 225.719) 2 (0 1 229.956) 679 (1 1 233.468) 239 (0 1 235.512) 202 (0 0 248.776) 32 (1 0 261.336) 472 (0 0 265) 5 (1 0 273.842) 205 (0 0 276.072) 165 (1 0 277.157) 605 (0 0 279) 45 (0 1 298) 245 (0 0 303.026) 12 (1 0 332.401) 212 (0 0 337.233) 816 (1 0 340.986) 376 (0 0 343.199) 782 (1 0 351.547) 342 (0 0 353.017) 836 (1 0 359.656) 396 (0 0 362.076) 758 (1 0 394.97) 318 (0 0 398.386) 28 (1 0 411.945) 468 (0 0 415) 197 (1 0 444.58) 637 (0 0 447) 681 (1 0 468.463) 241 (0 0 473.865) 673 (1 0 502.565) 233 (0 0 504.389) 119 (1 0 518.912) 559 (0 0 521) 101 (1 0 539.117) 541 (0 0 545) 669 (1 0 565.348) 229 (0 0 567.042) 143 (1 0 576.383) 583 (0 0 579) 27 (1 0 609.605) 659 (2 0 615.394) 219 (1 0 617.421) 227 (0 0 621.072) 11 (1 0 629.745) 451 (0 0 633) 420 (0 0 720) 

- route 1: 401 (0 0 80.0916) 804 (1 0 80.0916) 364 (0 0 81.9349) 4 (1 0 90.77) 204 (0 0 93) 48 (1 0 107.058) 248 (0 0 138) 760 (1 0 143.79) 320 (0 0 147) 36 (1 0 176.552) 236 (0 0 180) 40 (1 0 188.394) 480 (0 0 193) 37 (1 0 264.895) 237 (0 0 268.343) 100 (1 0 289.361) 110 (1 1 293.661) 300 (0 1 328) 310 (0 0 336.588) 26 (1 0 351.118) 226 (0 0 359.342) 30 (0 1 367.348) 65 (1 1 381.008) 505 (0 1 389) 230 (0 0 412.605) 83 (1 0 447.186) 523 (0 0 449) 663 (1 0 500.183) 223 (0 0 501.763) 421 (0 0 720) 

- route 2: 402 (0 0 122.475) 8 (1 0 126.188) 208 (0 0 130) 736 (1 0 184.103) 296 (0 0 187.547) 20 (1 0 193.02) 220 (0 0 199.532) 680 (1 0 208.273) 240 (0 0 210.259) 87 (1 0 244.59) 527 (0 0 249) 17 (0 1 278) 217 (0 0 281.587) 21 (1 0 304) 221 (0 0 313.268) 43 (0 1 409.984) 647 (1 1 418.607) 207 (0 1 419.715) 243 (0 0 423.45) 177 (1 0 426.787) 617 (0 0 429) 41 (1 0 452) 481 (0 0 457) 650 (1 0 466.492) 210 (0 0 469.747) 665 (1 0 545.172) 225 (0 0 547.672) 422 (0 0 720) 

- route 3: 403 (0 0 142.644) 44 (0 1 143.65) 244 (0 0 148) 22 (1 0 187.419) 462 (0 0 189) 9 (1 0 198.664) 209 (0 0 202.476) 42 (0 1 208.564) 242 (0 0 219) 722 (1 0 233.298) 282 (0 0 235.112) 97 (1 0 383.556) 537 (0 0 387) 718 (1 0 402.749) 24 (2 0 404.473) 278 (1 0 406) 464 (0 0 409) 423 (0 0 720) 

- route 4: 404 (0 0 720) 424 (0 0 720) 

- route 5: 405 (0 0 62.921) 86 (1 0 66.1189) 286 (0 0 79.721) 148 (0 1 100.438) 348 (0 0 126) 50 (1 0 139.148) 250 (0 0 143) 94 (0 1 150.306) 294 (0 0 156.488) 64 (1 0 160.466) 504 (0 0 163) 68 (1 0 192.029) 508 (0 0 195) 85 (1 0 235) 285 (0 0 240.848) 697 (1 0 313.3) 257 (0 0 315.144) 692 (1 0 324.036) 252 (0 0 328.285) 812 (1 0 336.61) 372 (0 0 339) 810 (1 0 394.717) 370 (0 0 397.145) 55 (0 1 417) 255 (0 0 429.785) 53 (1 0 558) 93 (2 0 566.567) 293 (1 0 569.307) 253 (0 0 574.839) 153 (1 0 590.042) 593 (0 0 593) 425 (0 0 720) 

- route 6: 406 (0 0 101.226) 84 (1 0 103.768) 284 (0 0 108) 34 (1 0 173.532) 234 (0 0 195.214) 15 (0 1 198) 82 (1 1 208.406) 522 (0 1 210.687) 215 (0 0 233.546) 727 (1 0 262.149) 287 (0 0 264.493) 167 (0 1 287) 367 (0 0 324.999) 160 (1 0 408.973) 178 (2 0 414.593) 618 (1 0 418.741) 73 (2 0 429.882) 273 (1 0 433.321) 360 (0 0 439) 658 (1 0 446.339) 218 (0 0 448.741) 151 (1 0 488.573) 591 (0 0 493) 721 (1 0 513.36) 281 (0 0 515.435) 715 (1 0 536.57) 275 (0 0 540.742) 731 (1 0 562.204) 719 (2 0 563.204) 291 (1 0 566.535) 279 (0 0 572.328) 19 (1 0 585) 459 (0 0 593) 426 (0 0 720) 

- route 7: 407 (0 0 222.533) 70 (0 1 224.884) 270 (0 0 234) 790 (1 0 245.425) 350 (0 0 249.852) 95 (0 1 268.439) 295 (0 0 274.621) 72 (1 0 281.561) 272 (0 0 285) 60 (1 0 321.755) 260 (0 0 328.481) 92 (1 0 332.337) 292 (0 0 335.077) 51 (1 0 338) 251 (0 0 343.278) 173 (1 0 484.61) 613 (0 0 487) 709 (1 0 505.38) 269 (0 0 508.351) 161 (1 0 532.374) 171 (2 0 536) 611 (1 0 539) 361 (0 0 564.642) 819 (1 0 596.966) 379 (0 0 601.644) 427 (0 0 720) 

- route 8: 408 (0 0 144.295) 58 (1 0 146.26) 258 (0 0 173.003) 54 (0 1 199.477) 254 (0 0 209) 90 (1 0 303.669) 530 (0 0 307) 78 (1 0 373.265) 518 (0 0 377) 705 (1 0 405.117) 265 (0 0 407.651) 737 (1 0 422.985) 297 (0 0 426.01) 117 (1 0 466.364) 792 (2 0 475.63) 352 (1 0 478.841) 317 (0 0 505.457) 428 (0 0 720) 

- route 9: 409 (0 0 401.833) 147 (1 0 402.755) 587 (0 0 405) 429 (0 0 720) 

- route 10: 410 (0 0 30.7681) 14 (0 1 48.017) 56 (1 1 76.7817) 496 (0 1 79) 214 (0 0 91.6693) 96 (1 0 147.976) 536 (0 0 151) 76 (0 1 170.176) 276 (0 0 180) 62 (0 1 203.079) 786 (1 1 208.325) 346 (0 1 210.57) 662 (1 1 228.75) 222 (0 1 231.084) 262 (0 0 235.239) 74 (1 0 254.827) 514 (0 0 259) 52 (1 0 311.446) 492 (0 0 313) 88 (1 0 365.711) 138 (2 0 389.254) 338 (1 0 394.671) 288 (0 0 403) 127 (1 0 406.65) 327 (0 0 412.485) 136 (0 1 420.279) 109 (1 1 428.446) 309 (0 1 432.613) 336 (0 0 436.081) 10 (1 0 442.907) 450 (0 0 445) 69 (1 0 454.968) 509 (0 0 457) 755 (1 0 468.28) 315 (0 0 470.566) 33 (1 0 472.395) 473 (0 0 475) 141 (0 1 480) 341 (0 0 490.31) 144 (1 0 504.93) 813 (2 0 520.427) 373 (1 0 522.301) 344 (0 0 530.343) 159 (1 0 578) 359 (0 0 584.051) 783 (1 0 602.829) 343 (0 0 605.643) 430 (0 0 720) 

- route 11: 411 (0 0 109.438) 120 (1 0 113.669) 560 (0 0 117) 114 (1 0 164.131) 554 (0 0 166.01) 146 (1 0 168.661) 586 (0 0 171) 39 (1 0 199.677) 479 (0 0 205) 796 (1 0 210.46) 356 (0 0 214.223) 140 (0 1 219.352) 340 (0 0 227.225) 126 (1 0 232.165) 326 (0 0 238) 708 (1 0 242.57) 268 (0 0 245.412) 761 (1 0 280.432) 321 (0 0 283.763) 672 (1 0 290.855) 232 (0 0 293.33) 714 (1 0 298.57) 274 (0 0 300.909) 134 (0 1 311.498) 334 (0 0 316) 142 (1 0 323.758) 582 (0 0 327) 133 (1 0 337) 333 (0 0 343.657) 157 (1 0 347.883) 597 (0 0 349.759) 730 (1 0 355.231) 290 (0 0 358) 794 (1 0 377.305) 354 (0 0 381.016) 128 (1 0 412.056) 328 (0 0 416) 818 (1 0 444.28) 378 (0 0 448.237) 81 (1 0 475.289) 521 (0 0 477) 75 (1 0 494.66) 515 (0 0 497) 125 (1 0 512) 325 (0 0 524.096) 103 (1 0 544.257) 303 (0 0 553.107) 139 (1 0 557.921) 339 (0 0 563.339) 179 (1 0 568) 619 (0 0 573) 123 (0 1 629) 323 (0 0 634.36) 431 (0 0 720) 

- route 12: 412 (0 0 104.092) 678 (1 0 108.092) 238 (0 0 113) 132 (1 0 196.262) 332 (0 0 201.034) 108 (1 0 205.833) 308 (0 0 210) 112 (0 1 260.024) 312 (0 0 264.912) 116 (1 0 274.197) 80 (2 0 293.665) 520 (1 0 295.739) 316 (0 0 307) 66 (1 0 324.739) 107 (2 0 348.907) 307 (1 0 352.198) 266 (0 0 355.78) 130 (1 0 359.167) 330 (0 0 362.568) 102 (1 0 367.15) 302 (0 0 376) 122 (0 1 404.427) 322 (0 0 409) 664 (1 0 434.658) 224 (0 0 440) 155 (1 0 479.297) 595 (0 0 483) 25 (1 0 506.215) 465 (0 0 510.978) 91 (1 0 512.231) 531 (0 0 515) 131 (1 0 612) 331 (0 0 616.602) 432 (0 0 720) 

- route 13: 413 (0 0 132.543) 106 (1 0 134.709) 306 (0 0 138) 104 (0 1 179.574) 304 (0 0 187.791) 149 (0 1 209) 349 (0 0 245.844) 720 (1 0 331.083) 280 (0 0 333.811) 124 (1 0 361.522) 59 (2 0 364.179) 324 (1 0 371.508) 71 (1 1 393.489) 259 (0 1 402.318) 271 (0 0 403.714) 77 (0 1 409.598) 277 (0 0 419.422) 105 (0 1 442) 305 (0 0 452.826) 113 (0 1 506.828) 313 (0 0 511.715) 67 (1 0 516.318) 89 (2 0 520) 289 (1 0 550.231) 267 (0 0 553.393) 61 (1 0 558) 261 (0 0 567.588) 433 (0 0 720) 

- route 14: 414 (0 0 361.888) 118 (1 0 363.944) 558 (0 0 367) 787 (1 0 442.437) 347 (0 0 444.777) 129 (1 0 531) 329 (0 0 536.416) 135 (0 1 541.285) 335 (0 0 545.788) 759 (1 0 550.297) 319 (0 0 553.353) 434 (0 0 720) 

- route 15: 415 (0 0 89.6961) 166 (0 1 92.0899) 696 (1 1 98.2488) 256 (0 1 103.557) 366 (0 0 124) 184 (1 0 158.177) 188 (2 0 164.537) 384 (1 0 170) 388 (0 0 180.408) 194 (1 0 275.108) 394 (0 0 281.497) 57 (1 0 288.369) 497 (0 0 293) 176 (1 0 301.666) 616 (0 0 303) 185 (1 0 314) 199 (2 0 321.375) 399 (1 0 323.169) 385 (0 0 328.332) 1 (0 1 347) 201 (0 0 377.829) 3 (0 1 411.112) 203 (0 0 426.613) 46 (1 0 434.958) 246 (0 0 458) 817 (1 0 465.252) 377 (0 0 468.32) 47 (1 0 527.882) 29 (2 0 547) 469 (1 0 551) 247 (0 0 561.944) 793 (1 0 609.883) 353 (0 0 612.879) 169 (1 0 641) 369 (0 0 646.042) 435 (0 0 720) 

- route 16: 416 (0 0 177.474) 156 (1 0 182.513) 596 (0 0 187) 754 (1 0 194.625) 314 (0 0 196.835) 198 (1 0 215.206) 398 (0 0 217) 150 (1 0 221.612) 590 (0 0 225) 121 (1 0 249.79) 561 (0 0 253) 183 (0 1 273.441) 383 (0 0 281.574) 174 (1 0 288.658) 374 (0 0 296.437) 189 (1 0 304.431) 196 (2 0 314.835) 636 (1 0 317) 389 (0 0 320.302) 154 (1 0 346.474) 594 (0 0 348.467) 170 (1 0 355.862) 610 (0 0 360.519) 63 (0 1 364) 49 (1 1 373.224) 263 (1 0 394.206) 18 (2 0 414.457) 458 (1 0 416.773) 249 (0 0 418.274) 99 (0 1 420.968) 668 (1 1 428.115) 228 (0 1 431.987) 299 (0 0 451.621) 35 (1 0 463) 723 (2 0 471.719) 283 (1 0 473.892) 235 (0 0 495.022) 111 (0 1 532.946) 79 (1 1 536.86) 519 (0 1 539) 13 (1 1 543.812) 213 (0 1 548.643) 311 (0 0 574.629) 741 (1 0 579.636) 301 (0 0 585.823) 145 (1 0 610) 345 (0 0 635.413) 651 (1 0 654.492) 211 (0 0 656.585) 436 (0 0 720) 

- route 17: 417 (0 0 129.726) 182 (0 1 130.867) 382 (0 0 139) 646 (1 0 164.607) 206 (0 0 166.314) 0 (0 1 190.448) 200 (0 0 212) 7 (1 0 379.293) 447 (0 0 381) 193 (0 1 387) 393 (0 0 401.243) 152 (1 0 456.004) 23 (2 0 457.666) 592 (1 0 460) 463 (0 0 461) 163 (1 0 470) 363 (0 0 473.717) 791 (1 0 513.425) 351 (0 0 516.813) 811 (1 0 572.626) 371 (0 0 577.283) 437 (0 0 720) 

- route 18: 418 (0 0 37.9495) 164 (1 0 39.1152) 604 (0 0 41) 190 (1 0 166.343) 390 (0 0 176) 191 (1 0 279.825) 391 (0 0 289.482) 192 (0 1 295.742) 172 (1 1 303.092) 612 (0 1 304.966) 392 (0 0 308.498) 805 (1 0 318.092) 365 (0 0 319.976) 186 (0 1 342.522) 386 (0 0 352) 797 (1 0 375.106) 357 (0 0 379.593) 175 (1 0 419) 375 (0 0 430.169) 187 (0 1 474.258) 387 (0 0 483.736) 837 (1 0 489.656) 397 (0 0 491.821) 195 (1 0 509) 395 (0 0 518.084) 31 (0 1 554) 181 (1 1 558.572) 381 (0 1 562.045) 231 (0 0 591.068) 137 (0 1 610) 337 (0 0 627.19) 438 (0 0 720) 

- route 19: 419 (0 0 265.545) 162 (1 0 267.188) 362 (0 0 270) 168 (1 0 420.813) 368 (0 0 424.507) 180 (1 0 426.026) 380 (0 0 429.499) 158 (1 0 433.814) 358 (0 0 438.181) 115 (1 0 443.087) 555 (0 0 445) 795 (1 0 511.846) 355 (0 0 513.839) 439 (0 0 720) 


Data DARP: datafile5.txt
Transfers: 1
Relative MRT: 1
MRT factor: 1.5
Speed factor PT : 1
PT interval: 10
Iterations: 25000
Iter without impr: 500
Max removal pct: 0.3
Max deterior pct: 0.04
Clustered removal: 0
IDARP adapted: 1
Without operator:  0
Terminals per node: 3
Priority non PT: 0
Priority PT: 0
Priority long: 0
Priority short: 0
Current iteration: 5000
Total distance: 2002.46
Computation time: 1239.54
Average ride time: 20.1832
Pct PT users: 0.34
Users PT: 6 7 10 11 18 19 22 23 24 25 28 29 32 33 38 39 40 41 52 56 57 64 65 68 69 74 75 78 79 80 81 82 83 87 90 91 96 97 100 101 114 115 118 119 120 121 143 146 147 150 151 152 154 155 156 157 164 165 170 171 172 173 176 177 178 179 196 197 

- route 0: 400 (0 0 61.2162) 14 (0 1 67.868) 48 (1 1 78.9624) 214 (1 0 100) 248 (0 0 124.875) 190 (1 0 166.343) 390 (0 0 176) 191 (1 0 291) 391 (0 0 304.986) 49 (1 0 383.297) 46 (2 0 413.117) 249 (1 0 418.157) 18 (2 0 420.973) 458 (1 0 423) 668 (2 0 424.188) 228 (1 0 428.061) 246 (0 0 447.179) 47 (1 0 527.882) 29 (2 0 547) 469 (1 0 551) 247 (0 0 561.944) 420 (0 0 720) 

- route 1: 401 (0 0 186.838) 22 (1 0 187.419) 462 (0 0 189) 679 (1 0 234.487) 239 (0 0 236.636) 722 (1 0 240.584) 282 (0 0 242.398) 32 (1 0 255.176) 472 (0 0 257) 17 (0 1 269.201) 217 (0 0 272.592) 165 (1 0 277.157) 605 (0 0 279) 5 (1 0 286) 205 (0 0 288.845) 45 (0 1 298) 245 (0 0 303.026) 12 (1 0 344.168) 212 (0 0 349) 836 (1 0 356.363) 396 (0 0 358.076) 758 (1 0 384.97) 318 (0 0 388.386) 28 (1 0 411.945) 468 (0 0 415) 197 (1 0 443.286) 637 (0 0 445) 681 (1 0 456.126) 241 (0 0 461.528) 119 (1 0 519.584) 559 (0 0 523) 669 (1 0 565.348) 229 (0 0 567.042) 143 (1 0 576.383) 583 (0 0 579) 421 (0 0 720) 

- route 2: 402 (0 0 63.8063) 38 (1 0 64.956) 478 (0 0 67) 6 (1 0 135.893) 446 (0 0 137) 16 (0 1 145.609) 216 (0 0 149) 34 (1 0 171.402) 68 (2 0 192.029) 508 (1 0 195) 234 (0 0 203.424) 786 (1 0 208.437) 346 (0 0 210.682) 82 (1 0 215.692) 70 (1 1 217.36) 522 (0 1 221) 270 (0 0 229.533) 790 (1 0 245.425) 350 (0 0 249.852) 74 (1 0 254.827) 514 (0 0 259) 727 (1 0 262.149) 287 (0 0 264.493) 95 (0 1 269) 295 (0 0 276.774) 90 (1 0 303.669) 530 (0 0 307) 51 (1 0 337.681) 251 (0 0 341.534) 92 (1 0 345.26) 292 (0 0 348) 78 (1 0 363.265) 518 (0 0 367) 705 (1 0 403.559) 265 (0 0 406.093) 737 (1 0 422.985) 297 (0 0 426.01) 658 (1 0 448.207) 218 (0 0 450) 35 (1 0 463) 235 (0 0 495.022) 27 (1 0 611.467) 659 (2 0 617.257) 219 (1 0 619.284) 227 (0 0 623.303) 422 (0 0 720) 

- route 3: 403 (0 0 80.0916) 804 (1 0 80.0916) 364 (0 0 81.9349) 4 (1 0 90.77) 204 (0 0 93) 36 (1 0 176.552) 236 (0 0 180) 40 (1 0 189.598) 480 (0 0 195) 42 (0 1 208.564) 242 (0 0 219) 2 (0 1 236.499) 202 (0 0 252) 3 (0 1 408.416) 99 (0 2 423) 203 (0 1 429.503) 41 (1 1 439.662) 481 (0 1 442.227) 299 (0 0 453.652) 117 (1 0 467.196) 723 (2 0 471.719) 283 (1 0 473.892) 144 (2 0 498.987) 317 (1 0 506.289) 813 (2 0 520.424) 373 (1 0 522.298) 344 (0 0 524.401) 181 (1 0 547.649) 381 (0 0 551.123) 31 (0 1 554) 159 (1 1 568.72) 359 (0 1 573.087) 231 (0 0 599.256) 423 (0 0 720) 

- route 4: 404 (0 0 142.644) 44 (0 1 143.65) 244 (0 0 148) 704 (1 0 179.559) 264 (0 0 187.109) 20 (1 0 197.488) 220 (0 0 204) 21 (1 0 304) 221 (0 0 313.119) 740 (1 0 318.258) 300 (0 0 323.519) 101 (1 0 535.306) 541 (0 0 540.566) 665 (1 0 543.566) 79 (2 0 545.749) 225 (1 0 547.277) 519 (0 0 549) 424 (0 0 720) 

- route 5: 405 (0 0 164.102) 76 (0 1 170.176) 276 (0 0 180) 54 (0 1 199.477) 254 (0 0 209) 85 (1 0 235) 285 (0 0 240.848) 72 (1 0 281.561) 272 (0 0 285) 66 (1 0 325.278) 157 (2 0 349.124) 597 (1 0 351) 118 (2 0 353.944) 558 (1 0 357) 266 (0 0 362) 124 (1 0 369.614) 59 (2 0 372.272) 324 (1 0 379.601) 259 (0 0 400.259) 147 (1 0 402.755) 587 (0 0 405) 151 (1 0 488.573) 591 (0 0 493) 721 (1 0 503.36) 281 (0 0 505.435) 715 (1 0 544.1) 275 (0 0 548.131) 731 (1 0 562.825) 291 (0 0 566.156) 719 (1 0 573.003) 93 (2 0 574.81) 293 (1 0 577.55) 279 (0 0 580.53) 19 (1 0 585) 459 (0 0 593) 425 (0 0 720) 

- route 6: 406 (0 0 73.2) 86 (1 0 76.3979) 286 (0 0 90) 87 (1 0 244.59) 527 (0 0 249) 60 (1 0 313.11) 697 (2 0 318.023) 257 (1 0 321.144) 260 (0 0 322.698) 61 (1 0 558) 261 (0 0 567.588) 426 (0 0 720) 

- route 7: 407 (0 0 157.471) 64 (1 0 160.466) 504 (0 0 163) 62 (0 1 207.968) 662 (1 1 229.183) 222 (0 1 231.517) 262 (0 0 239) 174 (1 0 279.77) 374 (0 0 287.549) 80 (1 0 300.926) 520 (0 0 303) 52 (1 0 311.446) 492 (0 0 313) 88 (1 0 376.788) 288 (0 0 403) 127 (1 0 413) 109 (2 0 417.82) 327 (1 0 421.253) 309 (0 0 423.569) 787 (1 0 442.437) 347 (0 0 444.777) 69 (1 0 454.968) 509 (0 0 457) 81 (1 0 465.289) 521 (0 0 467) 755 (1 0 469.027) 141 (1 1 470.776) 315 (0 1 475.79) 341 (0 0 481.086) 113 (0 1 506.828) 313 (0 0 511.715) 67 (1 0 516.318) 89 (2 0 520) 289 (1 0 552.28) 267 (0 0 555.442) 427 (0 0 720) 

- route 8: 408 (0 0 73.9377) 56 (1 0 75.156) 496 (0 0 77) 84 (1 0 103.768) 284 (0 0 108) 50 (1 0 139.148) 250 (0 0 143) 96 (1 0 156.389) 536 (0 0 159.413) 94 (0 1 164.817) 294 (0 0 171) 15 (0 1 187.83) 98 (0 2 195.474) 680 (1 2 208.899) 240 (0 2 211.463) 298 (0 1 221.574) 215 (0 0 231.482) 37 (1 0 276) 237 (0 0 280.672) 26 (1 0 365.776) 226 (0 0 374) 65 (1 0 379.45) 505 (0 0 387) 650 (1 0 458.693) 210 (0 0 461.091) 11 (1 0 628.602) 451 (0 0 631) 428 (0 0 720) 

- route 9: 409 (0 0 146.292) 58 (1 0 148.257) 258 (0 0 175) 104 (0 1 183.613) 304 (0 0 191.831) 39 (1 0 197.759) 479 (0 0 203) 116 (1 0 280.604) 316 (0 0 307) 692 (1 0 325.518) 252 (0 0 328.285) 812 (1 0 336.61) 372 (0 0 339) 55 (0 1 402.287) 810 (1 1 408.572) 370 (0 1 411) 255 (0 0 415.072) 171 (1 0 536) 611 (0 0 539) 429 (0 0 720) 

- route 10: 410 (0 0 167.01) 146 (1 0 168.661) 586 (0 0 171) 796 (1 0 216.346) 356 (0 0 218.223) 112 (0 1 260.113) 312 (0 0 265) 672 (1 0 281.051) 232 (0 0 283.656) 761 (1 0 287.783) 321 (0 0 289.763) 714 (1 0 298.57) 274 (0 0 300.909) 720 (1 0 339.36) 280 (0 0 341.071) 130 (1 0 364.599) 330 (0 0 368) 794 (1 0 387.838) 354 (0 0 391.549) 128 (1 0 412.056) 328 (0 0 416) 105 (0 1 430.239) 305 (0 0 438.456) 818 (1 0 444.28) 378 (0 0 448.237) 155 (1 0 478.436) 595 (0 0 482.146) 33 (1 0 484.525) 473 (0 0 487) 75 (1 0 502.049) 515 (0 0 505) 103 (1 0 544.975) 759 (2 0 550.699) 319 (1 0 553.756) 303 (0 0 556.451) 179 (1 0 560.591) 619 (0 0 565) 430 (0 0 720) 

- route 11: 411 (0 0 132.543) 106 (1 0 134.709) 306 (0 0 138) 0 (0 1 190.448) 200 (0 0 212) 183 (0 1 276) 383 (0 0 286.7) 192 (0 1 295.776) 172 (1 1 303.126) 612 (0 1 305) 392 (0 0 310.02) 1 (0 1 347) 201 (0 0 373.917) 97 (1 0 383.556) 537 (0 0 387) 30 (0 1 389.629) 230 (0 0 420.8) 168 (1 0 424.313) 368 (0 0 428.008) 180 (1 0 429.527) 380 (0 0 433) 115 (1 0 443.087) 555 (0 0 445) 163 (1 0 470) 363 (0 0 473.717) 791 (1 0 513.425) 351 (0 0 516.813) 811 (1 0 572.626) 371 (0 0 577.283) 145 (1 0 610) 345 (0 0 635.413) 651 (1 0 652.693) 211 (0 0 655.443) 431 (0 0 720) 

- route 12: 412 (0 0 108.788) 120 (1 0 113.02) 560 (0 0 115) 108 (1 0 196.618) 308 (0 0 200.785) 132 (1 0 204.228) 332 (0 0 209) 133 (1 0 337) 333 (0 0 343.657) 102 (1 0 357.011) 107 (2 0 362) 307 (1 0 365.429) 302 (0 0 369.786) 122 (0 1 390.154) 322 (0 0 394.727) 138 (1 0 402.582) 338 (0 0 408) 136 (0 1 414.965) 336 (0 0 427.425) 10 (1 0 434.251) 450 (0 0 437) 125 (1 0 512) 325 (0 0 524.096) 135 (0 1 550) 335 (0 0 555.253) 123 (0 1 629) 323 (0 0 634.36) 432 (0 0 720) 

- route 13: 413 (0 0 173.836) 114 (1 0 174.715) 554 (0 0 177) 126 (1 0 232.165) 326 (0 0 238) 110 (0 1 296.947) 134 (0 2 307.486) 334 (0 1 311.988) 142 (1 1 318.276) 310 (1 0 337.736) 816 (2 0 340.986) 376 (1 0 343.199) 342 (0 0 347.535) 718 (1 0 391.566) 24 (2 0 393.29) 278 (1 0 394.817) 464 (0 0 397) 43 (0 1 409.984) 647 (1 1 418.607) 207 (0 1 419.715) 243 (0 0 423.45) 177 (1 0 426.787) 617 (0 0 429) 83 (1 0 447.186) 523 (0 0 449) 663 (1 0 500.183) 223 (0 0 501.763) 673 (1 0 512.855) 233 (0 0 516.519) 111 (0 1 533) 13 (1 1 542.017) 213 (0 1 546.849) 139 (1 1 562.537) 339 (0 1 567.954) 311 (0 0 575.927) 131 (1 0 612) 331 (0 0 616.602) 433 (0 0 720) 

- route 14: 414 (0 0 91.4952) 148 (0 1 92.2653) 678 (1 1 98.5102) 238 (0 1 103.833) 348 (0 0 126) 149 (0 1 202.601) 140 (0 2 225.199) 340 (0 1 233.072) 349 (0 0 238.8) 708 (1 0 242.57) 268 (0 0 245.412) 100 (1 0 276.813) 540 (0 0 283) 730 (1 0 356.747) 290 (0 0 358) 664 (1 0 429.984) 224 (0 0 434.747) 25 (1 0 506.546) 91 (2 0 511.231) 465 (1 0 514) 531 (0 0 515) 129 (1 0 531) 329 (0 0 536.416) 741 (1 0 575.608) 301 (0 0 582.011) 137 (0 1 595.272) 783 (1 1 602.401) 343 (0 1 605.643) 337 (0 0 612.463) 434 (0 0 720) 

- route 15: 415 (0 0 37.9495) 164 (1 0 39.1152) 604 (0 0 41) 760 (1 0 143.783) 320 (0 0 146.993) 121 (1 0 255.79) 561 (0 0 259) 194 (1 0 280.611) 394 (0 0 287) 199 (1 0 335) 399 (0 0 337.191) 154 (1 0 357.007) 594 (0 0 359) 158 (1 0 441.633) 358 (0 0 446) 195 (1 0 509) 395 (0 0 518.084) 169 (1 0 641) 369 (0 0 646.042) 435 (0 0 720) 

- route 16: 416 (0 0 87.1915) 166 (0 1 89.5853) 696 (1 1 97.2998) 256 (0 1 101.931) 366 (0 0 120.167) 8 (1 0 126.188) 208 (0 0 130) 736 (1 0 194.357) 9 (2 0 195.392) 296 (1 0 198.842) 209 (0 0 200.61) 167 (0 1 275.431) 57 (1 1 294.369) 497 (0 1 299) 176 (1 1 301.666) 616 (0 1 303) 367 (0 0 313.43) 160 (1 0 408.973) 178 (2 0 414.593) 618 (1 0 418.741) 73 (2 0 429.882) 273 (1 0 433.321) 360 (0 0 439) 173 (1 0 484.61) 613 (0 0 487) 709 (1 0 505.38) 269 (0 0 508.351) 161 (1 0 538) 53 (2 0 545.946) 253 (1 0 557.505) 361 (0 0 570.268) 436 (0 0 720) 

- route 17: 417 (0 0 129.726) 182 (0 1 130.867) 382 (0 0 139) 646 (1 0 174.607) 206 (0 0 176.314) 7 (1 0 379.293) 447 (0 0 381) 193 (0 1 387) 393 (0 0 401.243) 152 (1 0 456.004) 23 (2 0 457.666) 463 (1 0 460) 592 (0 0 461) 817 (1 0 466.986) 377 (0 0 468.32) 837 (1 0 488.363) 397 (0 0 490.528) 795 (1 0 510.984) 355 (0 0 512.978) 437 (0 0 720) 

- route 18: 418 (0 0 181.474) 156 (1 0 186.513) 596 (0 0 191) 754 (1 0 203.791) 314 (0 0 206) 198 (1 0 215.206) 398 (0 0 217) 150 (1 0 221.612) 590 (0 0 225) 162 (1 0 267.188) 362 (0 0 270) 196 (1 0 310.835) 636 (0 0 313) 805 (1 0 318.092) 365 (0 0 319.976) 186 (0 1 342.522) 386 (0 0 352) 63 (0 1 364) 71 (0 2 384.935) 271 (0 1 394.051) 263 (0 0 399.844) 77 (0 1 418) 277 (0 0 431.236) 792 (1 0 475.63) 352 (0 0 478.841) 153 (1 0 581.601) 819 (2 0 590.087) 379 (1 0 594.235) 353 (0 0 604.438) 438 (0 0 720) 

- route 19: 419 (0 0 153.458) 184 (1 0 158.177) 188 (2 0 164.537) 384 (1 0 170) 388 (0 0 180.408) 189 (1 0 306.968) 185 (2 0 314) 389 (1 0 321.972) 385 (0 0 328.332) 170 (1 0 370.343) 610 (0 0 375) 797 (1 0 377.2) 357 (0 0 380.834) 175 (1 0 419) 375 (0 0 430.169) 187 (0 1 489) 387 (0 0 501.717) 439 (0 0 720) 


Data DARP: datafile5.txt
Transfers: 1
Relative MRT: 1
MRT factor: 1.5
Speed factor PT : 1
PT interval: 10
Iterations: 25000
Iter without impr: 500
Max removal pct: 0.3
Max deterior pct: 0.04
Clustered removal: 0
IDARP adapted: 1
Without operator:  0
Terminals per node: 3
Priority non PT: 0
Priority PT: 0
Priority long: 0
Priority short: 0
Current iteration: 10000
Total distance: 2000.55
Computation time: 2359.86
Average ride time: 20.3646
Pct PT users: 0.345
Users PT: 6 7 10 11 18 19 22 23 24 25 28 29 32 33 38 39 40 41 52 56 57 64 65 68 69 74 75 78 79 80 81 82 83 86 87 90 91 96 97 100 101 114 115 118 119 120 121 143 146 147 150 151 152 154 155 156 157 164 165 170 171 172 173 176 177 178 179 196 197 

- route 0: 400 (0 0 70.1494) 726 (1 0 80.1494) 286 (0 0 84.5592) 704 (1 0 181.926) 264 (0 0 189.918) 20 (1 0 197.488) 220 (0 0 204) 21 (1 0 304) 221 (0 0 313.268) 43 (0 1 409.984) 647 (1 1 418.607) 207 (0 1 419.715) 243 (0 0 423.45) 177 (1 0 426.787) 617 (0 0 429) 83 (1 0 447.186) 523 (0 0 449) 673 (1 0 512.855) 233 (0 0 516.519) 13 (1 0 537.115) 213 (0 0 541.947) 665 (1 0 545.035) 225 (0 0 546.758) 79 (1 0 548.286) 519 (0 0 551) 659 (1 0 608.566) 219 (0 0 610.882) 420 (0 0 720) 

- route 1: 401 (0 0 80.0916) 804 (1 0 80.0916) 364 (0 0 81.9349) 4 (1 0 90.77) 204 (0 0 93) 36 (1 0 176.552) 236 (0 0 180) 40 (1 0 189.598) 480 (0 0 195) 42 (0 1 208.564) 242 (0 0 219) 2 (0 1 236.499) 202 (0 0 252) 37 (1 0 276) 237 (0 0 280.672) 740 (1 0 319.636) 300 (0 0 325.519) 758 (1 0 384.97) 318 (0 0 388.386) 28 (1 0 411.945) 468 (0 0 415) 197 (1 0 443.286) 637 (0 0 445) 681 (1 0 456.126) 241 (0 0 461.528) 119 (1 0 518.912) 559 (0 0 521) 101 (1 0 539.117) 541 (0 0 545) 669 (1 0 565.348) 229 (0 0 567.042) 143 (1 0 576.383) 583 (0 0 579) 421 (0 0 720) 

- route 2: 402 (0 0 142.644) 44 (0 1 143.65) 244 (0 0 148) 22 (1 0 187.419) 462 (0 0 189) 679 (1 0 234.487) 239 (0 0 236.636) 722 (1 0 240.584) 282 (0 0 242.398) 5 (1 0 286) 205 (0 0 288.845) 45 (0 1 298) 245 (0 0 303.026) 30 (0 1 374.745) 97 (1 1 381.267) 537 (0 1 385) 230 (0 0 420.001) 158 (1 0 441.633) 358 (0 0 446) 195 (1 0 509) 395 (0 0 518.084) 31 (0 1 554) 181 (1 1 562) 381 (0 1 566.71) 231 (0 0 599.256) 422 (0 0 720) 

- route 3: 403 (0 0 61.2162) 14 (0 1 67.868) 48 (1 1 78.9624) 214 (1 0 100) 248 (0 0 124.875) 190 (1 0 166.343) 390 (0 0 176) 191 (1 0 291) 391 (0 0 304.986) 49 (1 0 379.502) 18 (2 0 408.685) 458 (1 0 411) 249 (0 0 425.415) 46 (1 0 434.958) 246 (0 0 458) 47 (1 0 527.882) 29 (2 0 547) 469 (1 0 551) 247 (0 0 561.944) 423 (0 0 720) 

- route 4: 404 (0 0 63.8063) 38 (1 0 64.956) 478 (0 0 67) 6 (1 0 135.893) 446 (0 0 137) 16 (0 1 145.609) 216 (0 0 149) 34 (1 0 171.402) 68 (2 0 192.029) 508 (1 0 195) 234 (0 0 203.424) 72 (1 0 281.561) 272 (0 0 285) 66 (1 0 325.278) 157 (2 0 349.124) 597 (1 0 351) 118 (2 0 353.944) 558 (1 0 357) 266 (0 0 362) 124 (1 0 369.614) 59 (2 0 372.272) 324 (1 0 379.601) 259 (0 0 400.259) 147 (1 0 402.755) 587 (0 0 405) 35 (1 0 463) 235 (0 0 495.022) 27 (1 0 623) 227 (0 0 634.835) 424 (0 0 720) 

- route 5: 405 (0 0 146.292) 58 (1 0 148.257) 258 (0 0 175) 104 (0 1 183.613) 304 (0 0 191.831) 39 (1 0 197.759) 479 (0 0 203) 116 (1 0 274.628) 316 (0 0 301.024) 90 (1 0 303.669) 530 (0 0 307) 705 (1 0 403.559) 265 (0 0 406.093) 151 (1 0 488.573) 591 (0 0 493) 721 (1 0 502.015) 281 (0 0 504.09) 715 (1 0 544.1) 275 (0 0 548.131) 731 (1 0 562.825) 291 (0 0 566.156) 93 (1 0 577) 293 (0 0 580.61) 425 (0 0 720) 

- route 6: 406 (0 0 61.4582) 86 (1 0 64.656) 526 (0 0 67) 727 (1 0 262.149) 287 (0 0 264.493) 95 (0 1 269) 295 (0 0 276.774) 51 (1 0 337.681) 251 (0 0 341.534) 92 (1 0 345.26) 292 (0 0 348) 78 (1 0 361.51) 518 (0 0 365) 737 (1 0 418.746) 297 (0 0 423.721) 658 (1 0 439.268) 218 (0 0 442.968) 19 (1 0 576.598) 459 (0 0 579) 719 (1 0 580.264) 279 (0 0 583.753) 426 (0 0 720) 

- route 7: 407 (0 0 160.28) 64 (1 0 163.275) 504 (0 0 167) 786 (1 0 208.437) 346 (0 0 210.682) 82 (1 0 215.692) 70 (1 1 217.36) 522 (0 1 221) 270 (0 0 229.533) 790 (1 0 245.425) 350 (0 0 249.852) 74 (1 0 252.969) 514 (0 0 257) 80 (1 0 300.926) 520 (0 0 303) 52 (1 0 312.432) 492 (0 0 315) 88 (1 0 376.788) 288 (0 0 403) 127 (1 0 413) 327 (0 0 421.253) 818 (1 0 444.28) 378 (0 0 448.237) 155 (1 0 482.176) 595 (0 0 485) 89 (1 0 508.237) 67 (2 0 511.92) 113 (2 1 515) 313 (2 0 520.831) 289 (1 0 547.055) 267 (0 0 551.044) 61 (1 0 558) 261 (0 0 567.588) 427 (0 0 720) 

- route 8: 408 (0 0 101.226) 84 (1 0 103.768) 284 (0 0 108) 50 (1 0 139.148) 250 (0 0 143) 96 (1 0 156.389) 536 (0 0 159.413) 94 (0 1 164.817) 294 (0 0 171) 15 (0 1 187.83) 98 (0 2 195.474) 680 (1 2 208.899) 240 (0 2 211.463) 298 (0 1 221.574) 215 (0 0 231.482) 32 (1 0 255.176) 472 (0 0 257) 17 (0 1 269.201) 217 (0 0 272.592) 165 (1 0 277.157) 605 (0 0 279) 12 (1 0 344.168) 212 (0 0 349) 26 (1 0 365.776) 226 (0 0 374) 65 (1 0 379.45) 505 (0 0 387) 668 (1 0 429.511) 228 (0 0 431.987) 650 (1 0 466.492) 210 (0 0 469.747) 11 (1 0 628.602) 451 (0 0 631) 428 (0 0 720) 

- route 9: 409 (0 0 72.6613) 56 (1 0 73.8796) 496 (0 0 77) 54 (0 1 199.477) 254 (0 0 209) 85 (1 0 235) 285 (0 0 240.848) 60 (1 0 313.11) 697 (2 0 318.023) 257 (1 0 321.144) 260 (0 0 322.698) 692 (1 0 325.022) 252 (0 0 329.271) 812 (1 0 336.61) 372 (0 0 339) 55 (0 1 402.287) 810 (1 1 408.572) 370 (0 1 411) 255 (0 0 415.072) 171 (1 0 536) 611 (0 0 539) 429 (0 0 720) 

- route 10: 410 (0 0 91.4952) 148 (0 1 92.2653) 678 (1 1 98.5102) 238 (0 1 103.833) 348 (0 0 126) 149 (0 1 202.601) 140 (0 2 225.199) 340 (0 1 233.072) 349 (0 0 238.8) 708 (1 0 242.57) 268 (0 0 245.412) 100 (1 0 278.813) 540 (0 0 285) 110 (0 1 296.947) 134 (0 2 307.486) 334 (0 1 311.988) 142 (1 1 318.276) 310 (1 0 337.736) 816 (2 0 340.986) 376 (1 0 343.199) 342 (0 0 347.535) 836 (1 0 359.656) 396 (0 0 362.076) 718 (1 0 393.61) 24 (2 0 395.333) 278 (1 0 396.86) 464 (0 0 399) 663 (1 0 500.183) 223 (0 0 501.763) 111 (0 1 533) 139 (1 1 560.143) 339 (0 1 565.56) 311 (0 0 573.533) 741 (1 0 578.539) 301 (0 0 584.726) 137 (0 1 595.272) 783 (1 1 602.401) 343 (0 1 605.643) 337 (0 0 612.463) 430 (0 0 720) 

- route 11: 411 (0 0 108.788) 120 (1 0 113.02) 560 (0 0 115) 108 (1 0 196.618) 308 (0 0 200.785) 132 (1 0 204.228) 332 (0 0 209) 133 (1 0 337) 333 (0 0 343.657) 102 (1 0 357.011) 107 (2 0 362) 307 (1 0 365.429) 302 (0 0 369.786) 122 (0 1 390.154) 322 (0 0 394.727) 138 (1 0 402.582) 338 (0 0 408) 136 (0 1 420.279) 109 (1 1 428.446) 309 (0 1 432.613) 336 (0 0 436.081) 10 (1 0 442.907) 450 (0 0 445) 125 (1 0 512) 325 (0 0 524.096) 135 (0 1 550) 335 (0 0 555.253) 123 (0 1 629) 323 (0 0 634.36) 431 (0 0 720) 

- route 12: 412 (0 0 132.543) 106 (1 0 134.709) 306 (0 0 138) 0 (0 1 190.448) 200 (0 0 212) 1 (0 1 347) 201 (0 0 377.829) 3 (0 1 408.416) 99 (0 2 423) 203 (0 1 429.503) 41 (1 1 439.662) 481 (0 1 442.227) 299 (0 0 453.652) 117 (1 0 467.196) 723 (2 0 471.719) 283 (1 0 473.892) 144 (2 0 498.987) 317 (1 0 506.289) 813 (2 0 520.424) 373 (1 0 522.298) 344 (0 0 524.401) 145 (1 0 610) 345 (0 0 635.413) 651 (1 0 652.693) 211 (0 0 655.443) 432 (0 0 720) 

- route 13: 413 (0 0 167.01) 146 (1 0 168.661) 586 (0 0 171) 796 (1 0 216.346) 356 (0 0 218.223) 112 (0 1 260.113) 312 (0 0 265) 672 (1 0 281.051) 232 (0 0 283.656) 761 (1 0 287.783) 321 (0 0 289.763) 714 (1 0 296.1) 274 (0 0 299.051) 720 (1 0 339.36) 280 (0 0 341.071) 130 (1 0 364.599) 330 (0 0 368) 794 (1 0 387.838) 354 (0 0 391.549) 128 (1 0 412.056) 328 (0 0 416) 105 (0 1 429.031) 305 (0 0 437.249) 787 (1 0 442.437) 347 (0 0 444.777) 69 (1 0 454.968) 509 (0 0 457) 81 (1 0 463.944) 521 (0 0 465.655) 141 (0 1 467.404) 341 (0 0 475.277) 755 (1 0 480.817) 315 (0 0 482.695) 33 (1 0 484.525) 473 (0 0 487) 75 (1 0 502.049) 515 (0 0 505) 103 (1 0 544.572) 759 (2 0 550.297) 319 (1 0 553.353) 303 (0 0 556.451) 179 (1 0 560.591) 619 (0 0 565) 433 (0 0 720) 

- route 14: 414 (0 0 173.836) 114 (1 0 174.715) 554 (0 0 177) 126 (1 0 232.165) 326 (0 0 238) 730 (1 0 355.231) 290 (0 0 358) 664 (1 0 432.027) 224 (0 0 436.79) 25 (1 0 506.546) 91 (2 0 511.231) 465 (1 0 514) 531 (0 0 515) 129 (1 0 531) 329 (0 0 536.416) 131 (1 0 612) 331 (0 0 616.602) 434 (0 0 720) 

- route 15: 415 (0 0 129.726) 182 (0 1 130.867) 382 (0 0 139) 76 (0 1 170.176) 276 (0 0 180) 62 (0 1 207.968) 662 (1 1 229.183) 222 (0 1 231.517) 262 (0 0 239) 199 (1 0 335) 399 (0 0 337.191) 154 (1 0 357.007) 594 (0 0 359) 168 (1 0 424.313) 368 (0 0 428.008) 180 (1 0 429.527) 380 (0 0 433) 115 (1 0 452) 555 (0 0 459) 163 (1 0 470) 363 (0 0 473.717) 791 (1 0 513.425) 351 (0 0 516.813) 811 (1 0 567.893) 371 (0 0 572.55) 159 (1 0 578) 359 (0 0 584.051) 435 (0 0 720) 

- route 16: 416 (0 0 37.9495) 164 (1 0 39.1152) 604 (0 0 41) 760 (1 0 143.783) 320 (0 0 146.993) 646 (1 0 174.607) 206 (0 0 176.314) 121 (1 0 255.79) 561 (0 0 259) 194 (1 0 280.611) 394 (0 0 287) 174 (1 0 293.221) 374 (0 0 301) 175 (1 0 419) 375 (0 0 430.169) 187 (0 1 489) 387 (0 0 501.717) 795 (1 0 514.725) 355 (0 0 516.718) 436 (0 0 720) 

- route 17: 417 (0 0 181.474) 156 (1 0 186.513) 596 (0 0 191) 754 (1 0 203.791) 314 (0 0 206) 198 (1 0 215.206) 398 (0 0 217) 150 (1 0 221.612) 590 (0 0 225) 162 (1 0 267.188) 362 (0 0 270) 183 (0 1 276) 383 (0 0 286.7) 192 (0 1 295.776) 172 (1 1 303.126) 612 (0 1 305) 392 (0 0 310.02) 193 (0 1 375.117) 7 (1 1 379.293) 447 (0 1 381) 393 (0 0 389.361) 152 (1 0 456.004) 23 (2 0 457.666) 592 (1 0 460) 463 (0 0 461) 817 (1 0 466.986) 377 (0 0 468.32) 837 (1 0 488.363) 397 (0 0 490.528) 437 (0 0 720) 

- route 18: 418 (0 0 85.915) 166 (0 1 88.3088) 696 (1 1 96.0233) 256 (0 1 100.655) 366 (0 0 120.167) 8 (1 0 126.188) 208 (0 0 130) 736 (1 0 194.357) 9 (2 0 195.392) 296 (1 0 198.842) 209 (0 0 200.61) 87 (1 0 244.59) 527 (0 0 249) 167 (0 1 275.431) 57 (1 1 294.369) 497 (0 1 299) 176 (1 1 301.666) 616 (0 1 303) 367 (0 0 309.776) 196 (1 0 314.835) 636 (0 0 317) 805 (1 0 318.092) 365 (0 0 319.976) 186 (0 1 342.522) 386 (0 0 352) 63 (0 1 364) 71 (0 2 384.935) 271 (0 1 394.051) 263 (0 0 399.844) 77 (0 1 418) 277 (0 0 431.236) 792 (1 0 475.63) 352 (0 0 478.841) 153 (1 0 581.601) 819 (2 0 590.087) 379 (1 0 594.235) 353 (0 0 604.438) 438 (0 0 720) 

- route 19: 419 (0 0 153.458) 184 (1 0 158.177) 188 (2 0 164.537) 384 (1 0 170) 388 (0 0 180.408) 189 (1 0 306.968) 185 (2 0 314) 389 (1 0 321.972) 385 (0 0 328.332) 170 (1 0 370.343) 610 (0 0 375) 797 (1 0 377.2) 357 (0 0 380.834) 160 (1 0 408.973) 178 (2 0 414.593) 618 (1 0 418.741) 73 (2 0 429.882) 273 (1 0 433.321) 360 (0 0 439) 173 (1 0 484.61) 613 (0 0 487) 709 (1 0 505.38) 269 (0 0 508.351) 161 (1 0 538) 53 (2 0 545.946) 253 (1 0 557.505) 361 (0 0 570.268) 169 (1 0 641) 369 (0 0 646.042) 439 (0 0 720) 


Data DARP: datafile5.txt
Transfers: 1
Relative MRT: 1
MRT factor: 1.5
Speed factor PT : 1
PT interval: 10
Iterations: 25000
Iter without impr: 500
Max removal pct: 0.3
Max deterior pct: 0.04
Clustered removal: 0
IDARP adapted: 1
Without operator:  0
Terminals per node: 3
Priority non PT: 0
Priority PT: 0
Priority long: 0
Priority short: 0
Current iteration: 15000
Total distance: 2000.55
Computation time: 3514.51
Average ride time: 20.3646
Pct PT users: 0.345
Users PT: 6 7 10 11 18 19 22 23 24 25 28 29 32 33 38 39 40 41 52 56 57 64 65 68 69 74 75 78 79 80 81 82 83 86 87 90 91 96 97 100 101 114 115 118 119 120 121 143 146 147 150 151 152 154 155 156 157 164 165 170 171 172 173 176 177 178 179 196 197 

- route 0: 400 (0 0 70.1494) 726 (1 0 80.1494) 286 (0 0 84.5592) 704 (1 0 181.926) 264 (0 0 189.918) 20 (1 0 197.488) 220 (0 0 204) 21 (1 0 304) 221 (0 0 313.268) 43 (0 1 409.984) 647 (1 1 418.607) 207 (0 1 419.715) 243 (0 0 423.45) 177 (1 0 426.787) 617 (0 0 429) 83 (1 0 447.186) 523 (0 0 449) 673 (1 0 512.855) 233 (0 0 516.519) 13 (1 0 537.115) 213 (0 0 541.947) 665 (1 0 545.035) 225 (0 0 546.758) 79 (1 0 548.286) 519 (0 0 551) 659 (1 0 608.566) 219 (0 0 610.882) 420 (0 0 720) 

- route 1: 401 (0 0 80.0916) 804 (1 0 80.0916) 364 (0 0 81.9349) 4 (1 0 90.77) 204 (0 0 93) 36 (1 0 176.552) 236 (0 0 180) 40 (1 0 189.598) 480 (0 0 195) 42 (0 1 208.564) 242 (0 0 219) 2 (0 1 236.499) 202 (0 0 252) 37 (1 0 276) 237 (0 0 280.672) 740 (1 0 319.636) 300 (0 0 325.519) 758 (1 0 384.97) 318 (0 0 388.386) 28 (1 0 411.945) 468 (0 0 415) 197 (1 0 443.286) 637 (0 0 445) 681 (1 0 456.126) 241 (0 0 461.528) 119 (1 0 518.912) 559 (0 0 521) 101 (1 0 539.117) 541 (0 0 545) 669 (1 0 565.348) 229 (0 0 567.042) 143 (1 0 576.383) 583 (0 0 579) 421 (0 0 720) 

- route 2: 402 (0 0 142.644) 44 (0 1 143.65) 244 (0 0 148) 22 (1 0 187.419) 462 (0 0 189) 679 (1 0 234.487) 239 (0 0 236.636) 722 (1 0 240.584) 282 (0 0 242.398) 5 (1 0 286) 205 (0 0 288.845) 45 (0 1 298) 245 (0 0 303.026) 30 (0 1 374.745) 97 (1 1 381.267) 537 (0 1 385) 230 (0 0 420.001) 158 (1 0 441.633) 358 (0 0 446) 195 (1 0 509) 395 (0 0 518.084) 31 (0 1 554) 181 (1 1 562) 381 (0 1 566.71) 231 (0 0 599.256) 422 (0 0 720) 

- route 3: 403 (0 0 61.2162) 14 (0 1 67.868) 48 (1 1 78.9624) 214 (1 0 100) 248 (0 0 124.875) 190 (1 0 166.343) 390 (0 0 176) 191 (1 0 291) 391 (0 0 304.986) 49 (1 0 379.502) 18 (2 0 408.685) 458 (1 0 411) 249 (0 0 425.415) 46 (1 0 434.958) 246 (0 0 458) 47 (1 0 527.882) 29 (2 0 547) 469 (1 0 551) 247 (0 0 561.944) 423 (0 0 720) 

- route 4: 404 (0 0 63.8063) 38 (1 0 64.956) 478 (0 0 67) 6 (1 0 135.893) 446 (0 0 137) 16 (0 1 145.609) 216 (0 0 149) 34 (1 0 171.402) 68 (2 0 192.029) 508 (1 0 195) 234 (0 0 203.424) 72 (1 0 281.561) 272 (0 0 285) 66 (1 0 325.278) 157 (2 0 349.124) 597 (1 0 351) 118 (2 0 353.944) 558 (1 0 357) 266 (0 0 362) 124 (1 0 369.614) 59 (2 0 372.272) 324 (1 0 379.601) 259 (0 0 400.259) 147 (1 0 402.755) 587 (0 0 405) 35 (1 0 463) 235 (0 0 495.022) 27 (1 0 623) 227 (0 0 634.835) 424 (0 0 720) 

- route 5: 405 (0 0 146.292) 58 (1 0 148.257) 258 (0 0 175) 104 (0 1 183.613) 304 (0 0 191.831) 39 (1 0 197.759) 479 (0 0 203) 116 (1 0 274.628) 316 (0 0 301.024) 90 (1 0 303.669) 530 (0 0 307) 705 (1 0 403.559) 265 (0 0 406.093) 151 (1 0 488.573) 591 (0 0 493) 721 (1 0 502.015) 281 (0 0 504.09) 715 (1 0 544.1) 275 (0 0 548.131) 731 (1 0 562.825) 291 (0 0 566.156) 93 (1 0 577) 293 (0 0 580.61) 425 (0 0 720) 

- route 6: 406 (0 0 61.4582) 86 (1 0 64.656) 526 (0 0 67) 727 (1 0 262.149) 287 (0 0 264.493) 95 (0 1 269) 295 (0 0 276.774) 51 (1 0 337.681) 251 (0 0 341.534) 92 (1 0 345.26) 292 (0 0 348) 78 (1 0 361.51) 518 (0 0 365) 737 (1 0 418.746) 297 (0 0 423.721) 658 (1 0 439.268) 218 (0 0 442.968) 19 (1 0 576.598) 459 (0 0 579) 719 (1 0 580.264) 279 (0 0 583.753) 426 (0 0 720) 

- route 7: 407 (0 0 160.28) 64 (1 0 163.275) 504 (0 0 167) 786 (1 0 208.437) 346 (0 0 210.682) 82 (1 0 215.692) 70 (1 1 217.36) 522 (0 1 221) 270 (0 0 229.533) 790 (1 0 245.425) 350 (0 0 249.852) 74 (1 0 252.969) 514 (0 0 257) 80 (1 0 300.926) 520 (0 0 303) 52 (1 0 312.432) 492 (0 0 315) 88 (1 0 376.788) 288 (0 0 403) 127 (1 0 413) 327 (0 0 421.253) 818 (1 0 444.28) 378 (0 0 448.237) 155 (1 0 482.176) 595 (0 0 485) 89 (1 0 508.237) 67 (2 0 511.92) 113 (2 1 515) 313 (2 0 520.831) 289 (1 0 547.055) 267 (0 0 551.044) 61 (1 0 558) 261 (0 0 567.588) 427 (0 0 720) 

- route 8: 408 (0 0 101.226) 84 (1 0 103.768) 284 (0 0 108) 50 (1 0 139.148) 250 (0 0 143) 96 (1 0 156.389) 536 (0 0 159.413) 94 (0 1 164.817) 294 (0 0 171) 15 (0 1 187.83) 98 (0 2 195.474) 680 (1 2 208.899) 240 (0 2 211.463) 298 (0 1 221.574) 215 (0 0 231.482) 32 (1 0 255.176) 472 (0 0 257) 17 (0 1 269.201) 217 (0 0 272.592) 165 (1 0 277.157) 605 (0 0 279) 12 (1 0 344.168) 212 (0 0 349) 26 (1 0 365.776) 226 (0 0 374) 65 (1 0 379.45) 505 (0 0 387) 668 (1 0 429.511) 228 (0 0 431.987) 650 (1 0 466.492) 210 (0 0 469.747) 11 (1 0 628.602) 451 (0 0 631) 428 (0 0 720) 

- route 9: 409 (0 0 72.6613) 56 (1 0 73.8796) 496 (0 0 77) 54 (0 1 199.477) 254 (0 0 209) 85 (1 0 235) 285 (0 0 240.848) 60 (1 0 313.11) 697 (2 0 318.023) 257 (1 0 321.144) 260 (0 0 322.698) 692 (1 0 325.022) 252 (0 0 329.271) 812 (1 0 336.61) 372 (0 0 339) 55 (0 1 402.287) 810 (1 1 408.572) 370 (0 1 411) 255 (0 0 415.072) 171 (1 0 536) 611 (0 0 539) 429 (0 0 720) 

- route 10: 410 (0 0 91.4952) 148 (0 1 92.2653) 678 (1 1 98.5102) 238 (0 1 103.833) 348 (0 0 126) 149 (0 1 202.601) 140 (0 2 225.199) 340 (0 1 233.072) 349 (0 0 238.8) 708 (1 0 242.57) 268 (0 0 245.412) 100 (1 0 278.813) 540 (0 0 285) 110 (0 1 296.947) 134 (0 2 307.486) 334 (0 1 311.988) 142 (1 1 318.276) 310 (1 0 337.736) 816 (2 0 340.986) 376 (1 0 343.199) 342 (0 0 347.535) 836 (1 0 359.656) 396 (0 0 362.076) 718 (1 0 393.61) 24 (2 0 395.333) 278 (1 0 396.86) 464 (0 0 399) 663 (1 0 500.183) 223 (0 0 501.763) 111 (0 1 533) 139 (1 1 560.143) 339 (0 1 565.56) 311 (0 0 573.533) 741 (1 0 578.539) 301 (0 0 584.726) 137 (0 1 595.272) 783 (1 1 602.401) 343 (0 1 605.643) 337 (0 0 612.463) 430 (0 0 720) 

- route 11: 411 (0 0 108.788) 120 (1 0 113.02) 560 (0 0 115) 108 (1 0 196.618) 308 (0 0 200.785) 132 (1 0 204.228) 332 (0 0 209) 133 (1 0 337) 333 (0 0 343.657) 102 (1 0 357.011) 107 (2 0 362) 307 (1 0 365.429) 302 (0 0 369.786) 122 (0 1 390.154) 322 (0 0 394.727) 138 (1 0 402.582) 338 (0 0 408) 136 (0 1 420.279) 109 (1 1 428.446) 309 (0 1 432.613) 336 (0 0 436.081) 10 (1 0 442.907) 450 (0 0 445) 125 (1 0 512) 325 (0 0 524.096) 135 (0 1 550) 335 (0 0 555.253) 123 (0 1 629) 323 (0 0 634.36) 431 (0 0 720) 

- route 12: 412 (0 0 132.543) 106 (1 0 134.709) 306 (0 0 138) 0 (0 1 190.448) 200 (0 0 212) 1 (0 1 347) 201 (0 0 377.829) 3 (0 1 408.416) 99 (0 2 423) 203 (0 1 429.503) 41 (1 1 439.662) 481 (0 1 442.227) 299 (0 0 453.652) 117 (1 0 467.196) 723 (2 0 471.719) 283 (1 0 473.892) 144 (2 0 498.987) 317 (1 0 506.289) 813 (2 0 520.424) 373 (1 0 522.298) 344 (0 0 524.401) 145 (1 0 610) 345 (0 0 635.413) 651 (1 0 652.693) 211 (0 0 655.443) 432 (0 0 720) 

- route 13: 413 (0 0 167.01) 146 (1 0 168.661) 586 (0 0 171) 796 (1 0 216.346) 356 (0 0 218.223) 112 (0 1 260.113) 312 (0 0 265) 672 (1 0 281.051) 232 (0 0 283.656) 761 (1 0 287.783) 321 (0 0 289.763) 714 (1 0 296.1) 274 (0 0 299.051) 720 (1 0 339.36) 280 (0 0 341.071) 130 (1 0 364.599) 330 (0 0 368) 794 (1 0 387.838) 354 (0 0 391.549) 128 (1 0 412.056) 328 (0 0 416) 105 (0 1 429.031) 305 (0 0 437.249) 787 (1 0 442.437) 347 (0 0 444.777) 69 (1 0 454.968) 509 (0 0 457) 81 (1 0 463.944) 521 (0 0 465.655) 141 (0 1 467.404) 341 (0 0 475.277) 755 (1 0 480.817) 315 (0 0 482.695) 33 (1 0 484.525) 473 (0 0 487) 75 (1 0 502.049) 515 (0 0 505) 103 (1 0 544.572) 759 (2 0 550.297) 319 (1 0 553.353) 303 (0 0 556.451) 179 (1 0 560.591) 619 (0 0 565) 433 (0 0 720) 

- route 14: 414 (0 0 173.836) 114 (1 0 174.715) 554 (0 0 177) 126 (1 0 232.165) 326 (0 0 238) 730 (1 0 355.231) 290 (0 0 358) 664 (1 0 432.027) 224 (0 0 436.79) 25 (1 0 506.546) 91 (2 0 511.231) 465 (1 0 514) 531 (0 0 515) 129 (1 0 531) 329 (0 0 536.416) 131 (1 0 612) 331 (0 0 616.602) 434 (0 0 720) 

- route 15: 415 (0 0 129.726) 182 (0 1 130.867) 382 (0 0 139) 76 (0 1 170.176) 276 (0 0 180) 62 (0 1 207.968) 662 (1 1 229.183) 222 (0 1 231.517) 262 (0 0 239) 199 (1 0 335) 399 (0 0 337.191) 154 (1 0 357.007) 594 (0 0 359) 168 (1 0 424.313) 368 (0 0 428.008) 180 (1 0 429.527) 380 (0 0 433) 115 (1 0 452) 555 (0 0 459) 163 (1 0 470) 363 (0 0 473.717) 791 (1 0 513.425) 351 (0 0 516.813) 811 (1 0 567.893) 371 (0 0 572.55) 159 (1 0 578) 359 (0 0 584.051) 435 (0 0 720) 

- route 16: 416 (0 0 37.9495) 164 (1 0 39.1152) 604 (0 0 41) 760 (1 0 143.783) 320 (0 0 146.993) 646 (1 0 174.607) 206 (0 0 176.314) 121 (1 0 255.79) 561 (0 0 259) 194 (1 0 280.611) 394 (0 0 287) 174 (1 0 293.221) 374 (0 0 301) 175 (1 0 419) 375 (0 0 430.169) 187 (0 1 489) 387 (0 0 501.717) 795 (1 0 514.725) 355 (0 0 516.718) 436 (0 0 720) 

- route 17: 417 (0 0 181.474) 156 (1 0 186.513) 596 (0 0 191) 754 (1 0 203.791) 314 (0 0 206) 198 (1 0 215.206) 398 (0 0 217) 150 (1 0 221.612) 590 (0 0 225) 162 (1 0 267.188) 362 (0 0 270) 183 (0 1 276) 383 (0 0 286.7) 192 (0 1 295.776) 172 (1 1 303.126) 612 (0 1 305) 392 (0 0 310.02) 193 (0 1 375.117) 7 (1 1 379.293) 447 (0 1 381) 393 (0 0 389.361) 152 (1 0 456.004) 23 (2 0 457.666) 592 (1 0 460) 463 (0 0 461) 817 (1 0 466.986) 377 (0 0 468.32) 837 (1 0 488.363) 397 (0 0 490.528) 437 (0 0 720) 

- route 18: 418 (0 0 85.915) 166 (0 1 88.3088) 696 (1 1 96.0233) 256 (0 1 100.655) 366 (0 0 120.167) 8 (1 0 126.188) 208 (0 0 130) 736 (1 0 194.357) 9 (2 0 195.392) 296 (1 0 198.842) 209 (0 0 200.61) 87 (1 0 244.59) 527 (0 0 249) 167 (0 1 275.431) 57 (1 1 294.369) 497 (0 1 299) 176 (1 1 301.666) 616 (0 1 303) 367 (0 0 309.776) 196 (1 0 314.835) 636 (0 0 317) 805 (1 0 318.092) 365 (0 0 319.976) 186 (0 1 342.522) 386 (0 0 352) 63 (0 1 364) 71 (0 2 384.935) 271 (0 1 394.051) 263 (0 0 399.844) 77 (0 1 418) 277 (0 0 431.236) 792 (1 0 475.63) 352 (0 0 478.841) 153 (1 0 581.601) 819 (2 0 590.087) 379 (1 0 594.235) 353 (0 0 604.438) 438 (0 0 720) 

- route 19: 419 (0 0 153.458) 184 (1 0 158.177) 188 (2 0 164.537) 384 (1 0 170) 388 (0 0 180.408) 189 (1 0 306.968) 185 (2 0 314) 389 (1 0 321.972) 385 (0 0 328.332) 170 (1 0 370.343) 610 (0 0 375) 797 (1 0 377.2) 357 (0 0 380.834) 160 (1 0 408.973) 178 (2 0 414.593) 618 (1 0 418.741) 73 (2 0 429.882) 273 (1 0 433.321) 360 (0 0 439) 173 (1 0 484.61) 613 (0 0 487) 709 (1 0 505.38) 269 (0 0 508.351) 161 (1 0 538) 53 (2 0 545.946) 253 (1 0 557.505) 361 (0 0 570.268) 169 (1 0 641) 369 (0 0 646.042) 439 (0 0 720) 


Data DARP: datafile5.txt
Transfers: 1
Relative MRT: 1
MRT factor: 1.5
Speed factor PT : 1
PT interval: 10
Iterations: 25000
Iter without impr: 500
Max removal pct: 0.3
Max deterior pct: 0.04
Clustered removal: 0
IDARP adapted: 1
Without operator:  0
Terminals per node: 3
Priority non PT: 0
Priority PT: 0
Priority long: 0
Priority short: 0
Current iteration: 20000
Total distance: 2000.55
Computation time: 4728.67
Average ride time: 20.3646
Pct PT users: 0.345
Users PT: 6 7 10 11 18 19 22 23 24 25 28 29 32 33 38 39 40 41 52 56 57 64 65 68 69 74 75 78 79 80 81 82 83 86 87 90 91 96 97 100 101 114 115 118 119 120 121 143 146 147 150 151 152 154 155 156 157 164 165 170 171 172 173 176 177 178 179 196 197 

- route 0: 400 (0 0 70.1494) 726 (1 0 80.1494) 286 (0 0 84.5592) 704 (1 0 181.926) 264 (0 0 189.918) 20 (1 0 197.488) 220 (0 0 204) 21 (1 0 304) 221 (0 0 313.268) 43 (0 1 409.984) 647 (1 1 418.607) 207 (0 1 419.715) 243 (0 0 423.45) 177 (1 0 426.787) 617 (0 0 429) 83 (1 0 447.186) 523 (0 0 449) 673 (1 0 512.855) 233 (0 0 516.519) 13 (1 0 537.115) 213 (0 0 541.947) 665 (1 0 545.035) 225 (0 0 546.758) 79 (1 0 548.286) 519 (0 0 551) 659 (1 0 608.566) 219 (0 0 610.882) 420 (0 0 720) 

- route 1: 401 (0 0 80.0916) 804 (1 0 80.0916) 364 (0 0 81.9349) 4 (1 0 90.77) 204 (0 0 93) 36 (1 0 176.552) 236 (0 0 180) 40 (1 0 189.598) 480 (0 0 195) 42 (0 1 208.564) 242 (0 0 219) 2 (0 1 236.499) 202 (0 0 252) 37 (1 0 276) 237 (0 0 280.672) 740 (1 0 319.636) 300 (0 0 325.519) 758 (1 0 384.97) 318 (0 0 388.386) 28 (1 0 411.945) 468 (0 0 415) 197 (1 0 443.286) 637 (0 0 445) 681 (1 0 456.126) 241 (0 0 461.528) 119 (1 0 518.912) 559 (0 0 521) 101 (1 0 539.117) 541 (0 0 545) 669 (1 0 565.348) 229 (0 0 567.042) 143 (1 0 576.383) 583 (0 0 579) 421 (0 0 720) 

- route 2: 402 (0 0 142.644) 44 (0 1 143.65) 244 (0 0 148) 22 (1 0 187.419) 462 (0 0 189) 679 (1 0 234.487) 239 (0 0 236.636) 722 (1 0 240.584) 282 (0 0 242.398) 5 (1 0 286) 205 (0 0 288.845) 45 (0 1 298) 245 (0 0 303.026) 30 (0 1 374.745) 97 (1 1 381.267) 537 (0 1 385) 230 (0 0 420.001) 158 (1 0 441.633) 358 (0 0 446) 195 (1 0 509) 395 (0 0 518.084) 31 (0 1 554) 181 (1 1 562) 381 (0 1 566.71) 231 (0 0 599.256) 422 (0 0 720) 

- route 3: 403 (0 0 61.2162) 14 (0 1 67.868) 48 (1 1 78.9624) 214 (1 0 100) 248 (0 0 124.875) 190 (1 0 166.343) 390 (0 0 176) 191 (1 0 291) 391 (0 0 304.986) 49 (1 0 379.502) 18 (2 0 408.685) 458 (1 0 411) 249 (0 0 425.415) 46 (1 0 434.958) 246 (0 0 458) 47 (1 0 527.882) 29 (2 0 547) 469 (1 0 551) 247 (0 0 561.944) 423 (0 0 720) 

- route 4: 404 (0 0 63.8063) 38 (1 0 64.956) 478 (0 0 67) 6 (1 0 135.893) 446 (0 0 137) 16 (0 1 145.609) 216 (0 0 149) 34 (1 0 171.402) 68 (2 0 192.029) 508 (1 0 195) 234 (0 0 203.424) 72 (1 0 281.561) 272 (0 0 285) 66 (1 0 325.278) 157 (2 0 349.124) 597 (1 0 351) 118 (2 0 353.944) 558 (1 0 357) 266 (0 0 362) 124 (1 0 369.614) 59 (2 0 372.272) 324 (1 0 379.601) 259 (0 0 400.259) 147 (1 0 402.755) 587 (0 0 405) 35 (1 0 463) 235 (0 0 495.022) 27 (1 0 623) 227 (0 0 634.835) 424 (0 0 720) 

- route 5: 405 (0 0 146.292) 58 (1 0 148.257) 258 (0 0 175) 104 (0 1 183.613) 304 (0 0 191.831) 39 (1 0 197.759) 479 (0 0 203) 116 (1 0 274.628) 316 (0 0 301.024) 90 (1 0 303.669) 530 (0 0 307) 705 (1 0 403.559) 265 (0 0 406.093) 151 (1 0 488.573) 591 (0 0 493) 721 (1 0 502.015) 281 (0 0 504.09) 715 (1 0 544.1) 275 (0 0 548.131) 731 (1 0 562.825) 291 (0 0 566.156) 93 (1 0 577) 293 (0 0 580.61) 425 (0 0 720) 

- route 6: 406 (0 0 61.4582) 86 (1 0 64.656) 526 (0 0 67) 727 (1 0 262.149) 287 (0 0 264.493) 95 (0 1 269) 295 (0 0 276.774) 51 (1 0 337.681) 251 (0 0 341.534) 92 (1 0 345.26) 292 (0 0 348) 78 (1 0 361.51) 518 (0 0 365) 737 (1 0 418.746) 297 (0 0 423.721) 658 (1 0 439.268) 218 (0 0 442.968) 19 (1 0 576.598) 459 (0 0 579) 719 (1 0 580.264) 279 (0 0 583.753) 426 (0 0 720) 

- route 7: 407 (0 0 160.28) 64 (1 0 163.275) 504 (0 0 167) 786 (1 0 208.437) 346 (0 0 210.682) 82 (1 0 215.692) 70 (1 1 217.36) 522 (0 1 221) 270 (0 0 229.533) 790 (1 0 245.425) 350 (0 0 249.852) 74 (1 0 252.969) 514 (0 0 257) 80 (1 0 300.926) 520 (0 0 303) 52 (1 0 312.432) 492 (0 0 315) 88 (1 0 376.788) 288 (0 0 403) 127 (1 0 413) 327 (0 0 421.253) 818 (1 0 444.28) 378 (0 0 448.237) 155 (1 0 482.176) 595 (0 0 485) 89 (1 0 508.237) 67 (2 0 511.92) 113 (2 1 515) 313 (2 0 520.831) 289 (1 0 547.055) 267 (0 0 551.044) 61 (1 0 558) 261 (0 0 567.588) 427 (0 0 720) 

- route 8: 408 (0 0 101.226) 84 (1 0 103.768) 284 (0 0 108) 50 (1 0 139.148) 250 (0 0 143) 96 (1 0 156.389) 536 (0 0 159.413) 94 (0 1 164.817) 294 (0 0 171) 15 (0 1 187.83) 98 (0 2 195.474) 680 (1 2 208.899) 240 (0 2 211.463) 298 (0 1 221.574) 215 (0 0 231.482) 32 (1 0 255.176) 472 (0 0 257) 17 (0 1 269.201) 217 (0 0 272.592) 165 (1 0 277.157) 605 (0 0 279) 12 (1 0 344.168) 212 (0 0 349) 26 (1 0 365.776) 226 (0 0 374) 65 (1 0 379.45) 505 (0 0 387) 668 (1 0 429.511) 228 (0 0 431.987) 650 (1 0 466.492) 210 (0 0 469.747) 11 (1 0 628.602) 451 (0 0 631) 428 (0 0 720) 

- route 9: 409 (0 0 72.6613) 56 (1 0 73.8796) 496 (0 0 77) 54 (0 1 199.477) 254 (0 0 209) 85 (1 0 235) 285 (0 0 240.848) 60 (1 0 313.11) 697 (2 0 318.023) 257 (1 0 321.144) 260 (0 0 322.698) 692 (1 0 325.022) 252 (0 0 329.271) 812 (1 0 336.61) 372 (0 0 339) 55 (0 1 402.287) 810 (1 1 408.572) 370 (0 1 411) 255 (0 0 415.072) 171 (1 0 536) 611 (0 0 539) 429 (0 0 720) 

- route 10: 410 (0 0 91.4952) 148 (0 1 92.2653) 678 (1 1 98.5102) 238 (0 1 103.833) 348 (0 0 126) 149 (0 1 202.601) 140 (0 2 225.199) 340 (0 1 233.072) 349 (0 0 238.8) 708 (1 0 242.57) 268 (0 0 245.412) 100 (1 0 278.813) 540 (0 0 285) 110 (0 1 296.947) 134 (0 2 307.486) 334 (0 1 311.988) 142 (1 1 318.276) 310 (1 0 337.736) 816 (2 0 340.986) 376 (1 0 343.199) 342 (0 0 347.535) 836 (1 0 359.656) 396 (0 0 362.076) 718 (1 0 393.61) 24 (2 0 395.333) 278 (1 0 396.86) 464 (0 0 399) 663 (1 0 500.183) 223 (0 0 501.763) 111 (0 1 533) 139 (1 1 560.143) 339 (0 1 565.56) 311 (0 0 573.533) 741 (1 0 578.539) 301 (0 0 584.726) 137 (0 1 595.272) 783 (1 1 602.401) 343 (0 1 605.643) 337 (0 0 612.463) 430 (0 0 720) 

- route 11: 411 (0 0 108.788) 120 (1 0 113.02) 560 (0 0 115) 108 (1 0 196.618) 308 (0 0 200.785) 132 (1 0 204.228) 332 (0 0 209) 133 (1 0 337) 333 (0 0 343.657) 102 (1 0 357.011) 107 (2 0 362) 307 (1 0 365.429) 302 (0 0 369.786) 122 (0 1 390.154) 322 (0 0 394.727) 138 (1 0 402.582) 338 (0 0 408) 136 (0 1 420.279) 109 (1 1 428.446) 309 (0 1 432.613) 336 (0 0 436.081) 10 (1 0 442.907) 450 (0 0 445) 125 (1 0 512) 325 (0 0 524.096) 135 (0 1 550) 335 (0 0 555.253) 123 (0 1 629) 323 (0 0 634.36) 431 (0 0 720) 

- route 12: 412 (0 0 132.543) 106 (1 0 134.709) 306 (0 0 138) 0 (0 1 190.448) 200 (0 0 212) 1 (0 1 347) 201 (0 0 377.829) 3 (0 1 408.416) 99 (0 2 423) 203 (0 1 429.503) 41 (1 1 439.662) 481 (0 1 442.227) 299 (0 0 453.652) 117 (1 0 467.196) 723 (2 0 471.719) 283 (1 0 473.892) 144 (2 0 498.987) 317 (1 0 506.289) 813 (2 0 520.424) 373 (1 0 522.298) 344 (0 0 524.401) 145 (1 0 610) 345 (0 0 635.413) 651 (1 0 652.693) 211 (0 0 655.443) 432 (0 0 720) 

- route 13: 413 (0 0 167.01) 146 (1 0 168.661) 586 (0 0 171) 796 (1 0 216.346) 356 (0 0 218.223) 112 (0 1 260.113) 312 (0 0 265) 672 (1 0 281.051) 232 (0 0 283.656) 761 (1 0 287.783) 321 (0 0 289.763) 714 (1 0 296.1) 274 (0 0 299.051) 720 (1 0 339.36) 280 (0 0 341.071) 130 (1 0 364.599) 330 (0 0 368) 794 (1 0 387.838) 354 (0 0 391.549) 128 (1 0 412.056) 328 (0 0 416) 105 (0 1 429.031) 305 (0 0 437.249) 787 (1 0 442.437) 347 (0 0 444.777) 69 (1 0 454.968) 509 (0 0 457) 81 (1 0 463.944) 521 (0 0 465.655) 141 (0 1 467.404) 341 (0 0 475.277) 755 (1 0 480.817) 315 (0 0 482.695) 33 (1 0 484.525) 473 (0 0 487) 75 (1 0 502.049) 515 (0 0 505) 103 (1 0 544.572) 759 (2 0 550.297) 319 (1 0 553.353) 303 (0 0 556.451) 179 (1 0 560.591) 619 (0 0 565) 433 (0 0 720) 

- route 14: 414 (0 0 173.836) 114 (1 0 174.715) 554 (0 0 177) 126 (1 0 232.165) 326 (0 0 238) 730 (1 0 355.231) 290 (0 0 358) 664 (1 0 432.027) 224 (0 0 436.79) 25 (1 0 506.546) 91 (2 0 511.231) 465 (1 0 514) 531 (0 0 515) 129 (1 0 531) 329 (0 0 536.416) 131 (1 0 612) 331 (0 0 616.602) 434 (0 0 720) 

- route 15: 415 (0 0 129.726) 182 (0 1 130.867) 382 (0 0 139) 76 (0 1 170.176) 276 (0 0 180) 62 (0 1 207.968) 662 (1 1 229.183) 222 (0 1 231.517) 262 (0 0 239) 199 (1 0 335) 399 (0 0 337.191) 154 (1 0 357.007) 594 (0 0 359) 168 (1 0 424.313) 368 (0 0 428.008) 180 (1 0 429.527) 380 (0 0 433) 115 (1 0 452) 555 (0 0 459) 163 (1 0 470) 363 (0 0 473.717) 791 (1 0 513.425) 351 (0 0 516.813) 811 (1 0 567.893) 371 (0 0 572.55) 159 (1 0 578) 359 (0 0 584.051) 435 (0 0 720) 

- route 16: 416 (0 0 37.9495) 164 (1 0 39.1152) 604 (0 0 41) 760 (1 0 143.783) 320 (0 0 146.993) 646 (1 0 174.607) 206 (0 0 176.314) 121 (1 0 255.79) 561 (0 0 259) 194 (1 0 280.611) 394 (0 0 287) 174 (1 0 293.221) 374 (0 0 301) 175 (1 0 419) 375 (0 0 430.169) 187 (0 1 489) 387 (0 0 501.717) 795 (1 0 514.725) 355 (0 0 516.718) 436 (0 0 720) 

- route 17: 417 (0 0 181.474) 156 (1 0 186.513) 596 (0 0 191) 754 (1 0 203.791) 314 (0 0 206) 198 (1 0 215.206) 398 (0 0 217) 150 (1 0 221.612) 590 (0 0 225) 162 (1 0 267.188) 362 (0 0 270) 183 (0 1 276) 383 (0 0 286.7) 192 (0 1 295.776) 172 (1 1 303.126) 612 (0 1 305) 392 (0 0 310.02) 193 (0 1 375.117) 7 (1 1 379.293) 447 (0 1 381) 393 (0 0 389.361) 152 (1 0 456.004) 23 (2 0 457.666) 592 (1 0 460) 463 (0 0 461) 817 (1 0 466.986) 377 (0 0 468.32) 837 (1 0 488.363) 397 (0 0 490.528) 437 (0 0 720) 

- route 18: 418 (0 0 85.915) 166 (0 1 88.3088) 696 (1 1 96.0233) 256 (0 1 100.655) 366 (0 0 120.167) 8 (1 0 126.188) 208 (0 0 130) 736 (1 0 194.357) 9 (2 0 195.392) 296 (1 0 198.842) 209 (0 0 200.61) 87 (1 0 244.59) 527 (0 0 249) 167 (0 1 275.431) 57 (1 1 294.369) 497 (0 1 299) 176 (1 1 301.666) 616 (0 1 303) 367 (0 0 309.776) 196 (1 0 314.835) 636 (0 0 317) 805 (1 0 318.092) 365 (0 0 319.976) 186 (0 1 342.522) 386 (0 0 352) 63 (0 1 364) 71 (0 2 384.935) 271 (0 1 394.051) 263 (0 0 399.844) 77 (0 1 418) 277 (0 0 431.236) 792 (1 0 475.63) 352 (0 0 478.841) 153 (1 0 581.601) 819 (2 0 590.087) 379 (1 0 594.235) 353 (0 0 604.438) 438 (0 0 720) 

- route 19: 419 (0 0 153.458) 184 (1 0 158.177) 188 (2 0 164.537) 384 (1 0 170) 388 (0 0 180.408) 189 (1 0 306.968) 185 (2 0 314) 389 (1 0 321.972) 385 (0 0 328.332) 170 (1 0 370.343) 610 (0 0 375) 797 (1 0 377.2) 357 (0 0 380.834) 160 (1 0 408.973) 178 (2 0 414.593) 618 (1 0 418.741) 73 (2 0 429.882) 273 (1 0 433.321) 360 (0 0 439) 173 (1 0 484.61) 613 (0 0 487) 709 (1 0 505.38) 269 (0 0 508.351) 161 (1 0 538) 53 (2 0 545.946) 253 (1 0 557.505) 361 (0 0 570.268) 169 (1 0 641) 369 (0 0 646.042) 439 (0 0 720) 


Data DARP: datafile5.txt
Transfers: 1
Relative MRT: 1
MRT factor: 1.5
Speed factor PT : 1
PT interval: 10
Iterations: 25000
Iter without impr: 500
Max removal pct: 0.3
Max deterior pct: 0.04
Clustered removal: 0
IDARP adapted: 1
Without operator:  0
Terminals per node: 3
Priority non PT: 0
Priority PT: 0
Priority long: 0
Priority short: 0
Current iteration: 25000
Total distance: 1996.9
Computation time: 5889.75
Average ride time: 20.2267
Pct PT users: 0.35
Users PT: 6 7 10 11 18 19 22 23 24 25 28 29 32 33 38 39 40 41 52 56 57 64 65 68 69 74 75 78 79 80 81 82 83 87 90 91 96 97 100 101 114 115 118 119 120 121 142 143 146 147 150 151 152 153 154 155 156 157 164 165 170 171 172 173 176 177 178 179 196 197 

- route 0: 400 (0 0 63.8063) 38 (1 0 64.956) 478 (0 0 67) 6 (1 0 135.893) 446 (0 0 137) 16 (0 1 145.609) 216 (0 0 149) 34 (1 0 167.402) 68 (2 0 188.029) 508 (1 0 191) 234 (0 0 199.424) 72 (1 0 281.561) 272 (0 0 285) 66 (1 0 325.278) 157 (2 0 349.124) 597 (1 0 351) 118 (2 0 353.944) 558 (1 0 357) 266 (0 0 362) 124 (1 0 369.614) 59 (2 0 372.272) 324 (1 0 379.601) 259 (0 0 400.259) 147 (1 0 402.755) 587 (0 0 405) 35 (1 0 463) 235 (0 0 495.022) 27 (1 0 611.467) 659 (2 0 617.257) 219 (1 0 619.284) 227 (0 0 623.303) 420 (0 0 720) 

- route 1: 401 (0 0 61.2162) 14 (0 1 67.868) 48 (1 1 78.9624) 214 (1 0 100) 248 (0 0 124.875) 156 (1 0 190.513) 596 (0 0 195) 754 (1 0 203.791) 314 (0 0 206) 198 (1 0 215.206) 398 (0 0 217) 150 (1 0 221.612) 590 (0 0 225) 162 (1 0 267.188) 362 (0 0 270) 183 (0 1 276) 383 (0 0 286.7) 192 (0 1 295.776) 172 (1 1 303.126) 612 (0 1 305) 392 (0 0 310.02) 193 (0 1 375.117) 7 (1 1 379.293) 447 (0 1 381) 393 (0 0 389.361) 152 (1 0 456.004) 23 (2 0 457.666) 463 (1 0 460) 592 (0 0 461) 817 (1 0 466.986) 377 (0 0 468.32) 47 (1 0 527.882) 29 (2 0 547) 469 (1 0 551) 247 (0 0 561.944) 421 (0 0 720) 

- route 2: 402 (0 0 122.475) 8 (1 0 126.188) 208 (0 0 130) 736 (1 0 194.357) 9 (2 0 195.392) 296 (1 0 198.842) 209 (0 0 200.61) 167 (0 1 275.431) 57 (1 1 294.369) 497 (0 1 299) 176 (1 1 301.666) 616 (0 1 303) 185 (1 1 309.538) 367 (1 0 313.43) 385 (0 0 323.869) 170 (1 0 370.343) 610 (0 0 375) 797 (1 0 377.2) 357 (0 0 380.834) 187 (0 1 474.258) 387 (0 0 483.736) 837 (1 0 489.656) 397 (0 0 491.821) 31 (0 1 554) 181 (1 1 562) 381 (0 1 566.71) 231 (0 0 599.256) 422 (0 0 720) 

- route 3: 403 (0 0 80.0916) 804 (1 0 80.0916) 364 (0 0 81.9349) 4 (1 0 90.77) 204 (0 0 93) 36 (1 0 176.552) 236 (0 0 180) 40 (1 0 189.598) 480 (0 0 195) 42 (0 1 208.564) 242 (0 0 219) 2 (0 1 236.499) 202 (0 0 252) 37 (1 0 276) 237 (0 0 280.672) 3 (0 1 416) 203 (0 0 437.751) 197 (1 0 444.58) 637 (0 0 447) 673 (1 0 509.39) 233 (0 0 511.214) 13 (1 0 538.338) 213 (0 0 543.169) 79 (1 0 546.86) 519 (0 0 549) 423 (0 0 720) 

- route 4: 404 (0 0 142.644) 44 (0 1 143.65) 244 (0 0 148) 22 (1 0 187.419) 462 (0 0 189) 679 (1 0 234.487) 239 (0 0 236.636) 722 (1 0 240.584) 282 (0 0 242.398) 5 (1 0 273.842) 205 (0 0 276.072) 165 (1 0 277.157) 605 (0 0 279) 45 (0 1 298) 245 (0 0 303.026) 816 (1 0 340.986) 376 (0 0 343.199) 782 (1 0 351.547) 342 (0 0 353.017) 836 (1 0 359.656) 396 (0 0 362.076) 758 (1 0 384.97) 318 (0 0 388.386) 28 (1 0 411.306) 468 (0 0 413) 681 (1 0 466.273) 241 (0 0 470.879) 119 (1 0 518.912) 559 (0 0 521) 101 (1 0 539.117) 541 (0 0 545) 669 (1 0 565.348) 229 (0 0 567.042) 143 (1 0 576.383) 583 (0 0 579) 424 (0 0 720) 

- route 5: 405 (0 0 73.2) 86 (1 0 76.3979) 286 (0 0 90) 87 (1 0 244.59) 527 (0 0 249) 60 (1 0 313.11) 697 (2 0 318.023) 257 (1 0 321.144) 260 (0 0 322.698) 88 (1 0 376.788) 288 (0 0 403) 127 (1 0 413) 327 (0 0 421.253) 787 (1 0 442.437) 347 (0 0 444.777) 69 (1 0 454.968) 509 (0 0 457) 81 (1 0 475.289) 521 (0 0 477) 141 (0 1 480) 341 (0 0 490.31) 113 (0 1 506.828) 313 (0 0 511.715) 67 (1 0 516.318) 89 (2 0 520) 289 (1 0 550.231) 267 (0 0 553.393) 61 (1 0 558) 261 (0 0 567.588) 425 (0 0 720) 

- route 6: 406 (0 0 146.292) 58 (1 0 148.257) 258 (0 0 175) 104 (0 1 183.613) 304 (0 0 191.831) 39 (1 0 197.759) 479 (0 0 203) 116 (1 0 271.458) 80 (2 0 290.926) 520 (1 0 293) 316 (0 0 307) 692 (1 0 325.518) 252 (0 0 328.285) 812 (1 0 336.61) 372 (0 0 339) 55 (0 1 402.287) 810 (1 1 408.572) 370 (0 1 411) 255 (0 0 415.072) 171 (1 0 536) 611 (0 0 539) 426 (0 0 720) 

- route 7: 407 (0 0 101.226) 84 (1 0 103.768) 284 (0 0 108) 50 (1 0 139.148) 250 (0 0 143) 96 (1 0 156.389) 536 (0 0 159.413) 94 (0 1 164.817) 294 (0 0 171) 15 (0 1 187.83) 98 (0 2 195.474) 680 (1 2 208.899) 240 (0 2 211.463) 298 (0 1 221.574) 215 (0 0 231.482) 32 (1 0 265.176) 472 (0 0 267) 17 (0 1 278) 217 (0 0 281.587) 740 (1 0 318.258) 300 (0 0 323.519) 65 (1 0 379.45) 505 (0 0 387) 41 (1 0 449.014) 481 (0 0 451) 650 (1 0 466.492) 210 (0 0 469.747) 11 (1 0 628.602) 451 (0 0 631) 427 (0 0 720) 

- route 8: 408 (0 0 157.471) 64 (1 0 160.466) 504 (0 0 163) 786 (1 0 208.437) 346 (0 0 210.682) 82 (1 0 215.692) 70 (1 1 217.36) 522 (0 1 221) 270 (0 0 229.533) 790 (1 0 245.425) 350 (0 0 249.852) 74 (1 0 252.969) 514 (0 0 257) 52 (1 0 311.446) 492 (0 0 313) 71 (0 1 398) 271 (0 0 410.174) 77 (0 1 418) 277 (0 0 431.236) 792 (1 0 475.63) 352 (0 0 478.841) 153 (1 0 590.042) 593 (0 0 593) 428 (0 0 720) 

- route 9: 409 (0 0 72.6613) 56 (1 0 73.8796) 496 (0 0 77) 54 (0 1 199.477) 254 (0 0 209) 85 (1 0 235) 285 (0 0 240.848) 727 (1 0 262.149) 287 (0 0 264.493) 95 (0 1 269) 295 (0 0 276.774) 90 (1 0 303.669) 530 (0 0 307) 51 (1 0 337.681) 251 (0 0 341.534) 92 (1 0 345.26) 292 (0 0 348) 78 (1 0 373.265) 518 (0 0 377) 705 (1 0 403.559) 265 (0 0 406.093) 737 (1 0 420.696) 297 (0 0 423.721) 658 (1 0 448.207) 218 (0 0 450) 151 (1 0 488.573) 591 (0 0 493) 721 (1 0 513.36) 281 (0 0 515.435) 715 (1 0 544.1) 275 (0 0 548.131) 731 (1 0 562.825) 291 (0 0 566.156) 719 (1 0 573.003) 93 (2 0 574.81) 293 (1 0 577.55) 279 (0 0 580.53) 19 (1 0 585) 459 (0 0 593) 429 (0 0 720) 

- route 10: 410 (0 0 91.4952) 148 (0 1 92.2653) 678 (1 1 98.5102) 238 (0 1 103.833) 348 (0 0 126) 149 (0 1 197.892) 796 (1 1 219.62) 356 (0 1 222) 349 (0 0 226.499) 126 (1 0 232.165) 326 (0 0 238) 730 (1 0 355.231) 290 (0 0 358) 664 (1 0 433.971) 224 (0 0 438.734) 25 (1 0 506.546) 91 (2 0 511.231) 465 (1 0 514) 531 (0 0 515) 129 (1 0 531) 329 (0 0 536.416) 131 (1 0 612) 331 (0 0 616.602) 430 (0 0 720) 

- route 11: 411 (0 0 173.836) 114 (1 0 174.715) 554 (0 0 177) 108 (1 0 205.833) 308 (0 0 210) 112 (0 1 260.113) 312 (0 0 265) 142 (1 0 323.758) 582 (0 0 327) 133 (1 0 337) 333 (0 0 343.657) 102 (1 0 357.011) 107 (2 0 362) 307 (1 0 365.429) 302 (0 0 369.786) 122 (0 1 390.154) 322 (0 0 394.727) 138 (1 0 402.582) 338 (0 0 408) 136 (0 1 420.279) 109 (1 1 428.446) 309 (0 1 432.613) 336 (0 0 436.081) 10 (1 0 442.907) 450 (0 0 445) 125 (1 0 512) 325 (0 0 524.096) 135 (0 1 550) 335 (0 0 555.253) 123 (0 1 629) 323 (0 0 634.36) 431 (0 0 720) 

- route 12: 412 (0 0 167.01) 146 (1 0 168.661) 586 (0 0 171) 132 (1 0 204.228) 332 (0 0 209) 140 (0 1 227.758) 340 (0 0 235.631) 708 (1 0 239.38) 268 (0 0 241.412) 100 (1 0 276.813) 540 (0 0 283) 110 (0 1 286.817) 672 (1 1 294.621) 232 (0 1 297) 134 (0 2 301.85) 334 (0 1 306.352) 310 (0 0 329.744) 24 (1 0 397.277) 464 (0 0 399) 718 (1 0 403.86) 278 (0 0 406) 99 (0 1 420.329) 668 (1 1 427.475) 228 (0 1 431.348) 299 (0 0 450.981) 117 (1 0 467.196) 723 (2 0 471.719) 283 (1 0 473.892) 144 (2 0 498.987) 317 (1 0 506.289) 813 (2 0 520.424) 373 (1 0 522.298) 344 (0 0 524.401) 145 (1 0 610) 345 (0 0 635.413) 651 (1 0 652.693) 211 (0 0 655.443) 432 (0 0 720) 

- route 13: 413 (0 0 132.543) 106 (1 0 134.709) 306 (0 0 138) 0 (0 1 190.448) 200 (0 0 212) 1 (0 1 333.943) 201 (0 0 355.496) 26 (1 0 365.776) 226 (0 0 374) 43 (0 1 409.984) 647 (1 1 418.607) 207 (0 1 419.715) 243 (0 0 423.45) 177 (1 0 426.787) 617 (0 0 429) 83 (1 0 447.186) 523 (0 0 449) 663 (1 0 500.183) 223 (0 0 501.763) 111 (0 1 533) 665 (1 1 540.589) 225 (0 1 542.312) 139 (1 1 560.143) 339 (0 1 565.56) 311 (0 0 573.533) 741 (1 0 578.539) 301 (0 0 584.726) 137 (0 1 595.272) 783 (1 1 602.401) 343 (0 1 605.643) 337 (0 0 612.463) 433 (0 0 720) 

- route 14: 414 (0 0 108.788) 120 (1 0 113.02) 560 (0 0 115) 761 (1 0 287.783) 321 (0 0 289.763) 714 (1 0 296.1) 274 (0 0 299.051) 720 (1 0 329.36) 280 (0 0 331.071) 130 (1 0 364.599) 330 (0 0 368) 794 (1 0 387.838) 354 (0 0 391.549) 128 (1 0 412.056) 328 (0 0 416) 105 (0 1 430.239) 305 (0 0 438.456) 818 (1 0 444.28) 378 (0 0 448.237) 155 (1 0 473.131) 595 (0 0 476.841) 33 (1 0 479.22) 473 (0 0 481.825) 755 (1 0 482.825) 315 (0 0 484.703) 75 (1 0 502.049) 515 (0 0 505) 103 (1 0 544.572) 759 (2 0 550.297) 319 (1 0 553.353) 303 (0 0 557.348) 179 (1 0 568) 619 (0 0 573) 434 (0 0 720) 

- route 15: 415 (0 0 37.9495) 164 (1 0 39.1152) 604 (0 0 41) 760 (1 0 143.783) 320 (0 0 146.993) 646 (1 0 174.607) 206 (0 0 176.314) 121 (1 0 255.79) 561 (0 0 259) 194 (1 0 280.611) 394 (0 0 287) 174 (1 0 293.221) 374 (0 0 301) 175 (1 0 419) 375 (0 0 430.169) 115 (1 0 452) 555 (0 0 459) 795 (1 0 505.68) 355 (0 0 507.673) 435 (0 0 720) 

- route 16: 416 (0 0 150.398) 184 (1 0 155.117) 190 (2 0 164.842) 384 (1 0 168.474) 390 (0 0 176) 191 (1 0 291) 391 (0 0 304.986) 160 (1 0 408.973) 178 (2 0 414.593) 618 (1 0 418.741) 73 (2 0 429.882) 273 (1 0 433.321) 360 (0 0 439) 173 (1 0 484.61) 613 (0 0 487) 709 (1 0 505.38) 269 (0 0 508.351) 161 (1 0 538) 53 (2 0 545.946) 253 (1 0 557.505) 361 (0 0 570.268) 436 (0 0 720) 

- route 17: 417 (0 0 85.915) 166 (0 1 88.3088) 696 (1 1 96.0233) 256 (0 1 100.655) 366 (0 0 124) 704 (1 0 179.559) 264 (0 0 187.109) 20 (1 0 197.488) 220 (0 0 204) 21 (1 0 304) 221 (0 0 313.268) 12 (1 0 344.168) 212 (0 0 349) 30 (0 1 374.745) 97 (1 1 381.267) 537 (0 1 385) 230 (0 0 420.001) 158 (1 0 441.633) 358 (0 0 446) 195 (1 0 509) 395 (0 0 518.084) 793 (1 0 609.883) 353 (0 0 612.879) 437 (0 0 720) 

- route 18: 418 (0 0 129.726) 182 (0 1 130.867) 382 (0 0 139) 76 (0 1 170.176) 276 (0 0 180) 62 (0 1 207.968) 662 (1 1 229.183) 222 (0 1 231.517) 262 (0 0 239) 199 (1 0 335) 399 (0 0 337.191) 154 (1 0 357.007) 594 (0 0 359) 168 (1 0 424.313) 368 (0 0 428.008) 180 (1 0 429.527) 380 (0 0 433) 163 (1 0 470) 363 (0 0 473.717) 791 (1 0 513.425) 351 (0 0 516.813) 811 (1 0 567.893) 371 (0 0 572.55) 159 (1 0 578) 359 (0 0 584.051) 438 (0 0 720) 

- route 19: 419 (0 0 170.429) 188 (1 0 171.086) 388 (0 0 182) 189 (1 0 302.355) 389 (0 0 313.269) 196 (1 0 314.835) 636 (0 0 317) 805 (1 0 318.092) 365 (0 0 319.976) 186 (0 1 342.522) 386 (0 0 352) 63 (0 1 364) 49 (1 1 377.451) 263 (1 0 398.433) 18 (2 0 418.685) 458 (1 0 421) 249 (0 0 423.364) 46 (1 0 434.958) 246 (0 0 458) 819 (1 0 596.966) 379 (0 0 601.644) 169 (1 0 641) 369 (0 0 646.042) 439 (0 0 720) 


