Data DARP: datafile2.txt
Transfers: 1
Relative MRT: 1
MRT factor: 1.5
Speed factor PT : 1
PT interval: 10
Iterations: 25000
Iter without impr: 500
Max removal pct: 0.3
Max deterior pct: 0.04
Clustered removal: 0
IDARP adapted: 1
Without operator:  0
Terminals per node: 3
Priority non PT: 0
Priority PT: 0
Priority long: 0
Priority short: 0
Current iteration: 0
Total distance: 3318.88
Computation time: 0.683708
Average ride time: 19.7329
Pct PT users: 0.285
Users PT: 0 1 5 6 7 10 11 12 13 19 46 47 52 53 66 67 76 77 88 89 114 124 125 126 127 129 134 135 136 137 140 141 148 149 152 153 154 155 158 159 162 163 164 165 166 167 173 176 177 182 183 184 185 186 187 192 193 

- route 0: 400 (0 0 103.996) 0 (1 0 104.83) 440 (0 0 107) 30 (0 1 112.182) 230 (0 0 122.09) 40 (1 0 126.265) 240 (0 0 129.563) 780 (1 0 135.659) 340 (0 0 140.186) 26 (1 0 149.017) 226 (0 0 154) 141 (1 0 254.47) 581 (0 0 257) 171 (1 0 409.228) 110 (2 0 431.384) 310 (1 0 436.635) 371 (0 0 453.096) 172 (1 0 455.78) 11 (2 0 471.201) 451 (1 0 473) 131 (1 1 481) 372 (0 1 486.554) 331 (0 0 498.58) 37 (1 0 519.035) 237 (0 0 524.228) 85 (1 0 531) 285 (0 0 543.93) 145 (0 1 585.024) 137 (1 1 603.452) 577 (0 1 607) 345 (0 0 633.853) 420 (0 0 720) 

- route 1: 401 (0 0 33.1514) 6 (1 0 35.5643) 446 (0 0 37) 38 (0 1 113.379) 238 (0 0 126) 32 (0 1 155.057) 232 (0 0 174) 8 (1 0 220.643) 208 (0 0 224) 10 (1 0 237.76) 450 (0 0 239) 15 (0 1 285) 215 (0 0 292.937) 641 (1 0 301.939) 201 (0 0 303.773) 27 (1 0 320) 227 (0 0 326.974) 12 (1 0 332.323) 452 (0 0 334.6) 41 (1 0 338) 241 (0 0 342.447) 46 (1 0 411.82) 486 (0 0 417) 645 (1 0 427.886) 205 (0 0 432.73) 659 (1 0 454.948) 219 (0 0 459.65) 21 (1 0 470) 221 (0 0 472.337) 651 (1 0 503.047) 211 (0 0 504.287) 421 (0 0 720) 

- route 2: 402 (0 0 213.287) 34 (1 0 216.59) 234 (0 0 222) 22 (0 1 265.782) 222 (0 0 272) 23 (0 1 397.197) 223 (0 0 403.415) 9 (1 0 410) 209 (0 0 414.536) 19 (1 0 442.216) 459 (0 0 447) 43 (0 1 509) 243 (0 0 517.324) 422 (0 0 720) 

- route 3: 403 (0 0 96.9628) 14 (0 1 102.709) 214 (0 0 109) 39 (0 1 276) 239 (0 0 293.431) 31 (0 1 340) 231 (0 0 353.362) 647 (1 0 378.195) 207 (0 0 379.631) 653 (1 0 633.896) 213 (0 0 636.174) 423 (0 0 720) 

- route 4: 404 (0 0 350.075) 2 (1 0 356.411) 202 (0 0 377) 42 (0 1 397.451) 242 (0 0 404) 424 (0 0 720) 

- route 5: 405 (0 0 153.267) 86 (0 1 157.679) 286 (0 0 164.302) 78 (1 0 172.346) 278 (0 0 176.671) 49 (1 0 197) 249 (0 0 233.596) 80 (1 0 263.537) 87 (1 1 271.02) 280 (0 1 275.118) 287 (0 0 279.369) 70 (1 0 285.561) 270 (0 0 288.006) 96 (1 0 292.87) 296 (0 0 297.597) 82 (1 0 303.542) 282 (0 0 312.082) 167 (1 0 316.932) 607 (0 0 321) 68 (0 1 329.864) 105 (1 1 338.121) 268 (1 0 342.47) 305 (0 0 371.849) 144 (0 1 373.447) 344 (0 0 407) 45 (1 0 416.212) 245 (0 0 436.862) 776 (1 0 442.288) 336 (0 0 445.835) 157 (0 1 493) 707 (1 1 502.386) 267 (0 1 504.262) 357 (0 0 538.702) 795 (1 0 577.218) 355 (0 0 580.586) 13 (1 0 598.555) 453 (0 0 601) 75 (1 0 610) 275 (0 0 625.426) 95 (1 0 632) 295 (0 0 636.565) 425 (0 0 720) 

- route 6: 406 (0 0 72.9843) 824 (1 0 88.9843) 384 (0 0 95.3394) 170 (1 0 136.294) 152 (2 0 138.807) 592 (1 0 141) 806 (2 0 158.144) 366 (1 0 160.971) 370 (0 0 184.297) 28 (0 1 195.677) 228 (0 0 208.881) 51 (0 1 216) 251 (0 0 245.531) 52 (1 0 260.866) 492 (0 0 263) 826 (1 0 282.015) 386 (0 0 286.204) 93 (1 0 314.25) 62 (2 0 332.981) 262 (1 0 337) 293 (0 0 349.852) 79 (1 0 363) 279 (0 0 368.987) 125 (1 0 375.996) 565 (0 0 379) 717 (1 0 421.02) 277 (0 0 423.342) 83 (1 0 458) 283 (0 0 470.31) 165 (1 0 498.531) 605 (0 0 501) 187 (1 0 522.81) 627 (0 0 527) 693 (1 0 566.227) 253 (0 0 568.361) 91 (0 1 613) 291 (0 0 618.843) 426 (0 0 720) 

- route 7: 407 (0 0 164.148) 788 (1 0 164.148) 348 (0 0 166.796) 64 (0 1 215.071) 264 (0 0 223) 66 (1 0 257.124) 506 (0 0 259) 804 (1 0 281.296) 364 (0 0 284.48) 16 (1 0 308.152) 44 (2 0 310.35) 244 (1 0 331) 216 (0 0 348.968) 176 (1 0 390.917) 616 (0 0 393) 729 (1 0 406.865) 289 (0 0 411.83) 54 (1 0 439.222) 198 (2 0 452.272) 398 (1 0 459) 254 (0 0 464.538) 799 (1 0 469.092) 359 (0 0 470.265) 61 (0 1 490) 97 (1 1 524.914) 297 (0 1 529.641) 261 (0 0 534.335) 155 (1 0 547.716) 595 (0 0 549) 427 (0 0 720) 

- route 8: 408 (0 0 39.46) 184 (1 0 67.1278) 624 (0 0 75) 646 (1 0 86.3716) 206 (0 0 93) 188 (0 1 124.604) 388 (0 0 152) 120 (1 0 186.932) 764 (2 0 211.008) 324 (1 0 214.011) 320 (0 0 226.157) 76 (1 0 240.678) 516 (0 0 243) 794 (1 0 337.297) 354 (0 0 338.58) 74 (1 0 353.833) 149 (2 0 362) 589 (1 0 365) 274 (0 0 369.195) 121 (1 0 371) 90 (1 1 382.842) 290 (1 0 387.737) 321 (0 0 410.226) 33 (0 1 421) 233 (0 0 447.915) 57 (1 0 483.328) 71 (2 0 502) 271 (1 0 505.167) 257 (0 0 509.428) 94 (1 0 516.624) 294 (0 0 520) 58 (1 0 535.857) 258 (0 0 540) 59 (1 0 642) 259 (0 0 647.715) 428 (0 0 720) 

- route 9: 409 (0 0 53.0797) 162 (1 0 69.2956) 602 (0 0 75) 166 (1 0 134.775) 606 (0 0 137) 174 (0 1 163.86) 728 (1 1 186.865) 288 (0 1 189.251) 374 (0 0 199.234) 60 (0 1 205.581) 126 (1 1 234.932) 566 (0 1 237) 260 (0 0 244) 18 (1 0 280.261) 29 (1 1 288) 218 (0 1 297.694) 229 (0 0 306.306) 65 (0 1 349) 265 (0 0 359.393) 69 (0 1 447) 269 (0 0 459.678) 63 (1 0 515) 263 (0 0 520.529) 81 (1 0 532) 281 (0 0 544.371) 429 (0 0 720) 

- route 10: 410 (0 0 62.8307) 134 (1 0 68.1454) 574 (0 0 73.1176) 100 (1 0 83.2068) 300 (0 0 91.8454) 140 (1 0 95.7257) 580 (0 0 99) 640 (1 0 128.033) 200 (0 0 130.604) 798 (1 0 184.08) 358 (0 0 187.231) 106 (0 1 228.716) 114 (1 1 238.49) 554 (0 1 241) 306 (0 0 257.488) 36 (1 0 261.444) 236 (0 0 266.636) 20 (1 0 269.109) 220 (0 0 271) 35 (1 0 285.312) 235 (0 0 290.722) 4 (1 0 295.978) 204 (0 0 315.895) 118 (0 1 318.346) 318 (0 0 327.943) 107 (0 1 342.964) 307 (0 0 363.866) 116 (1 0 371.055) 316 (0 0 377.104) 77 (1 0 379.972) 517 (0 0 381) 138 (1 0 384.886) 189 (1 1 392.742) 338 (0 1 401.057) 389 (0 0 428.269) 686 (1 0 447.899) 246 (0 0 450.987) 139 (1 0 487.038) 339 (0 0 498.465) 183 (1 0 506.573) 115 (2 0 508.09) 623 (1 0 513.377) 315 (0 0 520.244) 53 (1 0 526.258) 493 (0 0 529) 47 (1 0 533.575) 487 (0 0 537) 117 (1 0 569) 317 (0 0 577.003) 177 (1 0 583.056) 617 (0 0 586.214) 3 (1 0 591.673) 203 (0 0 612.261) 777 (1 0 631.831) 337 (0 0 635.021) 430 (0 0 720) 

- route 11: 411 (0 0 99.7709) 148 (1 0 108.281) 588 (0 0 115) 124 (1 0 164.987) 564 (0 0 167) 122 (1 0 237.733) 322 (0 0 246) 754 (1 0 249.431) 314 (0 0 254.717) 153 (1 0 258.196) 593 (0 0 261.97) 146 (0 1 270.839) 1 (1 1 278) 441 (0 1 280.746) 346 (0 0 283.72) 781 (1 0 295.093) 341 (0 0 296.738) 692 (1 0 300.012) 252 (0 0 302.754) 128 (1 0 305.234) 169 (2 0 312.194) 328 (1 0 324) 369 (0 0 333.362) 72 (1 0 359.768) 272 (0 0 384) 136 (1 0 414.266) 576 (0 0 417.457) 765 (1 0 420.457) 325 (0 0 424.427) 816 (1 0 426.538) 376 (0 0 428.801) 108 (1 0 466.144) 308 (0 0 469.564) 123 (1 0 471.531) 323 (0 0 479.798) 147 (0 1 486) 347 (0 0 498.881) 113 (1 0 517.21) 767 (2 0 523.764) 313 (1 0 526.769) 327 (0 0 529.964) 73 (1 0 554) 109 (2 0 560.415) 309 (1 0 563.835) 273 (0 0 589.848) 181 (0 1 634) 381 (0 0 668.945) 431 (0 0 720) 

- route 12: 412 (0 0 165.493) 792 (1 0 167.493) 352 (0 0 171) 142 (1 0 188.118) 342 (0 0 192) 130 (0 1 216.28) 330 (0 0 229) 822 (1 0 268.006) 382 (0 0 273) 143 (1 0 336.2) 343 (0 0 340.082) 101 (1 0 345) 301 (0 0 357.458) 775 (1 0 376.317) 335 (0 0 381.289) 132 (1 0 394.488) 5 (2 0 403.355) 332 (1 0 405.613) 445 (0 0 407.529) 789 (1 0 414.529) 349 (0 0 420.515) 159 (1 0 443) 599 (0 0 449) 133 (1 0 517) 333 (0 0 531.685) 769 (1 0 571.657) 329 (0 0 573.059) 432 (0 0 720) 

- route 13: 413 (0 0 136.179) 104 (1 0 140.153) 88 (2 0 170.035) 528 (1 0 175) 304 (0 0 177.593) 92 (1 0 187.949) 292 (0 0 212.017) 182 (1 0 241.724) 622 (0 0 245) 803 (1 0 265.345) 363 (0 0 271.05) 98 (0 1 344.866) 298 (0 0 361) 823 (1 0 537.027) 383 (0 0 538.333) 129 (1 0 547) 569 (0 0 555) 173 (1 0 614.905) 613 (0 0 617) 111 (1 0 627) 311 (0 0 634.376) 433 (0 0 720) 

- route 14: 414 (0 0 91.3451) 802 (1 0 91.3451) 362 (0 0 93.4109) 163 (1 0 246.934) 603 (0 0 249) 716 (1 0 283.02) 276 (0 0 284.048) 103 (0 1 504.606) 303 (0 0 527.193) 119 (0 1 533) 319 (0 0 545.895) 434 (0 0 720) 

- route 15: 415 (0 0 88.3025) 160 (0 1 93.0565) 360 (0 0 103) 774 (1 0 109.251) 334 (0 0 113.434) 158 (1 0 159.827) 598 (0 0 161) 185 (1 0 195.921) 196 (1 1 197.932) 625 (0 1 205) 396 (0 0 213.921) 168 (1 0 223.227) 368 (0 0 238) 102 (0 1 255.302) 650 (1 1 269.047) 210 (0 1 270.846) 190 (1 1 283.482) 390 (0 1 284.902) 302 (0 0 287.684) 194 (1 0 333.212) 394 (0 0 336) 807 (1 0 340.199) 367 (0 0 343.128) 832 (1 0 362.109) 392 (0 0 365.055) 197 (0 1 396.365) 397 (0 0 408.025) 112 (1 0 423.191) 312 (0 0 431.747) 151 (0 1 441.274) 193 (1 1 464.054) 633 (0 1 467) 67 (1 1 471.208) 507 (0 1 473.679) 351 (0 0 478.043) 25 (0 1 518.662) 805 (1 1 526.442) 365 (0 1 528.267) 191 (1 1 533.73) 391 (0 1 535.149) 225 (0 0 561.102) 687 (1 0 567.562) 247 (0 0 572.743) 199 (1 0 606.143) 399 (0 0 612.87) 817 (1 0 618.637) 377 (0 0 620.939) 55 (1 0 637) 255 (0 0 662.316) 435 (0 0 720) 

- route 16: 416 (0 0 253.918) 164 (1 0 254.744) 604 (0 0 257) 706 (1 0 287.505) 266 (0 0 290.178) 150 (0 1 300.366) 154 (1 1 304.346) 594 (0 1 307) 350 (0 0 329.532) 192 (1 0 347.872) 632 (0 0 353) 652 (1 0 368.112) 212 (0 0 369.942) 175 (0 1 377) 89 (1 1 392.614) 529 (0 1 395) 375 (0 0 416.642) 195 (1 0 437.049) 395 (0 0 439.838) 178 (0 1 445.121) 378 (0 0 450) 179 (0 1 530.085) 379 (0 0 534.964) 827 (1 0 540.015) 387 (0 0 541.653) 436 (0 0 720) 

- route 17: 417 (0 0 210.261) 825 (1 0 216.261) 385 (0 0 224.133) 186 (1 0 267.362) 626 (0 0 269) 793 (1 0 288.586) 353 (0 0 290.78) 7 (1 0 322) 447 (0 0 329) 161 (0 1 349) 361 (0 0 362.415) 833 (1 0 476.109) 393 (0 0 481.237) 180 (0 1 507.704) 380 (0 0 532) 99 (0 1 557) 299 (0 0 579.701) 813 (1 0 643.013) 373 (0 0 645.68) 437 (0 0 720) 

- route 18: 418 (0 0 44.4975) 50 (0 1 64.1094) 250 (0 0 84.7967) 48 (1 0 91.2693) 248 (0 0 116) 156 (0 1 207.453) 56 (1 1 235.032) 356 (1 0 239.95) 256 (0 0 257.245) 84 (1 0 264.111) 284 (0 0 273.064) 24 (0 1 281.39) 224 (0 0 315) 135 (1 0 336) 575 (0 0 343) 17 (1 0 495) 127 (2 0 500.446) 567 (1 0 503) 217 (0 0 535.816) 438 (0 0 720) 

- route 19: 419 (0 0 261.896) 766 (1 0 261.896) 326 (0 0 264.45) 439 (0 0 720) 


Data DARP: datafile2.txt
Transfers: 1
Relative MRT: 1
MRT factor: 1.5
Speed factor PT : 1
PT interval: 10
Iterations: 25000
Iter without impr: 500
Max removal pct: 0.3
Max deterior pct: 0.04
Clustered removal: 0
IDARP adapted: 1
Without operator:  0
Terminals per node: 3
Priority non PT: 0
Priority PT: 0
Priority long: 0
Priority short: 0
Current iteration: 5000
Total distance: 2332.37
Computation time: 1627.84
Average ride time: 19.9171
Pct PT users: 0.28
Users PT: 0 1 4 5 6 7 10 11 12 13 18 46 47 52 53 66 67 76 77 89 114 115 124 125 126 127 128 129 134 135 136 137 140 141 148 149 153 154 155 158 159 162 163 164 166 167 172 173 176 177 182 183 184 186 187 193 

- route 0: 400 (0 0 145.21) 26 (1 0 149.017) 226 (0 0 154) 34 (1 0 216.59) 234 (0 0 222) 35 (1 0 298) 235 (0 0 305.615) 12 (1 0 344.723) 452 (0 0 347) 42 (0 1 397.451) 242 (0 0 404) 43 (0 1 509) 243 (0 0 517.324) 653 (1 0 632.512) 213 (0 0 634.789) 420 (0 0 720) 

- route 1: 401 (0 0 33.1514) 6 (1 0 35.5643) 446 (0 0 37) 38 (0 1 113.379) 238 (0 0 126) 36 (1 0 253.329) 236 (0 0 258.521) 20 (1 0 260.994) 220 (0 0 262.885) 22 (0 1 265.782) 222 (0 0 272) 4 (1 0 278.156) 444 (0 0 283) 18 (1 0 290.298) 458 (0 0 295) 44 (1 0 307.453) 16 (2 0 309.651) 244 (1 0 331) 98 (1 1 336.901) 216 (0 1 350.467) 298 (0 0 359.602) 89 (1 0 392.614) 529 (0 0 395) 45 (1 0 427) 19 (2 0 447) 245 (1 0 457.475) 219 (0 0 464.433) 651 (1 0 503.047) 211 (0 0 504.287) 421 (0 0 720) 

- route 2: 402 (0 0 103.996) 0 (1 0 104.83) 440 (0 0 107) 30 (0 1 113.619) 230 (0 0 123.527) 40 (1 0 127.702) 240 (0 0 131) 780 (1 0 140.473) 340 (0 0 145) 141 (1 0 263) 581 (0 0 267) 27 (1 0 320) 227 (0 0 326.974) 41 (1 0 334.527) 241 (0 0 337.825) 31 (0 1 340) 231 (0 0 353.362) 23 (0 1 397.197) 223 (0 0 403.415) 9 (1 0 410) 209 (0 0 414.536) 645 (1 0 429.357) 205 (0 0 434.201) 21 (1 0 470) 221 (0 0 472.337) 37 (1 0 519.035) 237 (0 0 524.228) 85 (1 0 531) 285 (0 0 543.93) 687 (1 0 560.723) 247 (0 0 565.271) 137 (1 0 603.452) 577 (0 0 607) 422 (0 0 720) 

- route 3: 403 (0 0 219.559) 8 (1 0 220.643) 208 (0 0 224) 24 (0 1 263.025) 102 (0 2 277.412) 302 (0 1 300) 224 (0 0 311.94) 7 (1 0 322) 447 (0 0 329) 135 (1 0 336) 575 (0 0 341) 161 (0 1 349) 361 (0 0 362.415) 180 (0 1 484.228) 17 (1 1 495) 380 (1 0 519.173) 217 (0 0 535.816) 423 (0 0 720) 

- route 4: 404 (0 0 87.0077) 48 (1 0 91.2693) 248 (0 0 116) 49 (1 0 185.462) 249 (0 0 210.193) 51 (0 1 214.665) 251 (0 0 235.353) 76 (1 0 240.678) 516 (0 0 243) 66 (1 0 257.124) 506 (0 0 259) 82 (1 0 295.713) 70 (2 0 298.555) 270 (1 0 301) 282 (0 0 308.023) 83 (1 0 458) 283 (0 0 470.31) 157 (0 1 484.68) 165 (1 1 489.18) 127 (2 1 507.038) 567 (1 1 509.592) 365 (0 1 511.418) 357 (0 0 521.489) 25 (0 1 533) 225 (0 0 581.915) 424 (0 0 720) 

- route 5: 405 (0 0 70.8095) 50 (0 1 73.3127) 250 (0 0 94) 14 (0 1 102.709) 214 (0 0 109) 32 (0 1 155.057) 232 (0 0 174) 120 (1 0 186.932) 764 (2 0 211.008) 324 (1 0 214.011) 320 (0 0 226.157) 62 (1 0 332.981) 262 (0 0 337) 63 (1 0 515) 263 (0 0 520.529) 75 (1 0 610) 275 (0 0 625.426) 95 (1 0 632) 295 (0 0 636.565) 425 (0 0 720) 

- route 6: 406 (0 0 57.0797) 162 (1 0 73.2956) 602 (0 0 79) 824 (1 0 95.3815) 384 (0 0 101.339) 185 (1 0 204) 196 (1 1 208.872) 396 (1 0 220.531) 385 (0 0 232.212) 164 (1 0 247.174) 604 (0 0 249) 766 (1 0 261.896) 326 (0 0 264.45) 190 (1 0 271.858) 390 (0 0 273.278) 186 (1 0 277.362) 626 (0 0 279) 706 (1 0 282.062) 793 (2 0 283.062) 353 (1 0 285.81) 266 (0 0 290.178) 150 (0 1 299.684) 154 (1 1 303.664) 594 (0 1 306.319) 768 (1 1 310.147) 328 (0 1 313.657) 350 (0 0 336.453) 159 (1 0 435.413) 599 (0 0 437) 686 (1 0 446.026) 246 (0 0 448.251) 812 (1 0 474.654) 372 (0 0 476.748) 131 (0 1 480.015) 61 (0 2 490) 331 (0 1 497.595) 97 (1 1 524.914) 297 (0 1 529.641) 261 (0 0 534.335) 155 (1 0 556) 595 (0 0 559) 426 (0 0 720) 

- route 7: 407 (0 0 161.23) 788 (1 0 161.23) 348 (0 0 163.878) 78 (1 0 169.403) 92 (2 0 170.907) 278 (1 0 175.278) 28 (1 1 195.14) 292 (0 1 204.893) 228 (0 0 211) 10 (1 0 247.76) 450 (0 0 249) 641 (1 0 292.191) 201 (0 0 294.025) 658 (1 0 302.948) 218 (0 0 307.731) 93 (1 0 315) 65 (1 1 335.805) 265 (1 0 343.734) 293 (0 0 350.602) 79 (1 0 357.422) 279 (0 0 361.747) 175 (0 1 366.885) 652 (1 1 375.203) 212 (0 1 377.648) 176 (1 1 386.257) 616 (0 1 388.559) 375 (0 0 401.696) 197 (0 1 409) 397 (0 0 424.989) 99 (0 1 552.948) 299 (0 0 569.082) 693 (1 0 576.227) 253 (0 0 578.361) 91 (0 1 613) 291 (0 0 618.843) 427 (0 0 720) 

- route 8: 408 (0 0 163.459) 806 (1 0 167.459) 366 (0 0 170) 52 (1 0 260.866) 492 (0 0 263) 804 (1 0 274.442) 364 (0 0 276.91) 96 (1 0 282.34) 296 (0 0 287.067) 826 (1 0 292.015) 386 (0 0 296.204) 74 (1 0 353.833) 149 (2 0 362) 589 (1 0 364.882) 121 (2 0 367.336) 274 (1 0 369.141) 125 (2 0 371.996) 565 (1 0 375) 90 (1 1 379.178) 290 (1 0 384.073) 321 (0 0 406.562) 33 (0 1 420.011) 233 (0 0 438.955) 776 (1 0 442.689) 336 (0 0 446.237) 57 (1 0 495.769) 707 (2 0 510.573) 267 (1 0 512.889) 257 (0 0 518.371) 187 (1 0 525.795) 627 (0 0 531) 817 (1 0 619.642) 377 (0 0 621.725) 55 (1 0 637) 255 (0 0 662.316) 428 (0 0 720) 

- route 9: 409 (0 0 155.965) 86 (0 1 160.377) 286 (0 0 167) 60 (0 1 205.581) 126 (1 1 234.932) 566 (0 1 237) 260 (0 0 244) 1 (1 0 268.252) 441 (0 0 269.688) 146 (0 1 274.413) 346 (0 0 284) 143 (1 0 341) 343 (0 0 346.323) 144 (0 1 366.93) 116 (1 1 374.443) 316 (0 1 380.492) 344 (0 0 407) 717 (1 0 431.02) 277 (0 0 433.342) 71 (1 0 502) 271 (0 0 505.167) 94 (1 0 514.225) 294 (0 0 517.601) 81 (1 0 520.333) 281 (0 0 528.914) 58 (1 0 535.857) 258 (0 0 540) 429 (0 0 720) 

- route 10: 410 (0 0 103.08) 140 (1 0 105.355) 580 (0 0 107) 124 (1 0 164.987) 564 (0 0 167) 142 (1 0 188.118) 342 (0 0 192) 122 (1 0 231.698) 106 (1 1 236.054) 322 (0 1 243.34) 114 (1 1 248.49) 554 (0 1 251) 306 (0 0 265.908) 15 (0 1 285) 215 (0 0 292.937) 2 (1 0 351.339) 107 (1 1 357) 202 (0 1 377) 307 (0 0 386.854) 789 (1 0 414.529) 349 (0 0 420.515) 183 (1 0 509.197) 115 (2 0 510.714) 555 (1 0 516) 623 (0 0 517) 53 (1 0 536.258) 493 (0 0 539) 769 (1 0 560.151) 329 (0 0 561.553) 430 (0 0 720) 

- route 11: 411 (0 0 72.8328) 134 (1 0 78.1475) 574 (0 0 83) 148 (1 0 108.281) 588 (0 0 115) 104 (1 0 148.274) 88 (2 0 178.155) 304 (1 0 183.193) 288 (0 0 193) 182 (1 0 237.694) 622 (0 0 239) 803 (1 0 266.531) 363 (0 0 272.308) 192 (1 0 362.212) 392 (0 0 374) 132 (1 0 395.958) 5 (2 0 404.826) 332 (1 0 407.084) 445 (0 0 409) 136 (1 0 414.668) 112 (2 0 416.822) 576 (1 0 421) 312 (0 0 429.156) 113 (1 0 519) 47 (2 0 526.104) 487 (1 0 528.33) 313 (0 0 531.334) 73 (1 0 554) 273 (0 0 583.79) 145 (0 1 589) 13 (1 1 597.17) 453 (0 1 599) 111 (1 1 625.733) 311 (0 1 630.984) 345 (0 0 637.83) 431 (0 0 720) 

- route 12: 412 (0 0 126.033) 640 (1 0 128.033) 200 (0 0 130.604) 798 (1 0 181.644) 358 (0 0 183.231) 130 (0 1 216.28) 330 (0 0 229) 163 (1 0 248.192) 603 (0 0 251) 716 (1 0 283.02) 276 (0 0 284.048) 77 (1 0 389.972) 517 (0 0 391) 138 (1 0 400.573) 338 (0 0 412) 139 (1 0 492) 133 (2 0 504.245) 339 (1 0 508.641) 333 (0 0 518.93) 173 (1 0 614.905) 613 (0 0 617) 432 (0 0 720) 

- route 13: 413 (0 0 287.196) 128 (1 0 287.598) 568 (0 0 289) 692 (1 0 300.227) 252 (0 0 302.969) 781 (1 0 307.673) 341 (0 0 309.319) 816 (1 0 418.008) 765 (2 0 419.008) 325 (1 0 421.021) 376 (0 0 424.14) 108 (1 0 466.144) 308 (0 0 469.564) 123 (1 0 471.531) 323 (0 0 479.798) 147 (0 1 486) 347 (0 0 498.881) 119 (0 1 519.505) 319 (0 0 529.101) 767 (1 0 533.13) 327 (0 0 536.557) 109 (1 0 565) 309 (0 0 569.63) 177 (1 0 583.842) 617 (0 0 587) 433 (0 0 720) 

- route 14: 414 (0 0 80.9764) 100 (1 0 88.0755) 802 (2 0 94.1923) 362 (1 0 97) 300 (0 0 100.533) 101 (1 0 345) 301 (0 0 357.458) 11 (1 0 471.201) 451 (0 0 473) 117 (1 0 569) 317 (0 0 577.574) 777 (1 0 631.831) 337 (0 0 635.021) 434 (0 0 720) 

- route 15: 415 (0 0 62.1375) 184 (1 0 73.1278) 624 (0 0 81) 646 (1 0 86.3716) 206 (0 0 93) 156 (0 1 207.149) 56 (1 1 234.728) 356 (1 0 239.646) 256 (0 0 256.941) 84 (1 0 263.807) 284 (0 0 272.76) 39 (0 1 276) 29 (0 2 285.859) 239 (0 1 293.431) 229 (0 0 304.165) 105 (1 0 342.163) 72 (2 0 345.022) 272 (1 0 369.255) 775 (2 0 374.435) 305 (1 0 377.444) 335 (0 0 381.289) 189 (0 1 394) 389 (0 0 433.594) 178 (0 1 445.121) 378 (0 0 450) 179 (0 1 534) 379 (0 0 539.818) 795 (1 0 586.923) 355 (0 0 590.235) 813 (1 0 643.013) 373 (0 0 645.68) 435 (0 0 720) 

- route 16: 416 (0 0 142.847) 166 (1 0 144.775) 606 (0 0 147) 168 (1 0 223.227) 368 (0 0 238) 650 (1 0 276.201) 210 (0 0 278) 169 (1 0 309.315) 194 (2 0 322.403) 394 (1 0 325.191) 369 (0 0 329.947) 807 (1 0 334.43) 367 (0 0 336.655) 172 (1 0 446.444) 612 (0 0 449) 827 (1 0 542.999) 387 (0 0 544.637) 436 (0 0 720) 

- route 17: 417 (0 0 122.845) 188 (0 1 123.481) 152 (1 1 128.808) 388 (1 0 152) 352 (0 0 161.391) 153 (1 0 253.227) 593 (0 0 257) 754 (1 0 258.431) 822 (2 0 259.431) 314 (1 0 264.717) 382 (0 0 269.454) 644 (1 0 306.09) 204 (0 0 307.531) 118 (0 1 324.403) 318 (0 0 334) 151 (0 1 435.242) 110 (1 1 439.749) 310 (0 1 445) 193 (1 1 463.15) 633 (0 1 465) 351 (0 0 472.011) 67 (1 0 482.529) 507 (0 0 485) 437 (0 0 720) 

- route 18: 418 (0 0 88.3025) 160 (0 1 93.0565) 360 (0 0 103) 774 (1 0 119.253) 334 (0 0 123.436) 174 (0 1 180.412) 374 (0 0 207.84) 64 (0 1 215.071) 264 (0 0 223) 80 (1 0 274.518) 87 (1 1 282) 280 (0 1 286.184) 287 (0 0 290.435) 167 (1 0 310.459) 607 (0 0 313) 794 (1 0 330.477) 68 (1 1 332.382) 354 (0 1 337.899) 268 (0 0 345.061) 729 (1 0 406.865) 289 (0 0 411.83) 69 (0 1 442.999) 54 (1 1 446.724) 269 (1 0 453.809) 254 (0 0 471.808) 833 (1 0 474.528) 393 (0 0 480.333) 103 (0 1 504.305) 755 (1 1 524.431) 315 (0 1 526.941) 303 (0 0 536.687) 3 (1 0 599) 181 (1 1 623.736) 203 (0 1 628.703) 59 (1 1 642) 259 (0 1 647.715) 381 (0 0 658.681) 438 (0 0 720) 

- route 19: 419 (0 0 149.77) 170 (1 0 152.044) 158 (2 0 155.827) 598 (1 0 157) 370 (0 0 197) 647 (1 0 378.195) 207 (0 0 379.631) 171 (1 0 405.951) 46 (2 0 409.084) 486 (1 0 414.264) 198 (2 0 437.47) 398 (1 0 444.198) 371 (0 0 448.87) 195 (1 0 451) 395 (0 0 454.683) 799 (1 0 461.644) 359 (0 0 462.817) 129 (1 0 535.494) 569 (0 0 538.471) 823 (1 0 539.471) 383 (0 0 540.777) 191 (1 0 543) 391 (0 0 544.629) 199 (1 0 611) 399 (0 0 620.592) 439 (0 0 720) 


Data DARP: datafile2.txt
Transfers: 1
Relative MRT: 1
MRT factor: 1.5
Speed factor PT : 1
PT interval: 10
Iterations: 25000
Iter without impr: 500
Max removal pct: 0.3
Max deterior pct: 0.04
Clustered removal: 0
IDARP adapted: 1
Without operator:  0
Terminals per node: 3
Priority non PT: 0
Priority PT: 0
Priority long: 0
Priority short: 0
Current iteration: 10000
Total distance: 2332.37
Computation time: 2530.16
Average ride time: 19.9171
Pct PT users: 0.28
Users PT: 0 1 4 5 6 7 10 11 12 13 18 46 47 52 53 66 67 76 77 89 114 115 124 125 126 127 128 129 134 135 136 137 140 141 148 149 153 154 155 158 159 162 163 164 166 167 172 173 176 177 182 183 184 186 187 193 

- route 0: 400 (0 0 145.21) 26 (1 0 149.017) 226 (0 0 154) 34 (1 0 216.59) 234 (0 0 222) 35 (1 0 298) 235 (0 0 305.615) 12 (1 0 344.723) 452 (0 0 347) 42 (0 1 397.451) 242 (0 0 404) 43 (0 1 509) 243 (0 0 517.324) 653 (1 0 632.512) 213 (0 0 634.789) 420 (0 0 720) 

- route 1: 401 (0 0 33.1514) 6 (1 0 35.5643) 446 (0 0 37) 38 (0 1 113.379) 238 (0 0 126) 36 (1 0 253.329) 236 (0 0 258.521) 20 (1 0 260.994) 220 (0 0 262.885) 22 (0 1 265.782) 222 (0 0 272) 4 (1 0 278.156) 444 (0 0 283) 18 (1 0 290.298) 458 (0 0 295) 44 (1 0 307.453) 16 (2 0 309.651) 244 (1 0 331) 98 (1 1 336.901) 216 (0 1 350.467) 298 (0 0 359.602) 89 (1 0 392.614) 529 (0 0 395) 45 (1 0 427) 19 (2 0 447) 245 (1 0 457.475) 219 (0 0 464.433) 651 (1 0 503.047) 211 (0 0 504.287) 421 (0 0 720) 

- route 2: 402 (0 0 103.996) 0 (1 0 104.83) 440 (0 0 107) 30 (0 1 113.619) 230 (0 0 123.527) 40 (1 0 127.702) 240 (0 0 131) 780 (1 0 140.473) 340 (0 0 145) 141 (1 0 263) 581 (0 0 267) 27 (1 0 320) 227 (0 0 326.974) 41 (1 0 334.527) 241 (0 0 337.825) 31 (0 1 340) 231 (0 0 353.362) 23 (0 1 397.197) 223 (0 0 403.415) 9 (1 0 410) 209 (0 0 414.536) 645 (1 0 429.357) 205 (0 0 434.201) 21 (1 0 470) 221 (0 0 472.337) 37 (1 0 519.035) 237 (0 0 524.228) 85 (1 0 531) 285 (0 0 543.93) 687 (1 0 560.723) 247 (0 0 565.271) 137 (1 0 603.452) 577 (0 0 607) 422 (0 0 720) 

- route 3: 403 (0 0 219.559) 8 (1 0 220.643) 208 (0 0 224) 24 (0 1 263.025) 102 (0 2 277.412) 302 (0 1 300) 224 (0 0 311.94) 7 (1 0 322) 447 (0 0 329) 135 (1 0 336) 575 (0 0 341) 161 (0 1 349) 361 (0 0 362.415) 180 (0 1 484.228) 17 (1 1 495) 380 (1 0 519.173) 217 (0 0 535.816) 423 (0 0 720) 

- route 4: 404 (0 0 87.0077) 48 (1 0 91.2693) 248 (0 0 116) 49 (1 0 185.462) 249 (0 0 210.193) 51 (0 1 214.665) 251 (0 0 235.353) 76 (1 0 240.678) 516 (0 0 243) 66 (1 0 257.124) 506 (0 0 259) 82 (1 0 295.713) 70 (2 0 298.555) 270 (1 0 301) 282 (0 0 308.023) 83 (1 0 458) 283 (0 0 470.31) 157 (0 1 484.68) 165 (1 1 489.18) 127 (2 1 507.038) 567 (1 1 509.592) 365 (0 1 511.418) 357 (0 0 521.489) 25 (0 1 533) 225 (0 0 581.915) 424 (0 0 720) 

- route 5: 405 (0 0 70.8095) 50 (0 1 73.3127) 250 (0 0 94) 14 (0 1 102.709) 214 (0 0 109) 32 (0 1 155.057) 232 (0 0 174) 120 (1 0 186.932) 764 (2 0 211.008) 324 (1 0 214.011) 320 (0 0 226.157) 62 (1 0 332.981) 262 (0 0 337) 63 (1 0 515) 263 (0 0 520.529) 75 (1 0 610) 275 (0 0 625.426) 95 (1 0 632) 295 (0 0 636.565) 425 (0 0 720) 

- route 6: 406 (0 0 57.0797) 162 (1 0 73.2956) 602 (0 0 79) 824 (1 0 95.3815) 384 (0 0 101.339) 185 (1 0 204) 196 (1 1 208.872) 396 (1 0 220.531) 385 (0 0 232.212) 164 (1 0 247.174) 604 (0 0 249) 766 (1 0 261.896) 326 (0 0 264.45) 190 (1 0 271.858) 390 (0 0 273.278) 186 (1 0 277.362) 626 (0 0 279) 706 (1 0 282.062) 793 (2 0 283.062) 353 (1 0 285.81) 266 (0 0 290.178) 150 (0 1 299.684) 154 (1 1 303.664) 594 (0 1 306.319) 768 (1 1 310.147) 328 (0 1 313.657) 350 (0 0 336.453) 159 (1 0 435.413) 599 (0 0 437) 686 (1 0 446.026) 246 (0 0 448.251) 812 (1 0 474.654) 372 (0 0 476.748) 131 (0 1 480.015) 61 (0 2 490) 331 (0 1 497.595) 97 (1 1 524.914) 297 (0 1 529.641) 261 (0 0 534.335) 155 (1 0 556) 595 (0 0 559) 426 (0 0 720) 

- route 7: 407 (0 0 161.23) 788 (1 0 161.23) 348 (0 0 163.878) 78 (1 0 169.403) 92 (2 0 170.907) 278 (1 0 175.278) 28 (1 1 195.14) 292 (0 1 204.893) 228 (0 0 211) 10 (1 0 247.76) 450 (0 0 249) 641 (1 0 292.191) 201 (0 0 294.025) 658 (1 0 302.948) 218 (0 0 307.731) 93 (1 0 315) 65 (1 1 335.805) 265 (1 0 343.734) 293 (0 0 350.602) 79 (1 0 357.422) 279 (0 0 361.747) 175 (0 1 366.885) 652 (1 1 375.203) 212 (0 1 377.648) 176 (1 1 386.257) 616 (0 1 388.559) 375 (0 0 401.696) 197 (0 1 409) 397 (0 0 424.989) 99 (0 1 552.948) 299 (0 0 569.082) 693 (1 0 576.227) 253 (0 0 578.361) 91 (0 1 613) 291 (0 0 618.843) 427 (0 0 720) 

- route 8: 408 (0 0 163.459) 806 (1 0 167.459) 366 (0 0 170) 52 (1 0 260.866) 492 (0 0 263) 804 (1 0 274.442) 364 (0 0 276.91) 96 (1 0 282.34) 296 (0 0 287.067) 826 (1 0 292.015) 386 (0 0 296.204) 74 (1 0 353.833) 149 (2 0 362) 589 (1 0 364.882) 121 (2 0 367.336) 274 (1 0 369.141) 125 (2 0 371.996) 565 (1 0 375) 90 (1 1 379.178) 290 (1 0 384.073) 321 (0 0 406.562) 33 (0 1 420.011) 233 (0 0 438.955) 776 (1 0 442.689) 336 (0 0 446.237) 57 (1 0 495.769) 707 (2 0 510.573) 267 (1 0 512.889) 257 (0 0 518.371) 187 (1 0 525.795) 627 (0 0 531) 817 (1 0 619.642) 377 (0 0 621.725) 55 (1 0 637) 255 (0 0 662.316) 428 (0 0 720) 

- route 9: 409 (0 0 155.965) 86 (0 1 160.377) 286 (0 0 167) 60 (0 1 205.581) 126 (1 1 234.932) 566 (0 1 237) 260 (0 0 244) 1 (1 0 268.252) 441 (0 0 269.688) 146 (0 1 274.413) 346 (0 0 284) 143 (1 0 341) 343 (0 0 346.323) 144 (0 1 366.93) 116 (1 1 374.443) 316 (0 1 380.492) 344 (0 0 407) 717 (1 0 431.02) 277 (0 0 433.342) 71 (1 0 502) 271 (0 0 505.167) 94 (1 0 514.225) 294 (0 0 517.601) 81 (1 0 520.333) 281 (0 0 528.914) 58 (1 0 535.857) 258 (0 0 540) 429 (0 0 720) 

- route 10: 410 (0 0 103.08) 140 (1 0 105.355) 580 (0 0 107) 124 (1 0 164.987) 564 (0 0 167) 142 (1 0 188.118) 342 (0 0 192) 122 (1 0 231.698) 106 (1 1 236.054) 322 (0 1 243.34) 114 (1 1 248.49) 554 (0 1 251) 306 (0 0 265.908) 15 (0 1 285) 215 (0 0 292.937) 2 (1 0 351.339) 107 (1 1 357) 202 (0 1 377) 307 (0 0 386.854) 789 (1 0 414.529) 349 (0 0 420.515) 183 (1 0 509.197) 115 (2 0 510.714) 555 (1 0 516) 623 (0 0 517) 53 (1 0 536.258) 493 (0 0 539) 769 (1 0 560.151) 329 (0 0 561.553) 430 (0 0 720) 

- route 11: 411 (0 0 72.8328) 134 (1 0 78.1475) 574 (0 0 83) 148 (1 0 108.281) 588 (0 0 115) 104 (1 0 148.274) 88 (2 0 178.155) 304 (1 0 183.193) 288 (0 0 193) 182 (1 0 237.694) 622 (0 0 239) 803 (1 0 266.531) 363 (0 0 272.308) 192 (1 0 362.212) 392 (0 0 374) 132 (1 0 395.958) 5 (2 0 404.826) 332 (1 0 407.084) 445 (0 0 409) 136 (1 0 414.668) 112 (2 0 416.822) 576 (1 0 421) 312 (0 0 429.156) 113 (1 0 519) 47 (2 0 526.104) 487 (1 0 528.33) 313 (0 0 531.334) 73 (1 0 554) 273 (0 0 583.79) 145 (0 1 589) 13 (1 1 597.17) 453 (0 1 599) 111 (1 1 625.733) 311 (0 1 630.984) 345 (0 0 637.83) 431 (0 0 720) 

- route 12: 412 (0 0 126.033) 640 (1 0 128.033) 200 (0 0 130.604) 798 (1 0 181.644) 358 (0 0 183.231) 130 (0 1 216.28) 330 (0 0 229) 163 (1 0 248.192) 603 (0 0 251) 716 (1 0 283.02) 276 (0 0 284.048) 77 (1 0 389.972) 517 (0 0 391) 138 (1 0 400.573) 338 (0 0 412) 139 (1 0 492) 133 (2 0 504.245) 339 (1 0 508.641) 333 (0 0 518.93) 173 (1 0 614.905) 613 (0 0 617) 432 (0 0 720) 

- route 13: 413 (0 0 287.196) 128 (1 0 287.598) 568 (0 0 289) 692 (1 0 300.227) 252 (0 0 302.969) 781 (1 0 307.673) 341 (0 0 309.319) 816 (1 0 418.008) 765 (2 0 419.008) 325 (1 0 421.021) 376 (0 0 424.14) 108 (1 0 466.144) 308 (0 0 469.564) 123 (1 0 471.531) 323 (0 0 479.798) 147 (0 1 486) 347 (0 0 498.881) 119 (0 1 519.505) 319 (0 0 529.101) 767 (1 0 533.13) 327 (0 0 536.557) 109 (1 0 565) 309 (0 0 569.63) 177 (1 0 583.842) 617 (0 0 587) 433 (0 0 720) 

- route 14: 414 (0 0 80.9764) 100 (1 0 88.0755) 802 (2 0 94.1923) 362 (1 0 97) 300 (0 0 100.533) 101 (1 0 345) 301 (0 0 357.458) 11 (1 0 471.201) 451 (0 0 473) 117 (1 0 569) 317 (0 0 577.574) 777 (1 0 631.831) 337 (0 0 635.021) 434 (0 0 720) 

- route 15: 415 (0 0 62.1375) 184 (1 0 73.1278) 624 (0 0 81) 646 (1 0 86.3716) 206 (0 0 93) 156 (0 1 207.149) 56 (1 1 234.728) 356 (1 0 239.646) 256 (0 0 256.941) 84 (1 0 263.807) 284 (0 0 272.76) 39 (0 1 276) 29 (0 2 285.859) 239 (0 1 293.431) 229 (0 0 304.165) 105 (1 0 342.163) 72 (2 0 345.022) 272 (1 0 369.255) 775 (2 0 374.435) 305 (1 0 377.444) 335 (0 0 381.289) 189 (0 1 394) 389 (0 0 433.594) 178 (0 1 445.121) 378 (0 0 450) 179 (0 1 534) 379 (0 0 539.818) 795 (1 0 586.923) 355 (0 0 590.235) 813 (1 0 643.013) 373 (0 0 645.68) 435 (0 0 720) 

- route 16: 416 (0 0 142.847) 166 (1 0 144.775) 606 (0 0 147) 168 (1 0 223.227) 368 (0 0 238) 650 (1 0 276.201) 210 (0 0 278) 169 (1 0 309.315) 194 (2 0 322.403) 394 (1 0 325.191) 369 (0 0 329.947) 807 (1 0 334.43) 367 (0 0 336.655) 172 (1 0 446.444) 612 (0 0 449) 827 (1 0 542.999) 387 (0 0 544.637) 436 (0 0 720) 

- route 17: 417 (0 0 122.845) 188 (0 1 123.481) 152 (1 1 128.808) 388 (1 0 152) 352 (0 0 161.391) 153 (1 0 253.227) 593 (0 0 257) 754 (1 0 258.431) 822 (2 0 259.431) 314 (1 0 264.717) 382 (0 0 269.454) 644 (1 0 306.09) 204 (0 0 307.531) 118 (0 1 324.403) 318 (0 0 334) 151 (0 1 435.242) 110 (1 1 439.749) 310 (0 1 445) 193 (1 1 463.15) 633 (0 1 465) 351 (0 0 472.011) 67 (1 0 482.529) 507 (0 0 485) 437 (0 0 720) 

- route 18: 418 (0 0 88.3025) 160 (0 1 93.0565) 360 (0 0 103) 774 (1 0 119.253) 334 (0 0 123.436) 174 (0 1 180.412) 374 (0 0 207.84) 64 (0 1 215.071) 264 (0 0 223) 80 (1 0 274.518) 87 (1 1 282) 280 (0 1 286.184) 287 (0 0 290.435) 167 (1 0 310.459) 607 (0 0 313) 794 (1 0 330.477) 68 (1 1 332.382) 354 (0 1 337.899) 268 (0 0 345.061) 729 (1 0 406.865) 289 (0 0 411.83) 69 (0 1 442.999) 54 (1 1 446.724) 269 (1 0 453.809) 254 (0 0 471.808) 833 (1 0 474.528) 393 (0 0 480.333) 103 (0 1 504.305) 755 (1 1 524.431) 315 (0 1 526.941) 303 (0 0 536.687) 3 (1 0 599) 181 (1 1 623.736) 203 (0 1 628.703) 59 (1 1 642) 259 (0 1 647.715) 381 (0 0 658.681) 438 (0 0 720) 

- route 19: 419 (0 0 149.77) 170 (1 0 152.044) 158 (2 0 155.827) 598 (1 0 157) 370 (0 0 197) 647 (1 0 378.195) 207 (0 0 379.631) 171 (1 0 405.951) 46 (2 0 409.084) 486 (1 0 414.264) 198 (2 0 437.47) 398 (1 0 444.198) 371 (0 0 448.87) 195 (1 0 451) 395 (0 0 454.683) 799 (1 0 461.644) 359 (0 0 462.817) 129 (1 0 535.494) 569 (0 0 538.471) 823 (1 0 539.471) 383 (0 0 540.777) 191 (1 0 543) 391 (0 0 544.629) 199 (1 0 611) 399 (0 0 620.592) 439 (0 0 720) 


Data DARP: datafile2.txt
Transfers: 1
Relative MRT: 1
MRT factor: 1.5
Speed factor PT : 1
PT interval: 10
Iterations: 25000
Iter without impr: 500
Max removal pct: 0.3
Max deterior pct: 0.04
Clustered removal: 0
IDARP adapted: 1
Without operator:  0
Terminals per node: 3
Priority non PT: 0
Priority PT: 0
Priority long: 0
Priority short: 0
Current iteration: 15000
Total distance: 2331.46
Computation time: 3457.23
Average ride time: 20.2898
Pct PT users: 0.285
Users PT: 0 1 4 5 6 7 10 11 12 13 18 46 47 52 53 66 67 76 77 88 89 114 115 124 125 126 127 128 129 134 135 136 137 138 140 141 148 149 153 154 155 158 159 162 163 164 166 167 172 173 176 177 182 183 184 186 187 

- route 0: 400 (0 0 145.21) 26 (1 0 149.017) 226 (0 0 154) 8 (1 0 209.211) 208 (0 0 212.568) 34 (1 0 216.59) 234 (0 0 222) 35 (1 0 283.315) 235 (0 0 288.725) 641 (1 0 291.167) 201 (0 0 293.337) 41 (1 0 329.627) 241 (0 0 332.924) 31 (0 1 335.1) 12 (1 1 343.093) 452 (0 1 345) 231 (0 0 348.462) 23 (0 1 397.197) 223 (0 0 403.415) 9 (1 0 410) 209 (0 0 414.536) 651 (1 0 503.047) 211 (0 0 504.287) 420 (0 0 720) 

- route 1: 401 (0 0 93.9963) 0 (1 0 94.8305) 440 (0 0 97) 30 (0 1 103.669) 230 (0 0 113.577) 40 (1 0 117.753) 240 (0 0 121.05) 780 (1 0 127.146) 340 (0 0 131.673) 141 (1 0 255.06) 581 (0 0 257.59) 22 (0 1 265.782) 222 (0 0 272) 18 (1 0 280.298) 458 (0 0 285) 42 (0 1 397.451) 242 (0 0 404) 645 (1 0 429.357) 205 (0 0 434.201) 653 (1 0 636.703) 213 (0 0 638.61) 421 (0 0 720) 

- route 2: 402 (0 0 247.52) 10 (1 0 247.76) 450 (0 0 249) 24 (0 1 263.025) 102 (0 2 277.412) 302 (0 1 300) 224 (0 0 311.94) 7 (1 0 322) 447 (0 0 329) 135 (1 0 336) 161 (1 1 341.187) 575 (0 1 347) 361 (0 0 354.602) 192 (1 0 362.212) 392 (0 0 374) 193 (1 0 473.844) 17 (2 0 480.806) 393 (1 0 488.981) 43 (1 1 509) 243 (1 0 516.752) 217 (0 0 521.621) 422 (0 0 720) 

- route 3: 403 (0 0 87.0077) 48 (1 0 91.2693) 248 (0 0 116) 49 (1 0 186.797) 249 (0 0 211.527) 51 (0 1 216) 76 (1 1 239.706) 516 (0 1 242.028) 251 (0 0 245.531) 52 (1 0 260.866) 492 (0 0 263) 167 (1 0 312.173) 607 (0 0 315) 652 (1 0 376.17) 212 (0 0 378) 45 (1 0 427) 19 (2 0 447) 245 (1 0 457.475) 219 (0 0 464.433) 21 (1 0 470) 221 (0 0 472.337) 37 (1 0 526) 237 (0 0 533.289) 687 (1 0 560.091) 247 (0 0 565.271) 137 (1 0 603.452) 577 (0 0 607) 423 (0 0 720) 

- route 4: 404 (0 0 33.1514) 6 (1 0 35.5643) 446 (0 0 37) 38 (0 1 113.379) 238 (0 0 126) 36 (1 0 261.444) 236 (0 0 266.636) 20 (1 0 269.109) 220 (0 0 271) 4 (1 0 288.156) 444 (0 0 293) 44 (1 0 307.453) 16 (2 0 309.651) 244 (1 0 331) 98 (1 1 336.901) 216 (0 1 350.467) 298 (0 0 359.602) 132 (1 0 395.958) 5 (2 0 404.826) 332 (1 0 407.084) 445 (0 0 409) 136 (1 0 427.291) 576 (0 0 430.482) 151 (0 1 433.312) 110 (1 1 437.819) 310 (0 1 443.07) 686 (1 1 445.164) 246 (0 1 448.251) 351 (0 0 470.081) 67 (1 0 476.529) 507 (0 0 479) 179 (0 1 522.251) 379 (0 0 527.13) 25 (0 1 533) 225 (0 0 581.915) 424 (0 0 720) 

- route 5: 405 (0 0 161.23) 788 (1 0 161.23) 348 (0 0 163.878) 78 (1 0 169.403) 92 (2 0 170.907) 278 (1 0 175.278) 28 (1 1 195.14) 292 (0 1 204.893) 228 (0 0 211) 29 (0 1 288) 658 (1 1 292.948) 218 (0 1 297.731) 229 (0 0 306.306) 105 (1 0 351.21) 72 (2 0 354.07) 272 (1 0 378.302) 77 (2 0 379.972) 517 (1 0 381) 138 (2 0 387.051) 578 (1 0 391) 305 (0 0 396.797) 816 (1 0 418.008) 765 (2 0 419.008) 325 (1 0 421.021) 376 (0 0 424.14) 108 (1 0 469.58) 308 (0 0 473) 123 (1 0 482) 323 (0 0 493.9) 113 (1 0 519) 47 (2 0 526.104) 487 (1 0 528.33) 313 (0 0 531.334) 73 (1 0 554) 273 (0 0 589.848) 425 (0 0 720) 

- route 6: 406 (0 0 70.8095) 50 (0 1 73.3127) 250 (0 0 94) 14 (0 1 102.709) 214 (0 0 109) 32 (0 1 155.057) 232 (0 0 174) 120 (1 0 186.932) 764 (2 0 211.008) 324 (1 0 214.011) 320 (0 0 226.157) 62 (1 0 328.896) 262 (0 0 332.915) 794 (1 0 336.615) 354 (0 0 337.899) 68 (0 1 344.548) 268 (0 0 354) 729 (1 0 406.865) 289 (0 0 411.83) 69 (0 1 447) 54 (1 1 452.593) 269 (1 0 459.678) 254 (0 0 477.909) 180 (0 1 501.399) 380 (0 0 525.695) 85 (1 0 531) 285 (0 0 543.93) 155 (1 0 556) 595 (0 0 559) 426 (0 0 720) 

- route 7: 407 (0 0 295.274) 82 (1 0 295.713) 70 (2 0 298.555) 270 (1 0 301) 282 (0 0 308.023) 83 (1 0 458) 283 (0 0 470.31) 707 (1 0 507.707) 267 (0 0 509.583) 63 (1 0 515) 263 (0 0 520.529) 75 (1 0 610) 275 (0 0 625.426) 95 (1 0 632) 295 (0 0 636.565) 427 (0 0 720) 

- route 8: 408 (0 0 148.297) 806 (1 0 154.297) 366 (0 0 157.124) 86 (0 1 160.377) 286 (0 0 167) 64 (0 1 215.071) 264 (0 0 223) 66 (1 0 254.684) 506 (0 0 257) 804 (1 0 278.802) 96 (2 0 280.64) 364 (1 0 282.91) 296 (0 0 287.067) 826 (1 0 292.015) 386 (0 0 296.204) 187 (1 0 525.795) 627 (0 0 531) 817 (1 0 619.642) 377 (0 0 621.725) 55 (1 0 637) 255 (0 0 662.316) 428 (0 0 720) 

- route 9: 409 (0 0 53.0797) 162 (1 0 69.2956) 602 (0 0 75) 824 (1 0 95.3815) 384 (0 0 101.339) 185 (1 0 204) 196 (1 1 208.872) 396 (1 0 220.531) 385 (0 0 232.212) 164 (1 0 253.174) 604 (0 0 255) 766 (1 0 261.896) 326 (0 0 264.45) 190 (1 0 271.858) 390 (0 0 273.278) 186 (1 0 277.362) 626 (0 0 279) 793 (1 0 280.368) 706 (2 0 281.368) 353 (1 0 284.116) 266 (0 0 287.738) 150 (0 1 299.684) 154 (1 1 303.664) 594 (0 1 306.319) 768 (1 1 310.147) 328 (0 1 313.657) 350 (0 0 336.453) 159 (1 0 443) 599 (0 0 447) 61 (0 1 477.459) 147 (0 2 482.101) 347 (0 1 491.688) 94 (1 1 516.624) 294 (0 1 520) 261 (0 0 521.794) 81 (1 0 532) 281 (0 0 544.371) 693 (1 0 576.227) 253 (0 0 578.361) 91 (0 1 613) 291 (0 0 618.843) 429 (0 0 720) 

- route 10: 410 (0 0 75.6864) 134 (1 0 81.0011) 140 (2 0 85.3547) 574 (1 0 87) 580 (0 0 97) 124 (1 0 164.987) 564 (0 0 167) 142 (1 0 188.118) 342 (0 0 192) 122 (1 0 231.698) 106 (1 1 236.054) 322 (0 1 243.34) 114 (1 1 248.49) 554 (0 1 251) 306 (0 0 265.908) 15 (0 1 285) 215 (0 0 292.937) 2 (1 0 345.023) 107 (1 1 350.684) 202 (0 1 369.409) 307 (0 0 373.238) 775 (1 0 376.926) 335 (0 0 381.289) 789 (1 0 414.529) 349 (0 0 420.515) 183 (1 0 509.197) 115 (2 0 510.714) 623 (1 0 516) 555 (0 0 517) 53 (1 0 536.258) 493 (0 0 539) 769 (1 0 560.329) 329 (0 0 561.731) 430 (0 0 720) 

- route 11: 411 (0 0 84.0402) 100 (1 0 91.1393) 300 (0 0 99.7779) 148 (1 0 108.281) 588 (0 0 115) 104 (1 0 140.153) 88 (2 0 170.035) 528 (1 0 175) 304 (0 0 185.74) 80 (1 0 274.518) 87 (1 1 282) 280 (0 1 286.184) 287 (0 0 290.435) 74 (1 0 353.833) 149 (2 0 362) 589 (1 0 364.882) 121 (2 0 367.336) 274 (1 0 369.141) 125 (2 0 371.996) 565 (1 0 375) 90 (1 1 379.178) 290 (1 0 384.073) 321 (0 0 406.562) 33 (0 1 421) 233 (0 0 447.915) 776 (1 0 455.312) 336 (0 0 458.86) 57 (1 0 498) 97 (2 0 522.283) 257 (1 0 524.099) 297 (0 0 528.874) 58 (1 0 535.857) 258 (0 0 540) 145 (0 1 589) 13 (1 1 600.991) 453 (0 1 602.821) 111 (1 1 625.733) 311 (0 1 630.984) 345 (0 0 637.83) 431 (0 0 720) 

- route 12: 412 (0 0 184.08) 798 (1 0 184.08) 358 (0 0 187.231) 130 (0 1 216.28) 330 (0 0 229) 778 (1 0 397.386) 338 (0 0 403.692) 139 (1 0 492) 133 (2 0 504.245) 339 (1 0 508.641) 333 (0 0 518.93) 173 (1 0 614.905) 613 (0 0 617) 432 (0 0 720) 

- route 13: 413 (0 0 91.3451) 802 (1 0 91.3451) 362 (0 0 93.4109) 163 (1 0 238.192) 603 (0 0 241) 716 (1 0 282.048) 276 (0 0 283.076) 118 (0 1 324.403) 318 (0 0 334) 112 (1 0 423.444) 312 (0 0 432) 131 (0 1 479.378) 812 (1 1 484.088) 372 (0 1 487.218) 331 (0 0 496.958) 119 (0 1 523.288) 767 (1 1 529.896) 327 (0 1 531.964) 319 (0 0 536.183) 109 (1 0 565) 309 (0 0 569.63) 177 (1 0 583.842) 617 (0 0 587) 433 (0 0 720) 

- route 14: 414 (0 0 116.033) 640 (1 0 118.033) 200 (0 0 120.604) 1 (1 0 267.564) 441 (0 0 269) 146 (0 1 274.413) 346 (0 0 284) 781 (1 0 299.733) 341 (0 0 301.379) 644 (1 0 316.09) 204 (0 0 317.531) 101 (1 0 345) 301 (0 0 357.458) 11 (1 0 471.201) 451 (0 0 473) 117 (1 0 569) 317 (0 0 577.574) 777 (1 0 631.831) 337 (0 0 635.021) 434 (0 0 720) 

- route 15: 415 (0 0 122.845) 188 (0 1 123.481) 152 (1 1 128.808) 388 (1 0 152) 352 (0 0 161.391) 153 (1 0 253.227) 593 (0 0 257) 754 (1 0 258.431) 822 (2 0 259.431) 314 (1 0 264.717) 382 (0 0 269.454) 189 (0 1 394) 389 (0 0 433.594) 178 (0 1 445.121) 378 (0 0 450) 127 (1 0 502.446) 567 (0 0 505) 827 (1 0 542.999) 387 (0 0 544.637) 435 (0 0 720) 

- route 16: 416 (0 0 88.3025) 160 (0 1 93.0565) 360 (0 0 103) 774 (1 0 120.817) 334 (0 0 125) 174 (0 1 163.86) 728 (1 1 186.865) 288 (0 1 189.251) 374 (0 0 199.234) 60 (0 1 205.581) 126 (1 1 234.932) 566 (0 1 237) 260 (0 0 244) 128 (1 0 287.598) 568 (0 0 289) 692 (1 0 300.227) 252 (0 0 302.969) 143 (1 0 341) 343 (0 0 346.323) 144 (0 1 357.211) 116 (1 1 364.724) 316 (0 1 370.774) 89 (1 1 392.614) 529 (0 1 395) 344 (0 0 406.041) 717 (1 0 421.02) 277 (0 0 423.342) 157 (0 1 493) 165 (1 1 498.393) 71 (2 1 502) 271 (1 1 505.167) 365 (0 1 528.129) 357 (0 0 538.702) 795 (1 0 586.866) 355 (0 0 590.235) 813 (1 0 643.013) 373 (0 0 645.68) 436 (0 0 720) 

- route 17: 417 (0 0 153.77) 170 (1 0 156.044) 158 (2 0 159.827) 598 (1 0 161) 370 (0 0 197) 27 (1 0 320) 227 (0 0 326.974) 647 (1 0 378.195) 207 (0 0 379.631) 171 (1 0 405.951) 46 (2 0 409.084) 486 (1 0 414.264) 198 (2 0 437.47) 398 (1 0 444.198) 371 (0 0 448.87) 195 (1 0 451) 395 (0 0 454.683) 799 (1 0 469.231) 359 (0 0 470.404) 191 (1 0 530.223) 391 (0 0 531.643) 129 (1 0 535.673) 569 (0 0 538.65) 823 (1 0 539.65) 383 (0 0 540.956) 99 (0 1 557) 299 (0 0 579.701) 199 (1 0 611) 399 (0 0 620.592) 437 (0 0 720) 

- route 18: 418 (0 0 62.1375) 184 (1 0 73.1278) 624 (0 0 81) 646 (1 0 86.3716) 206 (0 0 93) 156 (0 1 207.149) 56 (1 1 234.728) 356 (1 0 239.646) 256 (0 0 256.941) 84 (1 0 263.807) 284 (0 0 272.76) 39 (0 1 276) 239 (0 0 293.431) 93 (1 0 315) 65 (1 1 335.805) 265 (1 0 343.734) 293 (0 0 350.602) 79 (1 0 361.197) 279 (0 0 365.522) 175 (0 1 370.66) 176 (1 1 386.257) 616 (0 1 388.559) 375 (0 0 401.696) 197 (0 1 409) 397 (0 0 424.989) 103 (0 1 504.305) 755 (1 1 524.431) 315 (0 1 526.941) 303 (0 0 536.687) 3 (1 0 599) 181 (1 1 623.736) 203 (0 1 628.703) 59 (1 1 642) 259 (0 1 647.715) 381 (0 0 658.681) 438 (0 0 720) 

- route 19: 419 (0 0 132.847) 166 (1 0 134.775) 606 (0 0 137) 168 (1 0 211.232) 368 (0 0 226.005) 182 (1 0 237.694) 622 (0 0 239) 803 (1 0 256.531) 363 (0 0 262.308) 650 (1 0 276.201) 210 (0 0 278) 169 (1 0 311.029) 194 (2 0 324.116) 394 (1 0 326.905) 369 (0 0 331.661) 807 (1 0 336.144) 367 (0 0 338.369) 172 (1 0 456.444) 612 (0 0 459) 439 (0 0 720) 


Data DARP: datafile2.txt
Transfers: 1
Relative MRT: 1
MRT factor: 1.5
Speed factor PT : 1
PT interval: 10
Iterations: 25000
Iter without impr: 500
Max removal pct: 0.3
Max deterior pct: 0.04
Clustered removal: 0
IDARP adapted: 1
Without operator:  0
Terminals per node: 3
Priority non PT: 0
Priority PT: 0
Priority long: 0
Priority short: 0
Current iteration: 20000
Total distance: 2331.46
Computation time: 4323.55
Average ride time: 20.2898
Pct PT users: 0.285
Users PT: 0 1 4 5 6 7 10 11 12 13 18 46 47 52 53 66 67 76 77 88 89 114 115 124 125 126 127 128 129 134 135 136 137 138 140 141 148 149 153 154 155 158 159 162 163 164 166 167 172 173 176 177 182 183 184 186 187 

- route 0: 400 (0 0 145.21) 26 (1 0 149.017) 226 (0 0 154) 8 (1 0 209.211) 208 (0 0 212.568) 34 (1 0 216.59) 234 (0 0 222) 35 (1 0 283.315) 235 (0 0 288.725) 641 (1 0 291.167) 201 (0 0 293.337) 41 (1 0 329.627) 241 (0 0 332.924) 31 (0 1 335.1) 12 (1 1 343.093) 452 (0 1 345) 231 (0 0 348.462) 23 (0 1 397.197) 223 (0 0 403.415) 9 (1 0 410) 209 (0 0 414.536) 651 (1 0 503.047) 211 (0 0 504.287) 420 (0 0 720) 

- route 1: 401 (0 0 93.9963) 0 (1 0 94.8305) 440 (0 0 97) 30 (0 1 103.669) 230 (0 0 113.577) 40 (1 0 117.753) 240 (0 0 121.05) 780 (1 0 127.146) 340 (0 0 131.673) 141 (1 0 255.06) 581 (0 0 257.59) 22 (0 1 265.782) 222 (0 0 272) 18 (1 0 280.298) 458 (0 0 285) 42 (0 1 397.451) 242 (0 0 404) 645 (1 0 429.357) 205 (0 0 434.201) 653 (1 0 636.703) 213 (0 0 638.61) 421 (0 0 720) 

- route 2: 402 (0 0 247.52) 10 (1 0 247.76) 450 (0 0 249) 24 (0 1 263.025) 102 (0 2 277.412) 302 (0 1 300) 224 (0 0 311.94) 7 (1 0 322) 447 (0 0 329) 135 (1 0 336) 161 (1 1 341.187) 575 (0 1 347) 361 (0 0 354.602) 192 (1 0 362.212) 392 (0 0 374) 193 (1 0 473.844) 17 (2 0 480.806) 393 (1 0 488.981) 43 (1 1 509) 243 (1 0 516.752) 217 (0 0 521.621) 422 (0 0 720) 

- route 3: 403 (0 0 87.0077) 48 (1 0 91.2693) 248 (0 0 116) 49 (1 0 186.797) 249 (0 0 211.527) 51 (0 1 216) 76 (1 1 239.706) 516 (0 1 242.028) 251 (0 0 245.531) 52 (1 0 260.866) 492 (0 0 263) 167 (1 0 312.173) 607 (0 0 315) 652 (1 0 376.17) 212 (0 0 378) 45 (1 0 427) 19 (2 0 447) 245 (1 0 457.475) 219 (0 0 464.433) 21 (1 0 470) 221 (0 0 472.337) 37 (1 0 526) 237 (0 0 533.289) 687 (1 0 560.091) 247 (0 0 565.271) 137 (1 0 603.452) 577 (0 0 607) 423 (0 0 720) 

- route 4: 404 (0 0 33.1514) 6 (1 0 35.5643) 446 (0 0 37) 38 (0 1 113.379) 238 (0 0 126) 36 (1 0 261.444) 236 (0 0 266.636) 20 (1 0 269.109) 220 (0 0 271) 4 (1 0 288.156) 444 (0 0 293) 44 (1 0 307.453) 16 (2 0 309.651) 244 (1 0 331) 98 (1 1 336.901) 216 (0 1 350.467) 298 (0 0 359.602) 132 (1 0 395.958) 5 (2 0 404.826) 332 (1 0 407.084) 445 (0 0 409) 136 (1 0 427.291) 576 (0 0 430.482) 151 (0 1 433.312) 110 (1 1 437.819) 310 (0 1 443.07) 686 (1 1 445.164) 246 (0 1 448.251) 351 (0 0 470.081) 67 (1 0 476.529) 507 (0 0 479) 179 (0 1 522.251) 379 (0 0 527.13) 25 (0 1 533) 225 (0 0 581.915) 424 (0 0 720) 

- route 5: 405 (0 0 161.23) 788 (1 0 161.23) 348 (0 0 163.878) 78 (1 0 169.403) 92 (2 0 170.907) 278 (1 0 175.278) 28 (1 1 195.14) 292 (0 1 204.893) 228 (0 0 211) 29 (0 1 288) 658 (1 1 292.948) 218 (0 1 297.731) 229 (0 0 306.306) 105 (1 0 351.21) 72 (2 0 354.07) 272 (1 0 378.302) 77 (2 0 379.972) 517 (1 0 381) 138 (2 0 387.051) 578 (1 0 391) 305 (0 0 396.797) 816 (1 0 418.008) 765 (2 0 419.008) 325 (1 0 421.021) 376 (0 0 424.14) 108 (1 0 469.58) 308 (0 0 473) 123 (1 0 482) 323 (0 0 493.9) 113 (1 0 519) 47 (2 0 526.104) 487 (1 0 528.33) 313 (0 0 531.334) 73 (1 0 554) 273 (0 0 589.848) 425 (0 0 720) 

- route 6: 406 (0 0 70.8095) 50 (0 1 73.3127) 250 (0 0 94) 14 (0 1 102.709) 214 (0 0 109) 32 (0 1 155.057) 232 (0 0 174) 120 (1 0 186.932) 764 (2 0 211.008) 324 (1 0 214.011) 320 (0 0 226.157) 62 (1 0 328.896) 262 (0 0 332.915) 794 (1 0 336.615) 354 (0 0 337.899) 68 (0 1 344.548) 268 (0 0 354) 729 (1 0 406.865) 289 (0 0 411.83) 69 (0 1 447) 54 (1 1 452.593) 269 (1 0 459.678) 254 (0 0 477.909) 180 (0 1 501.399) 380 (0 0 525.695) 85 (1 0 531) 285 (0 0 543.93) 155 (1 0 556) 595 (0 0 559) 426 (0 0 720) 

- route 7: 407 (0 0 295.274) 82 (1 0 295.713) 70 (2 0 298.555) 270 (1 0 301) 282 (0 0 308.023) 83 (1 0 458) 283 (0 0 470.31) 707 (1 0 507.707) 267 (0 0 509.583) 63 (1 0 515) 263 (0 0 520.529) 75 (1 0 610) 275 (0 0 625.426) 95 (1 0 632) 295 (0 0 636.565) 427 (0 0 720) 

- route 8: 408 (0 0 148.297) 806 (1 0 154.297) 366 (0 0 157.124) 86 (0 1 160.377) 286 (0 0 167) 64 (0 1 215.071) 264 (0 0 223) 66 (1 0 254.684) 506 (0 0 257) 804 (1 0 278.802) 96 (2 0 280.64) 364 (1 0 282.91) 296 (0 0 287.067) 826 (1 0 292.015) 386 (0 0 296.204) 187 (1 0 525.795) 627 (0 0 531) 817 (1 0 619.642) 377 (0 0 621.725) 55 (1 0 637) 255 (0 0 662.316) 428 (0 0 720) 

- route 9: 409 (0 0 53.0797) 162 (1 0 69.2956) 602 (0 0 75) 824 (1 0 95.3815) 384 (0 0 101.339) 185 (1 0 204) 196 (1 1 208.872) 396 (1 0 220.531) 385 (0 0 232.212) 164 (1 0 253.174) 604 (0 0 255) 766 (1 0 261.896) 326 (0 0 264.45) 190 (1 0 271.858) 390 (0 0 273.278) 186 (1 0 277.362) 626 (0 0 279) 793 (1 0 280.368) 706 (2 0 281.368) 353 (1 0 284.116) 266 (0 0 287.738) 150 (0 1 299.684) 154 (1 1 303.664) 594 (0 1 306.319) 768 (1 1 310.147) 328 (0 1 313.657) 350 (0 0 336.453) 159 (1 0 443) 599 (0 0 447) 61 (0 1 477.459) 147 (0 2 482.101) 347 (0 1 491.688) 94 (1 1 516.624) 294 (0 1 520) 261 (0 0 521.794) 81 (1 0 532) 281 (0 0 544.371) 693 (1 0 576.227) 253 (0 0 578.361) 91 (0 1 613) 291 (0 0 618.843) 429 (0 0 720) 

- route 10: 410 (0 0 75.6864) 134 (1 0 81.0011) 140 (2 0 85.3547) 574 (1 0 87) 580 (0 0 97) 124 (1 0 164.987) 564 (0 0 167) 142 (1 0 188.118) 342 (0 0 192) 122 (1 0 231.698) 106 (1 1 236.054) 322 (0 1 243.34) 114 (1 1 248.49) 554 (0 1 251) 306 (0 0 265.908) 15 (0 1 285) 215 (0 0 292.937) 2 (1 0 345.023) 107 (1 1 350.684) 202 (0 1 369.409) 307 (0 0 373.238) 775 (1 0 376.926) 335 (0 0 381.289) 789 (1 0 414.529) 349 (0 0 420.515) 183 (1 0 509.197) 115 (2 0 510.714) 623 (1 0 516) 555 (0 0 517) 53 (1 0 536.258) 493 (0 0 539) 769 (1 0 560.329) 329 (0 0 561.731) 430 (0 0 720) 

- route 11: 411 (0 0 84.0402) 100 (1 0 91.1393) 300 (0 0 99.7779) 148 (1 0 108.281) 588 (0 0 115) 104 (1 0 140.153) 88 (2 0 170.035) 528 (1 0 175) 304 (0 0 185.74) 80 (1 0 274.518) 87 (1 1 282) 280 (0 1 286.184) 287 (0 0 290.435) 74 (1 0 353.833) 149 (2 0 362) 589 (1 0 364.882) 121 (2 0 367.336) 274 (1 0 369.141) 125 (2 0 371.996) 565 (1 0 375) 90 (1 1 379.178) 290 (1 0 384.073) 321 (0 0 406.562) 33 (0 1 421) 233 (0 0 447.915) 776 (1 0 455.312) 336 (0 0 458.86) 57 (1 0 498) 97 (2 0 522.283) 257 (1 0 524.099) 297 (0 0 528.874) 58 (1 0 535.857) 258 (0 0 540) 145 (0 1 589) 13 (1 1 600.991) 453 (0 1 602.821) 111 (1 1 625.733) 311 (0 1 630.984) 345 (0 0 637.83) 431 (0 0 720) 

- route 12: 412 (0 0 184.08) 798 (1 0 184.08) 358 (0 0 187.231) 130 (0 1 216.28) 330 (0 0 229) 778 (1 0 397.386) 338 (0 0 403.692) 139 (1 0 492) 133 (2 0 504.245) 339 (1 0 508.641) 333 (0 0 518.93) 173 (1 0 614.905) 613 (0 0 617) 432 (0 0 720) 

- route 13: 413 (0 0 91.3451) 802 (1 0 91.3451) 362 (0 0 93.4109) 163 (1 0 238.192) 603 (0 0 241) 716 (1 0 282.048) 276 (0 0 283.076) 118 (0 1 324.403) 318 (0 0 334) 112 (1 0 423.444) 312 (0 0 432) 131 (0 1 479.378) 812 (1 1 484.088) 372 (0 1 487.218) 331 (0 0 496.958) 119 (0 1 523.288) 767 (1 1 529.896) 327 (0 1 531.964) 319 (0 0 536.183) 109 (1 0 565) 309 (0 0 569.63) 177 (1 0 583.842) 617 (0 0 587) 433 (0 0 720) 

- route 14: 414 (0 0 116.033) 640 (1 0 118.033) 200 (0 0 120.604) 1 (1 0 267.564) 441 (0 0 269) 146 (0 1 274.413) 346 (0 0 284) 781 (1 0 299.733) 341 (0 0 301.379) 644 (1 0 316.09) 204 (0 0 317.531) 101 (1 0 345) 301 (0 0 357.458) 11 (1 0 471.201) 451 (0 0 473) 117 (1 0 569) 317 (0 0 577.574) 777 (1 0 631.831) 337 (0 0 635.021) 434 (0 0 720) 

- route 15: 415 (0 0 122.845) 188 (0 1 123.481) 152 (1 1 128.808) 388 (1 0 152) 352 (0 0 161.391) 153 (1 0 253.227) 593 (0 0 257) 754 (1 0 258.431) 822 (2 0 259.431) 314 (1 0 264.717) 382 (0 0 269.454) 189 (0 1 394) 389 (0 0 433.594) 178 (0 1 445.121) 378 (0 0 450) 127 (1 0 502.446) 567 (0 0 505) 827 (1 0 542.999) 387 (0 0 544.637) 435 (0 0 720) 

- route 16: 416 (0 0 88.3025) 160 (0 1 93.0565) 360 (0 0 103) 774 (1 0 120.817) 334 (0 0 125) 174 (0 1 163.86) 728 (1 1 186.865) 288 (0 1 189.251) 374 (0 0 199.234) 60 (0 1 205.581) 126 (1 1 234.932) 566 (0 1 237) 260 (0 0 244) 128 (1 0 287.598) 568 (0 0 289) 692 (1 0 300.227) 252 (0 0 302.969) 143 (1 0 341) 343 (0 0 346.323) 144 (0 1 357.211) 116 (1 1 364.724) 316 (0 1 370.774) 89 (1 1 392.614) 529 (0 1 395) 344 (0 0 406.041) 717 (1 0 421.02) 277 (0 0 423.342) 157 (0 1 493) 165 (1 1 498.393) 71 (2 1 502) 271 (1 1 505.167) 365 (0 1 528.129) 357 (0 0 538.702) 795 (1 0 586.866) 355 (0 0 590.235) 813 (1 0 643.013) 373 (0 0 645.68) 436 (0 0 720) 

- route 17: 417 (0 0 153.77) 170 (1 0 156.044) 158 (2 0 159.827) 598 (1 0 161) 370 (0 0 197) 27 (1 0 320) 227 (0 0 326.974) 647 (1 0 378.195) 207 (0 0 379.631) 171 (1 0 405.951) 46 (2 0 409.084) 486 (1 0 414.264) 198 (2 0 437.47) 398 (1 0 444.198) 371 (0 0 448.87) 195 (1 0 451) 395 (0 0 454.683) 799 (1 0 469.231) 359 (0 0 470.404) 191 (1 0 530.223) 391 (0 0 531.643) 129 (1 0 535.673) 569 (0 0 538.65) 823 (1 0 539.65) 383 (0 0 540.956) 99 (0 1 557) 299 (0 0 579.701) 199 (1 0 611) 399 (0 0 620.592) 437 (0 0 720) 

- route 18: 418 (0 0 62.1375) 184 (1 0 73.1278) 624 (0 0 81) 646 (1 0 86.3716) 206 (0 0 93) 156 (0 1 207.149) 56 (1 1 234.728) 356 (1 0 239.646) 256 (0 0 256.941) 84 (1 0 263.807) 284 (0 0 272.76) 39 (0 1 276) 239 (0 0 293.431) 93 (1 0 315) 65 (1 1 335.805) 265 (1 0 343.734) 293 (0 0 350.602) 79 (1 0 361.197) 279 (0 0 365.522) 175 (0 1 370.66) 176 (1 1 386.257) 616 (0 1 388.559) 375 (0 0 401.696) 197 (0 1 409) 397 (0 0 424.989) 103 (0 1 504.305) 755 (1 1 524.431) 315 (0 1 526.941) 303 (0 0 536.687) 3 (1 0 599) 181 (1 1 623.736) 203 (0 1 628.703) 59 (1 1 642) 259 (0 1 647.715) 381 (0 0 658.681) 438 (0 0 720) 

- route 19: 419 (0 0 132.847) 166 (1 0 134.775) 606 (0 0 137) 168 (1 0 211.232) 368 (0 0 226.005) 182 (1 0 237.694) 622 (0 0 239) 803 (1 0 256.531) 363 (0 0 262.308) 650 (1 0 276.201) 210 (0 0 278) 169 (1 0 311.029) 194 (2 0 324.116) 394 (1 0 326.905) 369 (0 0 331.661) 807 (1 0 336.144) 367 (0 0 338.369) 172 (1 0 456.444) 612 (0 0 459) 439 (0 0 720) 


Data DARP: datafile2.txt
Transfers: 1
Relative MRT: 1
MRT factor: 1.5
Speed factor PT : 1
PT interval: 10
Iterations: 25000
Iter without impr: 500
Max removal pct: 0.3
Max deterior pct: 0.04
Clustered removal: 0
IDARP adapted: 1
Without operator:  0
Terminals per node: 3
Priority non PT: 0
Priority PT: 0
Priority long: 0
Priority short: 0
Current iteration: 25000
Total distance: 2315.54
Computation time: 5140.85
Average ride time: 20.1701
Pct PT users: 0.27
Users PT: 0 1 4 5 6 7 10 11 12 13 46 47 52 53 66 67 76 77 88 115 124 125 126 127 128 129 134 135 137 138 140 141 148 149 153 154 155 158 162 164 165 166 167 172 173 176 177 182 183 184 186 187 192 193 

- route 0: 400 (0 0 87.0077) 48 (1 0 91.2693) 248 (0 0 116) 49 (1 0 197) 249 (0 0 233.596) 15 (0 1 285) 215 (0 0 292.937) 2 (1 0 345.023) 107 (1 1 350.684) 202 (0 1 369.409) 307 (0 0 373.238) 775 (1 0 376.926) 335 (0 0 381.289) 189 (0 1 394) 389 (0 0 433.594) 178 (0 1 440.931) 378 (0 0 445.81) 172 (1 0 450.444) 612 (0 0 453) 179 (0 1 522.251) 379 (0 0 527.13) 25 (0 1 533) 225 (0 0 581.915) 420 (0 0 720) 

- route 1: 401 (0 0 145.21) 26 (1 0 149.017) 226 (0 0 154) 27 (1 0 320) 227 (0 0 325.076) 41 (1 0 329.627) 241 (0 0 332.924) 31 (0 1 335.1) 12 (1 1 343.093) 452 (0 1 345) 231 (0 0 348.462) 23 (0 1 397.197) 223 (0 0 403.415) 9 (1 0 410) 209 (0 0 414.536) 645 (1 0 429.357) 205 (0 0 434.201) 21 (1 0 470) 221 (0 0 472.337) 37 (1 0 519.035) 237 (0 0 524.228) 85 (1 0 531) 285 (0 0 543.93) 687 (1 0 560.723) 247 (0 0 565.271) 137 (1 0 603.452) 577 (0 0 607) 421 (0 0 720) 

- route 2: 402 (0 0 93.9963) 0 (1 0 94.8305) 440 (0 0 97) 30 (0 1 103.669) 230 (0 0 113.577) 40 (1 0 117.753) 240 (0 0 121.05) 780 (1 0 127.146) 340 (0 0 131.673) 141 (1 0 263) 581 (0 0 269) 647 (1 0 378.195) 207 (0 0 379.631) 42 (0 1 397.451) 242 (0 0 404) 43 (0 1 509) 243 (0 0 517.324) 653 (1 0 630.628) 213 (0 0 632.905) 422 (0 0 720) 

- route 3: 403 (0 0 247.52) 10 (1 0 247.76) 450 (0 0 249) 24 (0 1 256.498) 102 (0 2 270.885) 302 (0 1 293.473) 224 (0 0 304.308) 154 (1 0 311.632) 594 (0 0 315) 7 (1 0 322) 447 (0 0 329) 135 (1 0 336) 161 (1 1 341.187) 575 (0 1 347) 361 (0 0 354.602) 180 (0 1 484.228) 17 (1 1 495) 380 (1 0 519.173) 217 (0 0 535.816) 423 (0 0 720) 

- route 4: 404 (0 0 33.1514) 6 (1 0 35.5643) 446 (0 0 37) 38 (0 1 113.379) 238 (0 0 126) 185 (1 0 194.363) 156 (1 1 211.998) 385 (0 1 218.934) 356 (0 0 248) 804 (1 0 278.802) 96 (2 0 280.64) 364 (1 0 282.91) 296 (0 0 287.23) 45 (1 0 427) 19 (2 0 447) 245 (1 0 457.475) 219 (0 0 464.433) 651 (1 0 493.267) 211 (0 0 494.507) 424 (0 0 720) 

- route 5: 405 (0 0 148.297) 806 (1 0 154.297) 366 (0 0 157.124) 86 (0 1 160.377) 286 (0 0 167) 60 (0 1 212.242) 114 (1 1 239.84) 260 (1 0 244) 822 (2 0 250.781) 314 (1 0 256.067) 382 (0 0 259.269) 153 (1 0 262) 593 (0 0 267) 644 (1 0 312.292) 204 (0 0 313.733) 101 (1 0 345) 301 (0 0 357.458) 11 (1 0 461.42) 451 (0 0 465) 812 (1 0 473.397) 372 (0 0 476.748) 131 (0 1 480.015) 61 (0 2 490) 331 (0 1 497.595) 97 (1 1 524.914) 297 (0 1 529.641) 261 (0 0 534.335) 155 (1 0 556) 595 (0 0 559) 425 (0 0 720) 

- route 6: 406 (0 0 211.008) 764 (1 0 211.008) 324 (0 0 214.011) 76 (1 0 240.678) 516 (0 0 243) 66 (1 0 257.124) 506 (0 0 259) 82 (1 0 295.713) 70 (2 0 298.555) 270 (1 0 301) 282 (0 0 308.023) 83 (1 0 458) 283 (0 0 470.31) 157 (0 1 492.69) 165 (1 1 497.191) 605 (0 1 499.66) 71 (1 1 502) 271 (0 1 505.167) 357 (0 0 538.393) 795 (1 0 586.866) 355 (0 0 590.235) 199 (1 0 611) 399 (0 0 620.592) 55 (1 0 637) 255 (0 0 662.316) 426 (0 0 720) 

- route 7: 407 (0 0 163.349) 78 (1 0 169.403) 92 (2 0 170.907) 278 (1 0 175.278) 28 (1 1 195.14) 292 (0 1 204.893) 228 (0 0 211) 8 (1 0 220.643) 208 (0 0 224) 20 (1 0 260.994) 220 (0 0 262.885) 22 (0 1 265.782) 222 (0 0 272) 4 (1 0 284.358) 444 (0 0 289.202) 18 (1 0 293.904) 35 (2 0 296.741) 235 (1 0 302.151) 218 (0 0 311) 46 (1 0 406.867) 171 (2 0 410) 486 (1 0 414.264) 198 (2 0 437.47) 398 (1 0 444.198) 371 (0 0 448.87) 195 (1 0 451) 395 (0 0 454.683) 191 (1 0 530.223) 391 (0 0 531.643) 129 (1 0 535.673) 569 (0 0 538.65) 823 (1 0 539.65) 383 (0 0 540.956) 99 (0 1 552.948) 299 (0 0 569.082) 693 (1 0 576.227) 253 (0 0 578.361) 91 (0 1 613) 291 (0 0 618.843) 427 (0 0 720) 

- route 8: 408 (0 0 164.148) 788 (1 0 164.148) 348 (0 0 166.796) 64 (0 1 215.071) 264 (0 0 223) 62 (1 0 332.981) 262 (0 0 337) 794 (1 0 344.583) 354 (0 0 345.866) 717 (1 0 431.02) 277 (0 0 433.342) 63 (1 0 515) 263 (0 0 520.529) 75 (1 0 610) 275 (0 0 625.426) 95 (1 0 632) 295 (0 0 636.565) 428 (0 0 720) 

- route 9: 409 (0 0 70.8095) 50 (0 1 73.3127) 250 (0 0 94) 14 (0 1 102.709) 214 (0 0 109) 32 (0 1 155.057) 232 (0 0 174) 120 (1 0 198.597) 51 (1 1 216) 320 (0 1 237.823) 251 (0 0 245.531) 52 (1 0 260.866) 492 (0 0 263) 826 (1 0 292.015) 386 (0 0 296.204) 74 (1 0 353.833) 149 (2 0 362) 589 (1 0 364.882) 121 (2 0 367.336) 274 (1 0 369.141) 125 (2 0 371.996) 565 (1 0 375) 90 (1 1 379.178) 290 (1 0 384.073) 321 (0 0 406.562) 112 (1 0 423.444) 312 (0 0 432) 113 (1 0 519) 47 (2 0 526.104) 487 (1 0 528.33) 313 (0 0 531.334) 73 (1 0 554) 117 (2 0 559.506) 317 (1 0 565.555) 273 (0 0 589.848) 429 (0 0 720) 

- route 10: 410 (0 0 80.9764) 100 (1 0 88.0755) 802 (2 0 94.1923) 362 (1 0 97) 300 (0 0 99.7779) 148 (1 0 108.281) 588 (0 0 115) 104 (1 0 140.153) 88 (2 0 170.035) 528 (1 0 175) 304 (0 0 185.74) 80 (1 0 274.518) 87 (1 1 282) 280 (0 1 286.184) 287 (0 0 290.435) 167 (1 0 317) 607 (0 0 323) 68 (0 1 336.107) 268 (0 0 345.559) 72 (1 0 350.14) 105 (2 0 353) 272 (1 0 383.516) 138 (2 0 387.051) 578 (1 0 391) 305 (0 0 398.587) 789 (1 0 414.529) 349 (0 0 420.515) 183 (1 0 509.197) 115 (2 0 510.714) 623 (1 0 516) 555 (0 0 517) 53 (1 0 536.258) 493 (0 0 539) 769 (1 0 560.329) 329 (0 0 561.731) 430 (0 0 720) 

- route 11: 411 (0 0 184.08) 798 (1 0 184.08) 358 (0 0 187.231) 126 (1 0 237.573) 566 (0 0 241) 716 (1 0 283.02) 276 (0 0 284.048) 77 (1 0 389.972) 517 (0 0 391) 686 (1 0 443.809) 246 (0 0 446.035) 108 (1 0 466.144) 308 (0 0 469.564) 123 (1 0 471.531) 323 (0 0 479.798) 147 (0 1 486) 347 (0 0 498.881) 119 (0 1 523.288) 767 (1 1 529.896) 327 (0 1 531.964) 319 (0 0 536.183) 109 (1 0 565) 309 (0 0 569.63) 431 (0 0 720) 

- route 12: 412 (0 0 116.033) 640 (1 0 118.033) 200 (0 0 120.604) 130 (0 1 216.28) 330 (0 0 229) 778 (1 0 397.386) 338 (0 0 403.692) 139 (1 0 492) 133 (2 0 504.245) 339 (1 0 508.641) 333 (0 0 518.93) 111 (1 0 624.026) 311 (0 0 629.277) 777 (1 0 631.831) 337 (0 0 635.021) 432 (0 0 720) 

- route 13: 413 (0 0 75.6864) 134 (1 0 81.0011) 140 (2 0 85.3547) 574 (1 0 87) 580 (0 0 97) 124 (1 0 164.987) 564 (0 0 167) 142 (1 0 188.118) 342 (0 0 192) 122 (1 0 234.358) 106 (1 1 238.714) 322 (0 1 246) 306 (0 0 263.851) 36 (1 0 267.807) 236 (0 0 273) 641 (1 0 298.033) 201 (0 0 300.203) 16 (1 0 308.152) 44 (2 0 310.35) 244 (1 0 331) 98 (1 1 335.402) 216 (0 1 348.968) 298 (0 0 358.103) 132 (1 0 395.958) 5 (2 0 404.826) 332 (1 0 407.084) 445 (0 0 409) 136 (1 0 417.784) 33 (1 1 421) 233 (1 0 443.552) 336 (0 0 449.352) 57 (1 0 488.464) 707 (2 0 503.267) 267 (1 0 505.583) 257 (0 0 511.981) 94 (1 0 514.225) 294 (0 0 517.601) 81 (1 0 520.333) 281 (0 0 528.914) 58 (1 0 535.857) 258 (0 0 540) 145 (0 1 587.217) 13 (1 1 595.286) 453 (0 1 597.116) 173 (1 1 623) 613 (0 1 627) 345 (0 0 636.047) 433 (0 0 720) 

- route 14: 414 (0 0 297.196) 128 (1 0 297.598) 568 (0 0 299) 692 (1 0 300.227) 252 (0 0 302.969) 781 (1 0 307.673) 341 (0 0 309.319) 765 (1 0 418.008) 816 (2 0 419.008) 325 (1 0 421.021) 376 (0 0 424.14) 177 (1 0 583.842) 617 (0 0 587) 434 (0 0 720) 

- route 15: 415 (0 0 66.3532) 162 (1 0 73.2956) 602 (0 0 79) 824 (1 0 95.3815) 384 (0 0 101.339) 196 (0 1 203.927) 396 (0 0 215.587) 168 (1 0 223.227) 368 (0 0 238) 650 (1 0 276.201) 210 (0 0 278) 169 (1 0 308.251) 768 (2 0 317.697) 328 (1 0 321.783) 369 (0 0 326.857) 194 (1 0 333.212) 394 (0 0 336) 807 (1 0 340.267) 367 (0 0 343.196) 832 (1 0 362.109) 392 (0 0 365.055) 193 (1 0 474.054) 633 (0 0 477) 805 (1 0 524.671) 365 (0 0 526.927) 827 (1 0 542.999) 387 (0 0 544.637) 813 (1 0 651.218) 373 (0 0 653.774) 435 (0 0 720) 

- route 16: 416 (0 0 122.845) 188 (0 1 123.481) 152 (1 1 128.808) 388 (1 0 152) 352 (0 0 161.391) 163 (1 0 249) 363 (0 0 273.115) 192 (1 0 347.872) 632 (0 0 353) 833 (1 0 486.109) 393 (0 0 491.237) 187 (1 0 525.795) 627 (0 0 531) 817 (1 0 619.642) 377 (0 0 621.725) 436 (0 0 720) 

- route 17: 417 (0 0 157.902) 158 (1 0 159.827) 598 (0 0 161) 182 (1 0 227.694) 622 (0 0 229) 164 (1 0 253.174) 604 (0 0 255) 766 (1 0 264.538) 326 (0 0 267.091) 190 (1 0 271.858) 390 (0 0 273.278) 186 (1 0 277.362) 626 (0 0 279) 706 (1 0 280.099) 266 (0 0 282.57) 150 (0 1 285.471) 793 (1 1 291.835) 353 (0 1 294.583) 118 (0 2 314.662) 350 (0 1 322.24) 318 (0 0 327.557) 151 (0 1 433.202) 159 (1 1 437.78) 110 (2 1 439.749) 310 (1 1 445) 359 (0 1 461.563) 351 (0 0 467.628) 67 (1 0 472.529) 507 (0 0 475) 437 (0 0 720) 

- route 18: 418 (0 0 62.1375) 184 (1 0 73.1278) 624 (0 0 81) 646 (1 0 86.3716) 206 (0 0 93) 174 (0 1 163.86) 728 (1 1 186.865) 288 (0 1 189.251) 374 (0 0 203.502) 56 (1 0 239.208) 256 (0 0 256.941) 84 (1 0 263.807) 284 (0 0 272.76) 39 (0 1 276) 29 (0 2 285.859) 239 (0 1 293.431) 229 (0 0 304.165) 93 (1 0 315) 65 (1 1 335.805) 265 (1 0 343.734) 293 (0 0 350.602) 79 (1 0 357.422) 279 (0 0 361.747) 175 (0 1 366.885) 652 (1 1 375.203) 212 (0 1 377.648) 176 (1 1 386.257) 616 (0 1 388.559) 375 (0 0 401.696) 197 (0 1 409) 397 (0 0 424.989) 103 (0 1 504.305) 755 (1 1 524.431) 315 (0 1 526.941) 303 (0 0 536.687) 3 (1 0 599) 181 (1 1 623.736) 203 (0 1 628.703) 59 (1 1 642) 259 (0 1 647.715) 381 (0 0 658.681) 438 (0 0 720) 

- route 19: 419 (0 0 88.3025) 160 (0 1 93.0565) 360 (0 0 103) 774 (1 0 120.817) 334 (0 0 125) 166 (1 0 134.775) 606 (0 0 137) 170 (1 0 164.665) 370 (0 0 197) 34 (1 0 216.59) 234 (0 0 222) 146 (0 1 267.269) 1 (1 1 274.429) 441 (0 1 277) 346 (0 0 280.149) 143 (1 0 341) 343 (0 0 346.323) 144 (0 1 360.597) 116 (1 1 368.11) 316 (0 1 374.16) 89 (1 1 396) 344 (1 0 405.273) 289 (0 0 415.216) 69 (0 1 447) 54 (1 1 452.593) 269 (1 0 459.678) 254 (0 0 477.909) 127 (1 0 502.446) 567 (0 0 505) 439 (0 0 720) 


