Data DARP: datafile8.txt
Transfers: 1
Relative MRT: 1
MRT factor: 1.5
Speed factor PT : 1
PT interval: 10
Iterations: 25000
Iter without impr: 500
Max removal pct: 0.3
Max deterior pct: 0.04
Clustered removal: 0
IDARP adapted: 1
Without operator:  0
Terminals per node: 3
Priority non PT: 0
Priority PT: 0
Priority long: 0
Priority short: 0
Current iteration: 0
Total distance: 3014.76
Computation time: 0.367394
Average ride time: 18.1507
Pct PT users: 0.215
Users PT: 20 21 22 23 27 36 37 44 45 50 70 71 76 77 89 92 93 104 105 118 119 124 125 130 131 136 137 138 139 140 141 142 143 148 149 158 159 170 171 190 191 192 193 

- route 0: 400 (0 0 100.795) 38 (0 1 103.438) 238 (0 0 110) 732 (1 0 129.116) 292 (0 0 131.241) 758 (1 0 169.37) 318 (0 0 178) 830 (1 0 241.135) 390 (0 0 244.249) 36 (1 0 260.712) 476 (0 0 263) 810 (1 0 296.356) 370 (0 0 298.435) 39 (0 1 307) 239 (0 0 315.343) 191 (1 0 355.77) 631 (0 0 357) 2 (1 0 369.037) 202 (0 0 372.722) 1 (1 0 375) 201 (0 0 381.534) 193 (1 0 387.323) 633 (0 0 389) 16 (1 0 405.591) 216 (0 0 408) 677 (1 0 435.053) 237 (0 0 437.342) 19 (1 0 442.011) 219 (0 0 444.868) 22 (1 0 447.355) 462 (0 0 449) 30 (1 0 464.687) 230 (0 0 469) 25 (0 1 513) 31 (1 1 536.028) 231 (0 1 540.342) 225 (0 0 544.311) 685 (1 0 592.057) 245 (0 0 594.546) 420 (0 0 720) 

- route 1: 401 (0 0 125.358) 28 (0 1 130.903) 0 (1 1 141.311) 200 (0 1 146) 228 (0 0 165) 32 (1 0 193.445) 232 (0 0 200.062) 4 (1 0 204.788) 204 (0 0 210) 29 (0 1 263) 229 (0 0 287.177) 93 (1 0 293.852) 533 (0 0 297) 9 (1 0 308.702) 10 (2 0 314.052) 209 (1 0 318.108) 770 (2 0 323.822) 330 (1 0 329.876) 210 (0 0 348.231) 74 (0 1 360.714) 80 (1 1 369.121) 280 (0 1 372) 274 (0 0 399) 119 (1 0 423) 559 (0 0 433) 171 (1 0 453.237) 611 (0 0 457) 143 (1 0 515) 583 (0 0 517) 17 (1 0 526) 217 (0 0 529.114) 3 (1 0 595) 203 (0 0 600.028) 41 (1 0 631) 241 (0 0 646.705) 421 (0 0 720) 

- route 2: 402 (0 0 180.957) 832 (1 0 180.957) 392 (0 0 182.634) 782 (1 0 280.61) 342 (0 0 284.012) 7 (1 0 343.551) 207 (0 0 348.512) 47 (1 0 370) 5 (2 0 387) 205 (1 0 394.1) 247 (0 0 399.364) 144 (0 1 433.74) 344 (0 0 440) 662 (1 0 484.199) 222 (0 0 488) 161 (0 1 506) 361 (0 0 511.697) 35 (0 1 519.919) 131 (1 1 540.945) 571 (0 1 547) 235 (0 0 567.66) 422 (0 0 720) 

- route 3: 403 (0 0 67.5268) 20 (1 0 73.4885) 460 (0 0 75) 48 (0 1 176.39) 248 (0 0 184) 49 (0 1 352) 249 (0 0 361.914) 40 (1 0 373.177) 240 (0 0 383.98) 151 (0 1 393.013) 194 (1 1 424.026) 394 (0 1 430.695) 351 (0 0 433.29) 15 (1 0 465) 215 (0 0 471.042) 12 (1 0 526.919) 212 (0 0 535) 163 (1 0 592) 13 (2 0 608.891) 213 (1 0 616.972) 363 (0 0 643.722) 423 (0 0 720) 

- route 4: 404 (0 0 108.742) 6 (1 0 111.039) 206 (0 0 116) 18 (1 0 340.042) 218 (0 0 342.898) 34 (0 1 344.181) 234 (0 0 377.008) 160 (0 1 380.202) 360 (0 0 385) 684 (1 0 406.057) 244 (0 0 408.227) 157 (0 1 416.927) 357 (0 0 424.216) 175 (1 0 436) 375 (0 0 442.06) 99 (0 1 534.555) 799 (1 1 559.511) 359 (0 1 562.92) 299 (0 0 581.124) 667 (1 0 603.167) 227 (0 0 605.532) 424 (0 0 720) 

- route 5: 405 (0 0 55.9858) 116 (1 0 81.7779) 92 (2 0 106.446) 532 (1 0 109) 316 (0 0 119.207) 780 (1 0 126.356) 340 (0 0 129.455) 141 (1 0 209.901) 581 (0 0 213) 24 (0 1 237.334) 661 (1 1 246.11) 221 (0 1 247.622) 224 (0 0 263.874) 63 (1 0 291.57) 134 (1 1 294.074) 114 (2 1 297.594) 334 (2 0 301.457) 314 (1 0 329) 263 (0 0 333.526) 90 (1 0 382.879) 290 (0 0 385) 82 (1 0 399.943) 282 (0 0 404) 798 (1 0 415.321) 358 (0 0 417.681) 711 (1 0 447.301) 72 (2 0 450.371) 271 (1 0 453.738) 272 (0 0 462) 51 (1 0 516) 83 (2 0 527.275) 283 (1 0 531.333) 97 (2 0 536.575) 251 (1 0 539.052) 297 (0 0 544.354) 27 (1 0 577.67) 467 (0 0 581) 85 (0 1 587) 285 (0 0 594.376) 425 (0 0 720) 

- route 6: 406 (0 0 78.8635) 62 (1 0 81.0047) 184 (2 0 95.8493) 384 (1 0 101.249) 262 (0 0 115.559) 58 (1 0 140.278) 258 (0 0 144) 60 (1 0 182.531) 46 (2 0 197.091) 246 (1 0 217) 260 (0 0 231.398) 146 (1 0 271.883) 112 (2 0 274.867) 312 (1 0 282.373) 346 (0 0 308) 162 (1 0 328.533) 779 (2 0 348.653) 339 (1 0 350.67) 362 (0 0 380.255) 33 (1 0 400) 26 (2 0 405.835) 233 (1 0 409.425) 226 (0 0 431) 147 (1 0 446.07) 135 (1 1 467.474) 335 (1 0 473.745) 347 (0 0 483.061) 133 (1 0 488.146) 333 (0 0 490.644) 101 (1 0 494) 301 (0 0 504.189) 111 (0 1 530) 311 (0 0 539.465) 169 (0 1 552.125) 23 (1 1 570.855) 463 (0 1 573) 369 (0 0 576.592) 103 (0 1 617.912) 303 (0 0 625.515) 145 (0 1 637) 345 (0 0 644.89) 426 (0 0 720) 

- route 7: 407 (0 0 87.0148) 76 (1 0 92.2163) 516 (0 0 97) 70 (1 0 182.544) 510 (0 0 187) 56 (1 0 190.095) 88 (2 0 192.476) 256 (1 0 199) 288 (0 0 209.332) 57 (1 0 279) 257 (0 0 289.13) 690 (1 0 308.505) 250 (0 0 314) 78 (1 0 338.055) 278 (0 0 343) 95 (1 0 349) 295 (0 0 355.8) 55 (1 0 360.763) 255 (0 0 368.641) 117 (1 0 373) 168 (1 1 403.132) 317 (0 1 417.235) 368 (0 0 427.6) 186 (1 0 453.541) 386 (0 0 458) 196 (1 0 487.303) 396 (0 0 496) 79 (1 0 519) 279 (0 0 525.694) 91 (1 0 532.239) 291 (0 0 534.36) 199 (0 1 543.317) 115 (1 1 549.278) 399 (1 0 567.855) 315 (0 0 590.935) 663 (1 0 610.168) 223 (0 0 611.813) 75 (0 1 637) 275 (0 0 677.097) 427 (0 0 720) 

- route 8: 408 (0 0 146.792) 68 (0 1 149.902) 268 (0 0 183.428) 94 (1 0 213.397) 294 (0 0 219.336) 86 (0 1 222.268) 286 (0 0 232) 50 (1 0 292.425) 490 (0 0 297) 59 (1 0 312) 259 (0 0 317.083) 717 (1 0 344.764) 277 (0 0 349.548) 64 (1 0 356.393) 264 (0 0 366.327) 67 (0 1 373.205) 267 (0 0 378.756) 84 (0 1 383.657) 284 (0 0 389.574) 96 (1 0 397.122) 296 (0 0 402.641) 89 (1 0 413.089) 529 (0 0 419) 73 (1 0 525.235) 273 (0 0 534.197) 159 (1 0 536.181) 599 (0 0 539) 428 (0 0 720) 

- route 9: 409 (0 0 306.852) 98 (0 1 308.027) 733 (1 1 316.093) 293 (0 1 318.647) 298 (0 0 361.695) 61 (1 0 389.854) 69 (1 1 395) 729 (2 1 428.345) 289 (1 1 429.945) 261 (0 1 431.87) 269 (0 0 437.115) 87 (0 1 447) 287 (0 0 460.097) 81 (1 0 514) 281 (0 0 517.819) 65 (1 0 540) 265 (0 0 554.401) 429 (0 0 720) 

- route 10: 410 (0 0 74.9516) 140 (1 0 80.8387) 580 (0 0 85) 122 (0 1 132.17) 322 (0 0 150) 781 (1 0 254.356) 341 (0 0 258.517) 136 (1 0 266.856) 576 (0 0 271) 130 (1 0 299.898) 570 (0 0 305) 123 (0 1 358.793) 126 (1 1 367.99) 323 (1 0 381.188) 326 (0 0 392.405) 37 (1 0 396.368) 477 (0 0 399) 110 (0 1 422.718) 310 (0 0 430.028) 765 (1 0 438.785) 325 (0 0 440.23) 53 (1 0 455) 253 (0 0 484.395) 113 (1 0 514.997) 313 (0 0 522.503) 777 (1 0 526.914) 337 (0 0 531.813) 783 (1 0 541.711) 343 (0 0 544.731) 430 (0 0 720) 

- route 11: 411 (0 0 125.893) 118 (1 0 131.629) 558 (0 0 137) 120 (0 1 168.956) 320 (0 0 178) 52 (1 0 213.444) 252 (0 0 241) 124 (1 0 247.789) 564 (0 0 251) 100 (1 0 321.978) 300 (0 0 329.104) 43 (0 1 332.148) 243 (0 0 357.486) 14 (1 0 361.386) 214 (0 0 365.748) 44 (1 0 368.511) 484 (0 0 371) 102 (0 1 389.416) 302 (0 0 397.02) 132 (1 0 406.467) 332 (0 0 408.965) 789 (1 0 410.21) 349 (0 0 413.903) 106 (1 0 435.191) 306 (0 0 437) 759 (1 0 467.84) 319 (0 0 472.491) 771 (1 0 566.169) 331 (0 0 571.271) 107 (1 0 592) 307 (0 0 594.213) 431 (0 0 720) 

- route 12: 412 (0 0 107.182) 8 (1 0 123.75) 208 (0 0 132) 42 (0 1 167.279) 128 (0 2 190.497) 242 (0 1 196.974) 328 (0 0 205) 148 (1 0 223.307) 588 (0 0 227) 142 (1 0 254.281) 582 (0 0 255.92) 121 (0 1 258.323) 321 (0 0 267.366) 104 (1 0 274.942) 544 (0 0 277) 108 (0 1 316.382) 308 (0 0 330) 109 (0 1 519) 745 (1 1 530.143) 305 (0 1 533.026) 309 (0 0 537.926) 432 (0 0 720) 

- route 13: 413 (0 0 163.782) 138 (1 0 164.983) 578 (0 0 167) 129 (0 1 375) 329 (0 0 389.508) 433 (0 0 720) 

- route 14: 414 (0 0 720) 434 (0 0 720) 

- route 15: 415 (0 0 98.4214) 172 (1 0 99.2804) 372 (0 0 103) 660 (1 0 110.11) 220 (0 0 113.605) 716 (1 0 119.685) 276 (0 0 123) 192 (1 0 140.842) 632 (0 0 143) 166 (1 0 146.245) 366 (0 0 150.826) 180 (1 0 158.707) 380 (0 0 161) 190 (1 0 194.158) 630 (0 0 197) 174 (1 0 212.626) 374 (0 0 217) 170 (1 0 245.415) 610 (0 0 249) 188 (0 1 259.249) 388 (0 0 272) 154 (1 0 322.927) 354 (0 0 328) 155 (1 0 389.479) 355 (0 0 394.552) 164 (1 0 399.365) 364 (0 0 406.092) 125 (1 0 412) 565 (0 0 415) 198 (0 1 421.373) 833 (1 1 426.957) 393 (0 1 429.115) 398 (0 0 446.365) 137 (1 0 493.469) 577 (0 0 497) 811 (1 0 502.673) 371 (0 0 506.257) 189 (0 1 525.304) 389 (0 0 538.056) 195 (1 0 541.407) 11 (2 0 546.308) 395 (1 0 550.004) 45 (2 0 554.829) 485 (1 0 557) 211 (0 0 584.397) 197 (1 0 608) 187 (2 0 612.392) 387 (1 0 616.851) 397 (0 0 620.546) 165 (1 0 628) 365 (0 0 637.591) 435 (0 0 720) 

- route 16: 416 (0 0 82.0184) 150 (0 1 83.9386) 152 (1 1 90.7832) 352 (0 1 96) 350 (0 0 138.834) 54 (1 0 159.407) 254 (0 0 167.285) 66 (0 1 169.449) 266 (0 0 175) 778 (1 0 196.977) 338 (0 0 200.393) 710 (1 0 210.998) 173 (2 0 214) 270 (1 0 217.294) 373 (0 0 219.079) 153 (1 0 229) 353 (0 0 236.325) 788 (1 0 256.063) 348 (0 0 258) 156 (0 1 267.71) 356 (0 0 275) 676 (1 0 299.053) 236 (0 0 301.686) 776 (1 0 306.501) 336 (0 0 310.033) 139 (1 0 315.259) 77 (2 0 317.685) 517 (1 0 321) 579 (0 0 323) 167 (1 0 365) 367 (0 0 371.37) 149 (1 0 378) 589 (0 0 385) 158 (1 0 389.93) 598 (0 0 393) 183 (1 0 403) 176 (1 1 406.973) 383 (0 1 418.736) 376 (0 0 426.819) 105 (1 0 498) 545 (0 0 505) 177 (0 1 540.063) 127 (1 1 546) 377 (1 0 556.426) 327 (0 0 576.275) 436 (0 0 720) 

- route 17: 417 (0 0 159.748) 178 (0 1 161.112) 378 (0 0 169) 181 (1 0 242) 381 (0 0 244.94) 764 (1 0 270.952) 324 (0 0 274.329) 182 (1 0 276.155) 185 (2 0 287) 382 (1 0 290.638) 385 (0 0 294.6) 744 (1 0 310.108) 304 (0 0 315.005) 179 (0 1 360) 379 (0 0 370.332) 831 (1 0 403.019) 391 (0 0 405.861) 71 (1 0 417.386) 511 (0 0 419) 437 (0 0 720) 

- route 18: 418 (0 0 205.009) 21 (1 0 207.505) 461 (0 0 211) 438 (0 0 720) 

- route 19: 419 (0 0 720) 439 (0 0 720) 


Data DARP: datafile8.txt
Transfers: 1
Relative MRT: 1
MRT factor: 1.5
Speed factor PT : 1
PT interval: 10
Iterations: 25000
Iter without impr: 500
Max removal pct: 0.3
Max deterior pct: 0.04
Clustered removal: 0
IDARP adapted: 1
Without operator:  0
Terminals per node: 3
Priority non PT: 0
Priority PT: 0
Priority long: 0
Priority short: 0
Current iteration: 5000
Total distance: 2140.24
Computation time: 2816.81
Average ride time: 18.722
Pct PT users: 0.22
Users PT: 20 21 22 23 26 27 36 37 44 50 51 70 71 76 77 88 89 92 93 104 105 118 119 124 125 130 131 136 137 138 139 140 142 143 148 149 158 159 170 171 190 191 192 193 

- route 0: 400 (0 0 97.4228) 38 (0 1 100.066) 238 (0 0 106.628) 6 (1 0 111.039) 206 (0 0 116) 32 (1 0 196.383) 232 (0 0 203) 830 (1 0 249.019) 390 (0 0 250.249) 93 (1 0 294.875) 533 (0 0 297) 39 (0 1 307) 239 (0 0 315.343) 191 (1 0 355.77) 631 (0 0 357) 14 (1 0 375.638) 214 (0 0 380) 16 (1 0 394.781) 216 (0 0 397.19) 26 (1 0 398.635) 466 (0 0 401) 677 (1 0 435.053) 237 (0 0 437.342) 30 (1 0 464.687) 230 (0 0 469) 41 (1 0 631) 241 (0 0 646.705) 420 (0 0 720) 

- route 1: 401 (0 0 203.463) 4 (1 0 204.788) 204 (0 0 210) 36 (1 0 260.712) 476 (0 0 263) 782 (1 0 292.964) 342 (0 0 294.711) 7 (1 0 347.085) 207 (0 0 352.046) 18 (1 0 354.143) 218 (0 0 357) 171 (1 0 442.921) 611 (0 0 445) 19 (1 0 448) 219 (0 0 451.785) 143 (1 0 501.598) 583 (0 0 505) 663 (1 0 610.168) 223 (0 0 611.813) 421 (0 0 720) 

- route 2: 402 (0 0 180.957) 832 (1 0 180.957) 392 (0 0 182.634) 24 (0 1 237.334) 661 (1 1 246.11) 221 (0 1 247.622) 224 (0 0 264) 57 (1 0 279) 257 (0 0 289.13) 78 (1 0 338.055) 278 (0 0 343) 90 (1 0 382.879) 290 (0 0 385) 82 (1 0 399.943) 282 (0 0 404) 798 (1 0 422.503) 358 (0 0 424.864) 87 (0 1 447) 287 (0 0 460.097) 79 (1 0 504.999) 279 (0 0 509.944) 25 (0 1 513) 31 (1 1 536.028) 231 (0 1 540.342) 225 (0 0 544.311) 667 (1 0 603.167) 227 (0 0 605.532) 422 (0 0 720) 

- route 3: 403 (0 0 122.967) 732 (1 0 122.967) 292 (0 0 126.227) 28 (0 1 130.903) 0 (1 1 141.311) 200 (0 1 146) 228 (0 0 165) 29 (0 1 263) 229 (0 0 297.17) 810 (1 0 306.356) 370 (0 0 308.435) 34 (0 1 343.065) 49 (0 2 348.46) 249 (0 1 356.069) 2 (1 1 361.753) 202 (0 1 365.438) 234 (0 0 390) 831 (1 0 403.019) 391 (0 0 405.861) 125 (1 0 412) 565 (0 0 415) 811 (1 0 492.356) 371 (0 0 495.941) 177 (0 1 540.122) 11 (1 1 550) 45 (2 1 554.919) 377 (2 0 559.647) 3 (3 0 580.629) 203 (2 0 584.314) 211 (1 0 590.472) 245 (0 0 594.635) 423 (0 0 720) 

- route 4: 404 (0 0 67.5268) 20 (1 0 73.4885) 460 (0 0 75) 48 (0 1 162.461) 248 (0 0 170.07) 42 (0 1 173.893) 46 (1 1 184.043) 246 (0 1 203.952) 242 (0 0 210) 112 (1 0 287.494) 312 (0 0 295) 43 (0 1 342) 779 (1 1 349.433) 339 (0 1 351.45) 243 (0 0 378.507) 193 (1 0 387.323) 633 (0 0 389) 22 (1 0 437.355) 462 (0 0 439) 15 (1 0 465) 215 (0 0 471.042) 12 (1 0 516.133) 212 (0 0 524.214) 17 (1 0 526) 217 (0 0 529.114) 13 (1 0 614) 213 (0 0 625.621) 424 (0 0 720) 

- route 5: 405 (0 0 367.998) 80 (1 0 368.986) 280 (0 0 371.866) 67 (0 1 374.631) 267 (0 0 380.182) 84 (0 1 385.083) 284 (0 0 391) 666 (1 0 423.167) 226 (0 0 426.497) 147 (1 0 454) 135 (1 1 479.652) 335 (1 0 485.923) 133 (2 0 491.599) 333 (1 0 494.097) 347 (0 0 499.733) 777 (1 0 531.218) 337 (0 0 536.118) 99 (0 1 541) 169 (0 2 552.391) 369 (0 1 569.702) 299 (0 0 594.668) 425 (0 0 720) 

- route 6: 406 (0 0 151.364) 68 (0 1 154.474) 268 (0 0 188) 47 (1 0 355.439) 5 (2 0 372.086) 205 (1 0 377.299) 40 (2 0 379.209) 247 (1 0 384.142) 240 (0 0 393) 65 (1 0 540) 265 (0 0 554.401) 426 (0 0 720) 

- route 7: 407 (0 0 85.7039) 76 (1 0 90.9055) 516 (0 0 95) 70 (1 0 190.407) 510 (0 0 195) 728 (1 0 206.345) 288 (0 0 212.256) 89 (1 0 413.089) 529 (0 0 419) 711 (1 0 444.713) 72 (2 0 447.783) 271 (1 0 451.15) 272 (0 0 460.726) 51 (1 0 514.684) 491 (0 0 519) 73 (1 0 531.161) 273 (0 0 540.123) 91 (1 0 544) 291 (0 0 546.681) 427 (0 0 720) 

- route 8: 408 (0 0 81.3044) 62 (1 0 83.4456) 184 (2 0 98.2902) 384 (1 0 103.69) 262 (0 0 118) 122 (0 1 132.17) 322 (0 0 150) 148 (1 0 223.307) 588 (0 0 227) 104 (1 0 263.513) 142 (2 0 264.98) 544 (1 0 268) 582 (0 0 269) 114 (1 0 292.661) 134 (1 1 294.18) 63 (2 1 298.684) 334 (2 0 301.457) 314 (1 0 329) 263 (0 0 340.64) 95 (1 0 343.717) 295 (0 0 349.655) 74 (0 1 352.389) 55 (1 1 360.387) 64 (2 1 362.039) 255 (1 1 369.847) 264 (0 1 373.305) 151 (0 2 386.06) 274 (0 1 392.252) 33 (1 1 400) 233 (0 1 409.07) 194 (1 1 431.692) 394 (0 1 438.361) 351 (0 0 440.956) 196 (1 0 487.303) 396 (0 0 496) 161 (0 1 506) 361 (0 0 511.697) 35 (0 1 519.919) 131 (1 1 540.945) 571 (0 1 547) 235 (0 0 567.66) 75 (0 1 637) 275 (0 0 677.097) 428 (0 0 720) 

- route 9: 409 (0 0 122.356) 780 (1 0 126.356) 340 (0 0 129.455) 58 (1 0 140.278) 258 (0 0 144) 56 (1 0 191.913) 256 (0 0 199) 94 (1 0 213.397) 294 (0 0 219.336) 86 (0 1 222.268) 286 (0 0 232) 690 (1 0 307.606) 250 (0 0 313.101) 717 (1 0 346.302) 277 (0 0 350.885) 117 (1 0 373) 96 (2 0 389.253) 296 (1 0 394.771) 317 (0 0 417.235) 765 (1 0 438.785) 325 (0 0 440.23) 53 (1 0 455) 253 (0 0 495.835) 81 (1 0 514) 281 (0 0 517.819) 691 (1 0 533.162) 251 (0 0 537.737) 27 (1 0 577.67) 467 (0 0 581) 85 (0 1 587) 285 (0 0 594.376) 429 (0 0 720) 

- route 10: 410 (0 0 74.9516) 140 (1 0 80.8387) 580 (0 0 85) 118 (1 0 130.35) 558 (0 0 135) 146 (1 0 255.765) 185 (2 0 276.062) 385 (1 0 281.462) 50 (2 0 290.048) 346 (1 0 293.247) 490 (0 0 297) 98 (0 1 306.421) 59 (1 1 310.11) 259 (0 1 313.832) 733 (1 1 317.116) 293 (0 1 319.67) 298 (0 0 360.09) 61 (1 0 389.854) 69 (1 1 395) 729 (2 1 428.345) 289 (1 1 429.945) 261 (0 1 438.544) 269 (0 0 443.789) 83 (1 0 526.571) 283 (0 0 530.628) 159 (1 0 534.64) 599 (0 0 537) 115 (1 0 545.29) 97 (2 0 551) 297 (1 0 558.778) 315 (0 0 587.344) 430 (0 0 720) 

- route 11: 411 (0 0 247.362) 124 (1 0 251.555) 564 (0 0 253) 100 (1 0 328.874) 300 (0 0 336) 132 (1 0 397.344) 332 (0 0 399.842) 789 (1 0 401.087) 349 (0 0 404.78) 106 (1 0 421.423) 306 (0 0 423.231) 110 (0 1 426.69) 310 (0 0 434) 111 (0 1 530) 311 (0 0 539.465) 431 (0 0 720) 

- route 12: 412 (0 0 192.754) 128 (0 1 194.328) 328 (0 0 205) 129 (0 1 375) 329 (0 0 388.546) 102 (0 1 392.397) 302 (0 0 400) 144 (0 1 433.74) 344 (0 0 440) 189 (0 1 523.865) 389 (0 0 536.617) 127 (1 0 542.021) 327 (0 0 562.537) 771 (1 0 566.974) 331 (0 0 571.271) 107 (1 0 592) 307 (0 0 594.213) 432 (0 0 720) 

- route 13: 413 (0 0 159.979) 138 (1 0 161.18) 578 (0 0 163.197) 120 (0 1 168.956) 320 (0 0 178) 121 (0 1 263) 321 (0 0 275.065) 108 (0 1 316.382) 308 (0 0 330) 109 (0 1 504.031) 113 (1 1 509.078) 313 (0 1 516.584) 309 (0 0 522.364) 745 (1 0 528.689) 783 (2 0 529.689) 343 (1 0 531.329) 305 (0 0 536.166) 433 (0 0 720) 

- route 14: 414 (0 0 74.1076) 116 (1 0 78.2298) 92 (2 0 102.898) 532 (1 0 105) 316 (0 0 122.464) 54 (1 0 159.407) 254 (0 0 167.285) 66 (0 1 169.449) 266 (0 0 175) 52 (1 0 189.707) 60 (2 0 194.204) 88 (3 0 195.401) 528 (2 0 197) 141 (3 0 206.335) 252 (2 0 230.541) 260 (1 0 240) 341 (0 0 254.951) 136 (1 0 266.856) 576 (0 0 271) 130 (1 0 299.898) 570 (0 0 305) 123 (0 1 358.712) 126 (1 1 367.909) 323 (1 0 381.107) 326 (0 0 392.324) 155 (1 0 396.233) 355 (0 0 401.305) 684 (1 0 406.057) 244 (0 0 408.227) 168 (0 1 420.688) 368 (0 0 438) 759 (1 0 466.446) 319 (0 0 471.817) 101 (1 0 494) 301 (0 0 504.189) 103 (0 1 620) 303 (0 0 629.905) 434 (0 0 720) 

- route 15: 415 (0 0 88.031) 172 (1 0 88.89) 372 (0 0 92.6096) 150 (0 1 94.0393) 8 (1 1 123.75) 208 (0 1 132) 350 (0 0 142) 758 (1 0 169.37) 318 (0 0 178) 9 (1 0 308.826) 10 (2 0 314.175) 209 (1 0 318.232) 770 (2 0 323.945) 330 (1 0 330) 210 (0 0 354.648) 158 (1 0 397.112) 164 (2 0 400.095) 598 (1 0 403) 364 (0 0 409.686) 157 (0 1 415.975) 357 (0 0 423.264) 833 (1 0 426.957) 393 (0 0 429.115) 137 (1 0 493.469) 577 (0 0 497) 435 (0 0 720) 

- route 16: 416 (0 0 159.748) 178 (0 1 161.112) 378 (0 0 169) 174 (1 0 212.626) 374 (0 0 217) 744 (1 0 298.874) 304 (0 0 303.576) 105 (1 0 496.103) 545 (0 0 501) 195 (1 0 547) 395 (0 0 556.503) 197 (1 0 608) 187 (2 0 612.392) 387 (1 0 616.851) 397 (0 0 620.546) 436 (0 0 720) 

- route 17: 417 (0 0 86.2033) 152 (1 0 90.7832) 352 (0 0 96) 153 (1 0 229) 353 (0 0 236.325) 188 (0 1 259.249) 388 (0 0 272) 162 (1 0 338.993) 1 (2 0 361.579) 201 (1 0 366.268) 44 (2 0 368.511) 484 (1 0 371) 362 (0 0 388) 119 (1 0 422.326) 559 (0 0 431) 163 (1 0 592) 145 (1 1 626.064) 345 (1 0 632.324) 363 (0 0 643.722) 437 (0 0 720) 

- route 18: 418 (0 0 110.11) 660 (1 0 110.11) 220 (0 0 113.605) 180 (1 0 158.707) 380 (0 0 161) 190 (1 0 200.158) 630 (0 0 203) 173 (1 0 214) 373 (0 0 219.079) 788 (1 0 256.063) 348 (0 0 258) 156 (0 1 267.71) 356 (0 0 275) 154 (1 0 322.927) 354 (0 0 328) 179 (0 1 360) 149 (1 1 368.877) 379 (1 0 370.332) 589 (0 0 376.927) 160 (0 1 380.202) 360 (0 0 385) 37 (1 0 396.368) 477 (0 0 399) 71 (1 0 414.798) 198 (1 1 417.228) 511 (0 1 421) 398 (0 0 442.22) 199 (0 1 544.921) 799 (1 1 558.11) 359 (0 1 562.391) 399 (0 0 569.913) 438 (0 0 720) 

- route 19: 419 (0 0 117.685) 716 (1 0 119.685) 276 (0 0 123) 192 (1 0 140.842) 632 (0 0 143) 166 (1 0 146.42) 366 (0 0 151) 778 (1 0 193.794) 338 (0 0 196.59) 21 (1 0 207.505) 461 (0 0 211) 710 (1 0 225.145) 270 (0 0 226.759) 181 (1 0 242) 381 (0 0 244.94) 170 (1 0 255.415) 610 (0 0 259) 764 (1 0 277.945) 324 (0 0 279.533) 182 (1 0 281.359) 382 (0 0 292.183) 676 (1 0 299.053) 236 (0 0 301.686) 776 (1 0 306.501) 336 (0 0 310.033) 139 (1 0 316.04) 77 (2 0 318.466) 579 (1 0 321) 517 (0 0 323) 167 (1 0 365) 367 (0 0 371.37) 183 (1 0 403) 176 (1 1 406.973) 383 (0 1 418.736) 376 (0 0 426.321) 175 (1 0 436) 375 (0 0 442.06) 186 (1 0 453.541) 386 (0 0 458) 662 (1 0 476.168) 222 (0 0 478.313) 23 (1 0 570.855) 463 (0 0 573) 165 (1 0 628) 365 (0 0 637.591) 439 (0 0 720) 


Data DARP: datafile8.txt
Transfers: 1
Relative MRT: 1
MRT factor: 1.5
Speed factor PT : 1
PT interval: 10
Iterations: 25000
Iter without impr: 500
Max removal pct: 0.3
Max deterior pct: 0.04
Clustered removal: 0
IDARP adapted: 1
Without operator:  0
Terminals per node: 3
Priority non PT: 0
Priority PT: 0
Priority long: 0
Priority short: 0
Current iteration: 10000
Total distance: 2123.46
Computation time: 5548.98
Average ride time: 18.6363
Pct PT users: 0.225
Users PT: 20 21 22 23 26 27 36 37 44 45 50 51 70 71 76 77 88 89 92 93 104 105 118 119 124 125 130 131 136 137 138 139 140 142 143 148 149 158 159 170 171 190 191 192 193 

- route 0: 400 (0 0 122.967) 732 (1 0 122.967) 292 (0 0 126.227) 28 (0 1 130.903) 0 (1 1 141.311) 200 (0 1 146) 228 (0 0 165) 29 (0 1 263) 229 (0 0 297.17) 810 (1 0 306.356) 370 (0 0 308.435) 34 (0 1 334.172) 49 (0 2 339.566) 249 (0 1 347.176) 234 (0 0 377.008) 160 (0 1 380.202) 360 (0 0 385) 684 (1 0 406.057) 244 (0 0 408.227) 168 (0 1 420.688) 368 (0 0 438) 759 (1 0 466.446) 319 (0 0 471.817) 101 (1 0 494) 301 (0 0 504.189) 131 (1 0 540.945) 571 (0 0 547) 3 (1 0 595) 203 (0 0 599.401) 667 (1 0 603.167) 227 (0 0 605.532) 13 (1 0 614) 213 (0 0 625.621) 420 (0 0 720) 

- route 1: 401 (0 0 203.463) 4 (1 0 204.788) 204 (0 0 210) 36 (1 0 260.712) 476 (0 0 263) 782 (1 0 292.964) 342 (0 0 294.711) 7 (1 0 347.085) 207 (0 0 352.046) 18 (1 0 354.143) 218 (0 0 357) 171 (1 0 442.921) 611 (0 0 445) 19 (1 0 448) 219 (0 0 451.785) 143 (1 0 501.598) 583 (0 0 505) 663 (1 0 610.168) 223 (0 0 611.813) 421 (0 0 720) 

- route 2: 402 (0 0 180.957) 832 (1 0 180.957) 392 (0 0 182.634) 24 (0 1 237.334) 661 (1 1 246.11) 221 (0 1 247.622) 224 (0 0 264) 57 (1 0 279) 257 (0 0 289.13) 98 (0 1 306.421) 59 (1 1 310.11) 259 (0 1 313.832) 733 (1 1 317.116) 293 (0 1 319.67) 298 (0 0 360.09) 61 (1 0 389.854) 69 (1 1 395) 729 (2 1 428.345) 289 (1 1 429.945) 261 (0 1 438.544) 269 (0 0 443.789) 79 (1 0 504.999) 279 (0 0 509.944) 25 (0 1 513) 31 (1 1 536.028) 231 (0 1 540.342) 225 (0 0 544.311) 422 (0 0 720) 

- route 3: 403 (0 0 97.4228) 38 (0 1 100.066) 238 (0 0 106.628) 6 (1 0 111.039) 206 (0 0 116) 32 (1 0 196.383) 232 (0 0 203) 830 (1 0 249.019) 390 (0 0 250.249) 93 (1 0 294.875) 533 (0 0 297) 39 (0 1 307) 239 (0 0 315.343) 191 (1 0 355.77) 631 (0 0 357) 14 (1 0 361.386) 214 (0 0 365.748) 44 (1 0 368.511) 484 (0 0 371) 16 (1 0 405.591) 216 (0 0 408) 22 (1 0 437.355) 462 (0 0 439) 15 (1 0 465) 215 (0 0 471.042) 12 (1 0 516.133) 212 (0 0 524.214) 17 (1 0 526) 217 (0 0 529.114) 685 (1 0 592.057) 245 (0 0 594.546) 423 (0 0 720) 

- route 4: 404 (0 0 67.5268) 20 (1 0 73.4885) 460 (0 0 75) 48 (0 1 162.461) 248 (0 0 170.07) 42 (0 1 173.893) 46 (1 1 184.043) 246 (0 1 203.952) 242 (0 0 210) 121 (0 1 263) 321 (0 0 275.065) 47 (1 0 355.439) 5 (2 0 372.086) 205 (1 0 377.299) 40 (2 0 379.209) 247 (1 0 384.142) 240 (0 0 393) 41 (1 0 631) 241 (0 0 646.705) 424 (0 0 720) 

- route 5: 405 (0 0 190.983) 56 (1 0 191.913) 256 (0 0 199) 94 (1 0 213.397) 294 (0 0 219.336) 86 (0 1 222.268) 286 (0 0 232) 78 (1 0 338.055) 278 (0 0 343) 90 (1 0 382.879) 290 (0 0 385) 82 (1 0 399.943) 282 (0 0 404) 798 (1 0 422.64) 358 (0 0 425) 87 (0 1 447) 287 (0 0 460.097) 83 (1 0 528) 283 (0 0 532.169) 159 (1 0 536.181) 599 (0 0 539) 425 (0 0 720) 

- route 6: 406 (0 0 122.356) 780 (1 0 126.356) 340 (0 0 129.455) 58 (1 0 140.278) 258 (0 0 144) 70 (1 0 190.407) 510 (0 0 195) 728 (1 0 206.345) 288 (0 0 212.256) 89 (1 0 413.089) 529 (0 0 419) 711 (1 0 444.713) 72 (2 0 447.783) 271 (1 0 451.15) 272 (0 0 460.726) 51 (1 0 514.684) 491 (0 0 519) 73 (1 0 531.161) 273 (0 0 540.123) 91 (1 0 544) 291 (0 0 546.681) 426 (0 0 720) 

- route 7: 407 (0 0 151.364) 68 (0 1 154.474) 268 (0 0 188) 104 (1 0 263.513) 142 (2 0 264.98) 544 (1 0 268) 582 (0 0 269) 132 (1 0 397.344) 332 (0 0 399.842) 789 (1 0 401.087) 349 (0 0 404.78) 106 (1 0 421.423) 306 (0 0 423.231) 110 (0 1 426.69) 310 (0 0 434) 111 (0 1 515.873) 311 (0 0 523.183) 777 (1 0 529.648) 337 (0 0 534.547) 99 (0 1 541) 169 (0 2 552.391) 369 (0 1 569.702) 299 (0 0 594.668) 427 (0 0 720) 

- route 8: 408 (0 0 81.3044) 62 (1 0 83.4456) 184 (2 0 98.2902) 384 (1 0 103.69) 262 (0 0 118) 122 (0 1 132.17) 322 (0 0 150) 112 (1 0 277.102) 312 (0 0 284.608) 114 (1 0 292.661) 134 (1 1 294.18) 63 (2 1 298.684) 334 (2 0 301.457) 314 (1 0 329) 263 (0 0 340.64) 95 (1 0 346.412) 295 (0 0 352.351) 74 (0 1 355.084) 55 (1 1 363.082) 64 (2 1 364.734) 255 (1 1 372.542) 264 (0 1 376) 151 (0 2 388.989) 274 (0 1 395.181) 144 (0 2 422.582) 344 (0 1 428.842) 351 (0 0 443.885) 196 (1 0 487.303) 396 (0 0 496) 189 (0 1 520.405) 35 (0 2 531) 389 (0 1 536.787) 195 (1 1 540.138) 11 (2 1 545.039) 395 (1 1 548.735) 211 (0 1 573.354) 235 (0 0 578.74) 75 (0 1 637) 275 (0 0 677.097) 428 (0 0 720) 

- route 9: 409 (0 0 83.2157) 76 (1 0 88.4172) 516 (0 0 93) 690 (1 0 307.606) 250 (0 0 313.101) 717 (1 0 346.302) 277 (0 0 350.885) 117 (1 0 373) 96 (2 0 389.253) 296 (1 0 394.771) 317 (0 0 417.235) 765 (1 0 438.785) 325 (0 0 440.23) 53 (1 0 455) 253 (0 0 495.835) 81 (1 0 514) 281 (0 0 517.819) 691 (1 0 533.162) 251 (0 0 537.737) 27 (1 0 577.67) 467 (0 0 581) 85 (0 1 587) 285 (0 0 594.376) 429 (0 0 720) 

- route 10: 410 (0 0 74.9516) 140 (1 0 80.8387) 580 (0 0 85) 118 (1 0 128.058) 558 (0 0 133) 136 (1 0 266.856) 576 (0 0 271) 130 (1 0 299.898) 570 (0 0 305) 123 (0 1 366) 126 (1 1 375.623) 323 (1 0 388.821) 326 (0 0 400.038) 831 (1 0 403.019) 391 (0 0 405.861) 125 (1 0 412) 565 (0 0 415) 811 (1 0 492.356) 371 (0 0 495.941) 127 (1 0 542.021) 327 (0 0 562.537) 771 (1 0 566.974) 331 (0 0 571.271) 107 (1 0 592) 307 (0 0 594.213) 430 (0 0 720) 

- route 11: 411 (0 0 74.1076) 116 (1 0 78.2298) 92 (2 0 102.898) 532 (1 0 105) 316 (0 0 122.464) 54 (1 0 159.407) 254 (0 0 167.285) 66 (0 1 169.449) 266 (0 0 175) 52 (1 0 189.707) 60 (2 0 194.204) 88 (3 0 195.401) 528 (2 0 197) 141 (3 0 206.335) 252 (2 0 230.541) 260 (1 0 240) 146 (2 0 252.939) 341 (1 0 254.951) 185 (2 0 276.062) 385 (1 0 281.462) 50 (2 0 290.048) 346 (1 0 293.247) 490 (0 0 297) 80 (1 0 368.986) 280 (0 0 371.866) 67 (0 1 374.631) 267 (0 0 380.182) 84 (0 1 385.083) 284 (0 0 391) 666 (1 0 423.167) 226 (0 0 426.497) 147 (1 0 453.923) 135 (1 1 475.327) 335 (1 0 481.598) 347 (0 0 490.915) 133 (1 0 496) 333 (0 0 499.247) 431 (0 0 720) 

- route 12: 412 (0 0 192.754) 128 (0 1 194.328) 328 (0 0 205) 129 (0 1 375) 329 (0 0 388.546) 102 (0 1 392.397) 302 (0 0 400) 103 (0 1 620) 303 (0 0 629.905) 432 (0 0 720) 

- route 13: 413 (0 0 159.979) 138 (1 0 161.18) 578 (0 0 163.197) 120 (0 1 168.956) 320 (0 0 178) 148 (1 0 221.5) 588 (0 0 225) 108 (0 1 316.382) 308 (0 0 330) 109 (0 1 504.031) 113 (1 1 509.078) 313 (0 1 516.584) 309 (0 0 522.364) 745 (1 0 528.689) 783 (2 0 529.689) 343 (1 0 531.329) 305 (0 0 536.166) 433 (0 0 720) 

- route 14: 414 (0 0 247.362) 124 (1 0 251.555) 564 (0 0 253) 100 (1 0 328.874) 300 (0 0 336) 43 (0 1 342) 779 (1 1 349.433) 339 (0 1 351.45) 243 (0 0 378.507) 193 (1 0 387.323) 633 (0 0 389) 33 (1 0 394.601) 26 (2 0 398.635) 466 (1 0 401) 233 (0 0 404.026) 677 (1 0 435.053) 237 (0 0 437.342) 30 (1 0 464.687) 230 (0 0 469) 65 (1 0 532.918) 265 (0 0 542.852) 115 (1 0 545.29) 97 (2 0 551) 297 (1 0 558.778) 315 (0 0 587.344) 434 (0 0 720) 

- route 15: 415 (0 0 88.031) 172 (1 0 88.89) 372 (0 0 92.6096) 150 (0 1 94.0393) 8 (1 1 123.75) 208 (0 1 132) 350 (0 0 142) 758 (1 0 168.918) 318 (0 0 177.549) 9 (1 0 308.826) 10 (2 0 314.175) 209 (1 0 318.232) 770 (2 0 323.945) 330 (1 0 330) 210 (0 0 354.648) 158 (1 0 399.93) 598 (0 0 403) 164 (1 0 412.053) 194 (2 0 416.659) 364 (1 0 421) 394 (0 0 426.162) 175 (1 0 436) 375 (0 0 442.06) 186 (1 0 453.541) 386 (0 0 458) 662 (1 0 476.168) 222 (0 0 478.313) 161 (0 1 506) 361 (0 0 511.697) 23 (1 0 570.855) 463 (0 0 573) 165 (1 0 628) 365 (0 0 637.591) 435 (0 0 720) 

- route 16: 416 (0 0 159.748) 178 (0 1 161.112) 378 (0 0 169) 174 (1 0 212.626) 374 (0 0 217) 744 (1 0 298.874) 304 (0 0 303.576) 179 (0 1 360) 149 (1 1 368.877) 379 (1 0 370.332) 589 (0 0 375) 37 (1 0 396.368) 477 (0 0 399) 71 (1 0 414.798) 198 (1 1 417.228) 511 (0 1 421) 398 (0 0 442.22) 199 (0 1 545) 799 (1 1 559.65) 359 (0 1 563.932) 399 (0 0 569.992) 436 (0 0 720) 

- route 17: 417 (0 0 86.2033) 152 (1 0 90.7832) 352 (0 0 96) 716 (1 0 118.302) 276 (0 0 120.836) 192 (1 0 140.842) 632 (0 0 143) 166 (1 0 146.42) 366 (0 0 151) 778 (1 0 193.794) 338 (0 0 196.59) 156 (0 1 267.71) 356 (0 0 275) 154 (1 0 322.927) 354 (0 0 328) 155 (1 0 404) 355 (0 0 411.109) 157 (0 1 415.975) 357 (0 0 423.264) 833 (1 0 426.957) 393 (0 0 429.115) 137 (1 0 491.37) 577 (0 0 495) 177 (0 1 543.442) 45 (1 1 554.829) 485 (0 1 557) 377 (0 0 563.288) 197 (1 0 608) 187 (2 0 612.392) 387 (1 0 616.851) 397 (0 0 620.546) 437 (0 0 720) 

- route 18: 418 (0 0 156.392) 180 (1 0 158.707) 380 (0 0 161) 190 (1 0 200.158) 630 (0 0 203) 173 (1 0 214) 373 (0 0 219.079) 153 (1 0 229) 353 (0 0 236.325) 188 (0 1 251.061) 788 (1 1 255.466) 348 (0 1 257.403) 388 (0 0 268.688) 162 (1 0 343.803) 2 (2 0 366.595) 202 (1 0 370.28) 1 (2 0 372.559) 201 (1 0 377.248) 362 (0 0 388) 119 (1 0 422.326) 559 (0 0 431) 163 (1 0 592) 145 (1 1 626.064) 345 (1 0 632.324) 363 (0 0 643.722) 438 (0 0 720) 

- route 19: 419 (0 0 110.11) 660 (1 0 110.11) 220 (0 0 113.605) 21 (1 0 207.505) 461 (0 0 211) 710 (1 0 225.145) 270 (0 0 226.759) 181 (1 0 242) 381 (0 0 244.94) 170 (1 0 255.415) 610 (0 0 259) 764 (1 0 277.945) 324 (0 0 279.533) 182 (1 0 281.359) 382 (0 0 292.183) 676 (1 0 299.053) 236 (0 0 301.686) 776 (1 0 306.501) 336 (0 0 310.033) 139 (1 0 316.04) 77 (2 0 318.466) 579 (1 0 321) 517 (0 0 323) 167 (1 0 365) 367 (0 0 371.37) 183 (1 0 403) 176 (1 1 406.973) 383 (0 1 418.736) 376 (0 0 426.819) 105 (1 0 496.103) 545 (0 0 501) 439 (0 0 720) 


Data DARP: datafile8.txt
Transfers: 1
Relative MRT: 1
MRT factor: 1.5
Speed factor PT : 1
PT interval: 10
Iterations: 25000
Iter without impr: 500
Max removal pct: 0.3
Max deterior pct: 0.04
Clustered removal: 0
IDARP adapted: 1
Without operator:  0
Terminals per node: 3
Priority non PT: 0
Priority PT: 0
Priority long: 0
Priority short: 0
Current iteration: 15000
Total distance: 2123.46
Computation time: 8209.06
Average ride time: 18.6363
Pct PT users: 0.225
Users PT: 20 21 22 23 26 27 36 37 44 45 50 51 70 71 76 77 88 89 92 93 104 105 118 119 124 125 130 131 136 137 138 139 140 142 143 148 149 158 159 170 171 190 191 192 193 

- route 0: 400 (0 0 122.967) 732 (1 0 122.967) 292 (0 0 126.227) 28 (0 1 130.903) 0 (1 1 141.311) 200 (0 1 146) 228 (0 0 165) 29 (0 1 263) 229 (0 0 297.17) 810 (1 0 306.356) 370 (0 0 308.435) 34 (0 1 334.172) 49 (0 2 339.566) 249 (0 1 347.176) 234 (0 0 377.008) 160 (0 1 380.202) 360 (0 0 385) 684 (1 0 406.057) 244 (0 0 408.227) 168 (0 1 420.688) 368 (0 0 438) 759 (1 0 466.446) 319 (0 0 471.817) 101 (1 0 494) 301 (0 0 504.189) 131 (1 0 540.945) 571 (0 0 547) 3 (1 0 595) 203 (0 0 599.401) 667 (1 0 603.167) 227 (0 0 605.532) 13 (1 0 614) 213 (0 0 625.621) 420 (0 0 720) 

- route 1: 401 (0 0 203.463) 4 (1 0 204.788) 204 (0 0 210) 36 (1 0 260.712) 476 (0 0 263) 782 (1 0 292.964) 342 (0 0 294.711) 7 (1 0 347.085) 207 (0 0 352.046) 18 (1 0 354.143) 218 (0 0 357) 171 (1 0 442.921) 611 (0 0 445) 19 (1 0 448) 219 (0 0 451.785) 143 (1 0 501.598) 583 (0 0 505) 663 (1 0 610.168) 223 (0 0 611.813) 421 (0 0 720) 

- route 2: 402 (0 0 180.957) 832 (1 0 180.957) 392 (0 0 182.634) 24 (0 1 237.334) 661 (1 1 246.11) 221 (0 1 247.622) 224 (0 0 264) 57 (1 0 279) 257 (0 0 289.13) 98 (0 1 306.421) 59 (1 1 310.11) 259 (0 1 313.832) 733 (1 1 317.116) 293 (0 1 319.67) 298 (0 0 360.09) 61 (1 0 389.854) 69 (1 1 395) 729 (2 1 428.345) 289 (1 1 429.945) 261 (0 1 438.544) 269 (0 0 443.789) 79 (1 0 504.999) 279 (0 0 509.944) 25 (0 1 513) 31 (1 1 536.028) 231 (0 1 540.342) 225 (0 0 544.311) 422 (0 0 720) 

- route 3: 403 (0 0 97.4228) 38 (0 1 100.066) 238 (0 0 106.628) 6 (1 0 111.039) 206 (0 0 116) 32 (1 0 196.383) 232 (0 0 203) 830 (1 0 249.019) 390 (0 0 250.249) 93 (1 0 294.875) 533 (0 0 297) 39 (0 1 307) 239 (0 0 315.343) 191 (1 0 355.77) 631 (0 0 357) 14 (1 0 361.386) 214 (0 0 365.748) 44 (1 0 368.511) 484 (0 0 371) 16 (1 0 405.591) 216 (0 0 408) 22 (1 0 437.355) 462 (0 0 439) 15 (1 0 465) 215 (0 0 471.042) 12 (1 0 516.133) 212 (0 0 524.214) 17 (1 0 526) 217 (0 0 529.114) 685 (1 0 592.057) 245 (0 0 594.546) 423 (0 0 720) 

- route 4: 404 (0 0 67.5268) 20 (1 0 73.4885) 460 (0 0 75) 48 (0 1 162.461) 248 (0 0 170.07) 42 (0 1 173.893) 46 (1 1 184.043) 246 (0 1 203.952) 242 (0 0 210) 121 (0 1 263) 321 (0 0 275.065) 47 (1 0 355.439) 5 (2 0 372.086) 205 (1 0 377.299) 40 (2 0 379.209) 247 (1 0 384.142) 240 (0 0 393) 41 (1 0 631) 241 (0 0 646.705) 424 (0 0 720) 

- route 5: 405 (0 0 190.983) 56 (1 0 191.913) 256 (0 0 199) 94 (1 0 213.397) 294 (0 0 219.336) 86 (0 1 222.268) 286 (0 0 232) 78 (1 0 338.055) 278 (0 0 343) 90 (1 0 382.879) 290 (0 0 385) 82 (1 0 399.943) 282 (0 0 404) 798 (1 0 422.64) 358 (0 0 425) 87 (0 1 447) 287 (0 0 460.097) 83 (1 0 528) 283 (0 0 532.169) 159 (1 0 536.181) 599 (0 0 539) 425 (0 0 720) 

- route 6: 406 (0 0 122.356) 780 (1 0 126.356) 340 (0 0 129.455) 58 (1 0 140.278) 258 (0 0 144) 70 (1 0 190.407) 510 (0 0 195) 728 (1 0 206.345) 288 (0 0 212.256) 89 (1 0 413.089) 529 (0 0 419) 711 (1 0 444.713) 72 (2 0 447.783) 271 (1 0 451.15) 272 (0 0 460.726) 51 (1 0 514.684) 491 (0 0 519) 73 (1 0 531.161) 273 (0 0 540.123) 91 (1 0 544) 291 (0 0 546.681) 426 (0 0 720) 

- route 7: 407 (0 0 151.364) 68 (0 1 154.474) 268 (0 0 188) 104 (1 0 263.513) 142 (2 0 264.98) 544 (1 0 268) 582 (0 0 269) 132 (1 0 397.344) 332 (0 0 399.842) 789 (1 0 401.087) 349 (0 0 404.78) 106 (1 0 421.423) 306 (0 0 423.231) 110 (0 1 426.69) 310 (0 0 434) 111 (0 1 515.873) 311 (0 0 523.183) 777 (1 0 529.648) 337 (0 0 534.547) 99 (0 1 541) 169 (0 2 552.391) 369 (0 1 569.702) 299 (0 0 594.668) 427 (0 0 720) 

- route 8: 408 (0 0 81.3044) 62 (1 0 83.4456) 184 (2 0 98.2902) 384 (1 0 103.69) 262 (0 0 118) 122 (0 1 132.17) 322 (0 0 150) 112 (1 0 277.102) 312 (0 0 284.608) 114 (1 0 292.661) 134 (1 1 294.18) 63 (2 1 298.684) 334 (2 0 301.457) 314 (1 0 329) 263 (0 0 340.64) 95 (1 0 346.412) 295 (0 0 352.351) 74 (0 1 355.084) 55 (1 1 363.082) 64 (2 1 364.734) 255 (1 1 372.542) 264 (0 1 376) 151 (0 2 388.989) 274 (0 1 395.181) 144 (0 2 422.582) 344 (0 1 428.842) 351 (0 0 443.885) 196 (1 0 487.303) 396 (0 0 496) 189 (0 1 520.405) 35 (0 2 531) 389 (0 1 536.787) 195 (1 1 540.138) 11 (2 1 545.039) 395 (1 1 548.735) 211 (0 1 573.354) 235 (0 0 578.74) 75 (0 1 637) 275 (0 0 677.097) 428 (0 0 720) 

- route 9: 409 (0 0 83.2157) 76 (1 0 88.4172) 516 (0 0 93) 690 (1 0 307.606) 250 (0 0 313.101) 717 (1 0 346.302) 277 (0 0 350.885) 117 (1 0 373) 96 (2 0 389.253) 296 (1 0 394.771) 317 (0 0 417.235) 765 (1 0 438.785) 325 (0 0 440.23) 53 (1 0 455) 253 (0 0 495.835) 81 (1 0 514) 281 (0 0 517.819) 691 (1 0 533.162) 251 (0 0 537.737) 27 (1 0 577.67) 467 (0 0 581) 85 (0 1 587) 285 (0 0 594.376) 429 (0 0 720) 

- route 10: 410 (0 0 74.9516) 140 (1 0 80.8387) 580 (0 0 85) 118 (1 0 128.058) 558 (0 0 133) 136 (1 0 266.856) 576 (0 0 271) 130 (1 0 299.898) 570 (0 0 305) 123 (0 1 366) 126 (1 1 375.623) 323 (1 0 388.821) 326 (0 0 400.038) 831 (1 0 403.019) 391 (0 0 405.861) 125 (1 0 412) 565 (0 0 415) 811 (1 0 492.356) 371 (0 0 495.941) 127 (1 0 542.021) 327 (0 0 562.537) 771 (1 0 566.974) 331 (0 0 571.271) 107 (1 0 592) 307 (0 0 594.213) 430 (0 0 720) 

- route 11: 411 (0 0 74.1076) 116 (1 0 78.2298) 92 (2 0 102.898) 532 (1 0 105) 316 (0 0 122.464) 54 (1 0 159.407) 254 (0 0 167.285) 66 (0 1 169.449) 266 (0 0 175) 52 (1 0 189.707) 60 (2 0 194.204) 88 (3 0 195.401) 528 (2 0 197) 141 (3 0 206.335) 252 (2 0 230.541) 260 (1 0 240) 146 (2 0 252.939) 341 (1 0 254.951) 185 (2 0 276.062) 385 (1 0 281.462) 50 (2 0 290.048) 346 (1 0 293.247) 490 (0 0 297) 80 (1 0 368.986) 280 (0 0 371.866) 67 (0 1 374.631) 267 (0 0 380.182) 84 (0 1 385.083) 284 (0 0 391) 666 (1 0 423.167) 226 (0 0 426.497) 147 (1 0 453.923) 135 (1 1 475.327) 335 (1 0 481.598) 347 (0 0 490.915) 133 (1 0 496) 333 (0 0 499.247) 431 (0 0 720) 

- route 12: 412 (0 0 192.754) 128 (0 1 194.328) 328 (0 0 205) 129 (0 1 375) 329 (0 0 388.546) 102 (0 1 392.397) 302 (0 0 400) 103 (0 1 620) 303 (0 0 629.905) 432 (0 0 720) 

- route 13: 413 (0 0 159.979) 138 (1 0 161.18) 578 (0 0 163.197) 120 (0 1 168.956) 320 (0 0 178) 148 (1 0 221.5) 588 (0 0 225) 108 (0 1 316.382) 308 (0 0 330) 109 (0 1 504.031) 113 (1 1 509.078) 313 (0 1 516.584) 309 (0 0 522.364) 745 (1 0 528.689) 783 (2 0 529.689) 343 (1 0 531.329) 305 (0 0 536.166) 433 (0 0 720) 

- route 14: 414 (0 0 247.362) 124 (1 0 251.555) 564 (0 0 253) 100 (1 0 328.874) 300 (0 0 336) 43 (0 1 342) 779 (1 1 349.433) 339 (0 1 351.45) 243 (0 0 378.507) 193 (1 0 387.323) 633 (0 0 389) 33 (1 0 394.601) 26 (2 0 398.635) 466 (1 0 401) 233 (0 0 404.026) 677 (1 0 435.053) 237 (0 0 437.342) 30 (1 0 464.687) 230 (0 0 469) 65 (1 0 532.918) 265 (0 0 542.852) 115 (1 0 545.29) 97 (2 0 551) 297 (1 0 558.778) 315 (0 0 587.344) 434 (0 0 720) 

- route 15: 415 (0 0 88.031) 172 (1 0 88.89) 372 (0 0 92.6096) 150 (0 1 94.0393) 8 (1 1 123.75) 208 (0 1 132) 350 (0 0 142) 758 (1 0 168.918) 318 (0 0 177.549) 9 (1 0 308.826) 10 (2 0 314.175) 209 (1 0 318.232) 770 (2 0 323.945) 330 (1 0 330) 210 (0 0 354.648) 158 (1 0 399.93) 598 (0 0 403) 164 (1 0 412.053) 194 (2 0 416.659) 364 (1 0 421) 394 (0 0 426.162) 175 (1 0 436) 375 (0 0 442.06) 186 (1 0 453.541) 386 (0 0 458) 662 (1 0 476.168) 222 (0 0 478.313) 161 (0 1 506) 361 (0 0 511.697) 23 (1 0 570.855) 463 (0 0 573) 165 (1 0 628) 365 (0 0 637.591) 435 (0 0 720) 

- route 16: 416 (0 0 159.748) 178 (0 1 161.112) 378 (0 0 169) 174 (1 0 212.626) 374 (0 0 217) 744 (1 0 298.874) 304 (0 0 303.576) 179 (0 1 360) 149 (1 1 368.877) 379 (1 0 370.332) 589 (0 0 375) 37 (1 0 396.368) 477 (0 0 399) 71 (1 0 414.798) 198 (1 1 417.228) 511 (0 1 421) 398 (0 0 442.22) 199 (0 1 545) 799 (1 1 559.65) 359 (0 1 563.932) 399 (0 0 569.992) 436 (0 0 720) 

- route 17: 417 (0 0 86.2033) 152 (1 0 90.7832) 352 (0 0 96) 716 (1 0 118.302) 276 (0 0 120.836) 192 (1 0 140.842) 632 (0 0 143) 166 (1 0 146.42) 366 (0 0 151) 778 (1 0 193.794) 338 (0 0 196.59) 156 (0 1 267.71) 356 (0 0 275) 154 (1 0 322.927) 354 (0 0 328) 155 (1 0 404) 355 (0 0 411.109) 157 (0 1 415.975) 357 (0 0 423.264) 833 (1 0 426.957) 393 (0 0 429.115) 137 (1 0 491.37) 577 (0 0 495) 177 (0 1 543.442) 45 (1 1 554.829) 485 (0 1 557) 377 (0 0 563.288) 197 (1 0 608) 187 (2 0 612.392) 387 (1 0 616.851) 397 (0 0 620.546) 437 (0 0 720) 

- route 18: 418 (0 0 156.392) 180 (1 0 158.707) 380 (0 0 161) 190 (1 0 200.158) 630 (0 0 203) 173 (1 0 214) 373 (0 0 219.079) 153 (1 0 229) 353 (0 0 236.325) 188 (0 1 251.061) 788 (1 1 255.466) 348 (0 1 257.403) 388 (0 0 268.688) 162 (1 0 343.803) 2 (2 0 366.595) 202 (1 0 370.28) 1 (2 0 372.559) 201 (1 0 377.248) 362 (0 0 388) 119 (1 0 422.326) 559 (0 0 431) 163 (1 0 592) 145 (1 1 626.064) 345 (1 0 632.324) 363 (0 0 643.722) 438 (0 0 720) 

- route 19: 419 (0 0 110.11) 660 (1 0 110.11) 220 (0 0 113.605) 21 (1 0 207.505) 461 (0 0 211) 710 (1 0 225.145) 270 (0 0 226.759) 181 (1 0 242) 381 (0 0 244.94) 170 (1 0 255.415) 610 (0 0 259) 764 (1 0 277.945) 324 (0 0 279.533) 182 (1 0 281.359) 382 (0 0 292.183) 676 (1 0 299.053) 236 (0 0 301.686) 776 (1 0 306.501) 336 (0 0 310.033) 139 (1 0 316.04) 77 (2 0 318.466) 579 (1 0 321) 517 (0 0 323) 167 (1 0 365) 367 (0 0 371.37) 183 (1 0 403) 176 (1 1 406.973) 383 (0 1 418.736) 376 (0 0 426.819) 105 (1 0 496.103) 545 (0 0 501) 439 (0 0 720) 


Data DARP: datafile8.txt
Transfers: 1
Relative MRT: 1
MRT factor: 1.5
Speed factor PT : 1
PT interval: 10
Iterations: 25000
Iter without impr: 500
Max removal pct: 0.3
Max deterior pct: 0.04
Clustered removal: 0
IDARP adapted: 1
Without operator:  0
Terminals per node: 3
Priority non PT: 0
Priority PT: 0
Priority long: 0
Priority short: 0
Current iteration: 20000
Total distance: 2123.46
Computation time: 10775
Average ride time: 18.6363
Pct PT users: 0.225
Users PT: 20 21 22 23 26 27 36 37 44 45 50 51 70 71 76 77 88 89 92 93 104 105 118 119 124 125 130 131 136 137 138 139 140 142 143 148 149 158 159 170 171 190 191 192 193 

- route 0: 400 (0 0 122.967) 732 (1 0 122.967) 292 (0 0 126.227) 28 (0 1 130.903) 0 (1 1 141.311) 200 (0 1 146) 228 (0 0 165) 29 (0 1 263) 229 (0 0 297.17) 810 (1 0 306.356) 370 (0 0 308.435) 34 (0 1 334.172) 49 (0 2 339.566) 249 (0 1 347.176) 234 (0 0 377.008) 160 (0 1 380.202) 360 (0 0 385) 684 (1 0 406.057) 244 (0 0 408.227) 168 (0 1 420.688) 368 (0 0 438) 759 (1 0 466.446) 319 (0 0 471.817) 101 (1 0 494) 301 (0 0 504.189) 131 (1 0 540.945) 571 (0 0 547) 3 (1 0 595) 203 (0 0 599.401) 667 (1 0 603.167) 227 (0 0 605.532) 13 (1 0 614) 213 (0 0 625.621) 420 (0 0 720) 

- route 1: 401 (0 0 203.463) 4 (1 0 204.788) 204 (0 0 210) 36 (1 0 260.712) 476 (0 0 263) 782 (1 0 292.964) 342 (0 0 294.711) 7 (1 0 347.085) 207 (0 0 352.046) 18 (1 0 354.143) 218 (0 0 357) 171 (1 0 442.921) 611 (0 0 445) 19 (1 0 448) 219 (0 0 451.785) 143 (1 0 501.598) 583 (0 0 505) 663 (1 0 610.168) 223 (0 0 611.813) 421 (0 0 720) 

- route 2: 402 (0 0 180.957) 832 (1 0 180.957) 392 (0 0 182.634) 24 (0 1 237.334) 661 (1 1 246.11) 221 (0 1 247.622) 224 (0 0 264) 57 (1 0 279) 257 (0 0 289.13) 98 (0 1 306.421) 59 (1 1 310.11) 259 (0 1 313.832) 733 (1 1 317.116) 293 (0 1 319.67) 298 (0 0 360.09) 61 (1 0 389.854) 69 (1 1 395) 729 (2 1 428.345) 289 (1 1 429.945) 261 (0 1 438.544) 269 (0 0 443.789) 79 (1 0 504.999) 279 (0 0 509.944) 25 (0 1 513) 31 (1 1 536.028) 231 (0 1 540.342) 225 (0 0 544.311) 422 (0 0 720) 

- route 3: 403 (0 0 97.4228) 38 (0 1 100.066) 238 (0 0 106.628) 6 (1 0 111.039) 206 (0 0 116) 32 (1 0 196.383) 232 (0 0 203) 830 (1 0 249.019) 390 (0 0 250.249) 93 (1 0 294.875) 533 (0 0 297) 39 (0 1 307) 239 (0 0 315.343) 191 (1 0 355.77) 631 (0 0 357) 14 (1 0 361.386) 214 (0 0 365.748) 44 (1 0 368.511) 484 (0 0 371) 16 (1 0 405.591) 216 (0 0 408) 22 (1 0 437.355) 462 (0 0 439) 15 (1 0 465) 215 (0 0 471.042) 12 (1 0 516.133) 212 (0 0 524.214) 17 (1 0 526) 217 (0 0 529.114) 685 (1 0 592.057) 245 (0 0 594.546) 423 (0 0 720) 

- route 4: 404 (0 0 67.5268) 20 (1 0 73.4885) 460 (0 0 75) 48 (0 1 162.461) 248 (0 0 170.07) 42 (0 1 173.893) 46 (1 1 184.043) 246 (0 1 203.952) 242 (0 0 210) 121 (0 1 263) 321 (0 0 275.065) 47 (1 0 355.439) 5 (2 0 372.086) 205 (1 0 377.299) 40 (2 0 379.209) 247 (1 0 384.142) 240 (0 0 393) 41 (1 0 631) 241 (0 0 646.705) 424 (0 0 720) 

- route 5: 405 (0 0 190.983) 56 (1 0 191.913) 256 (0 0 199) 94 (1 0 213.397) 294 (0 0 219.336) 86 (0 1 222.268) 286 (0 0 232) 78 (1 0 338.055) 278 (0 0 343) 90 (1 0 382.879) 290 (0 0 385) 82 (1 0 399.943) 282 (0 0 404) 798 (1 0 422.64) 358 (0 0 425) 87 (0 1 447) 287 (0 0 460.097) 83 (1 0 528) 283 (0 0 532.169) 159 (1 0 536.181) 599 (0 0 539) 425 (0 0 720) 

- route 6: 406 (0 0 122.356) 780 (1 0 126.356) 340 (0 0 129.455) 58 (1 0 140.278) 258 (0 0 144) 70 (1 0 190.407) 510 (0 0 195) 728 (1 0 206.345) 288 (0 0 212.256) 89 (1 0 413.089) 529 (0 0 419) 711 (1 0 444.713) 72 (2 0 447.783) 271 (1 0 451.15) 272 (0 0 460.726) 51 (1 0 514.684) 491 (0 0 519) 73 (1 0 531.161) 273 (0 0 540.123) 91 (1 0 544) 291 (0 0 546.681) 426 (0 0 720) 

- route 7: 407 (0 0 151.364) 68 (0 1 154.474) 268 (0 0 188) 104 (1 0 263.513) 142 (2 0 264.98) 544 (1 0 268) 582 (0 0 269) 132 (1 0 397.344) 332 (0 0 399.842) 789 (1 0 401.087) 349 (0 0 404.78) 106 (1 0 421.423) 306 (0 0 423.231) 110 (0 1 426.69) 310 (0 0 434) 111 (0 1 515.873) 311 (0 0 523.183) 777 (1 0 529.648) 337 (0 0 534.547) 99 (0 1 541) 169 (0 2 552.391) 369 (0 1 569.702) 299 (0 0 594.668) 427 (0 0 720) 

- route 8: 408 (0 0 81.3044) 62 (1 0 83.4456) 184 (2 0 98.2902) 384 (1 0 103.69) 262 (0 0 118) 122 (0 1 132.17) 322 (0 0 150) 112 (1 0 277.102) 312 (0 0 284.608) 114 (1 0 292.661) 134 (1 1 294.18) 63 (2 1 298.684) 334 (2 0 301.457) 314 (1 0 329) 263 (0 0 340.64) 95 (1 0 346.412) 295 (0 0 352.351) 74 (0 1 355.084) 55 (1 1 363.082) 64 (2 1 364.734) 255 (1 1 372.542) 264 (0 1 376) 151 (0 2 388.989) 274 (0 1 395.181) 144 (0 2 422.582) 344 (0 1 428.842) 351 (0 0 443.885) 196 (1 0 487.303) 396 (0 0 496) 189 (0 1 520.405) 35 (0 2 531) 389 (0 1 536.787) 195 (1 1 540.138) 11 (2 1 545.039) 395 (1 1 548.735) 211 (0 1 573.354) 235 (0 0 578.74) 75 (0 1 637) 275 (0 0 677.097) 428 (0 0 720) 

- route 9: 409 (0 0 83.2157) 76 (1 0 88.4172) 516 (0 0 93) 690 (1 0 307.606) 250 (0 0 313.101) 717 (1 0 346.302) 277 (0 0 350.885) 117 (1 0 373) 96 (2 0 389.253) 296 (1 0 394.771) 317 (0 0 417.235) 765 (1 0 438.785) 325 (0 0 440.23) 53 (1 0 455) 253 (0 0 495.835) 81 (1 0 514) 281 (0 0 517.819) 691 (1 0 533.162) 251 (0 0 537.737) 27 (1 0 577.67) 467 (0 0 581) 85 (0 1 587) 285 (0 0 594.376) 429 (0 0 720) 

- route 10: 410 (0 0 74.9516) 140 (1 0 80.8387) 580 (0 0 85) 118 (1 0 128.058) 558 (0 0 133) 136 (1 0 266.856) 576 (0 0 271) 130 (1 0 299.898) 570 (0 0 305) 123 (0 1 366) 126 (1 1 375.623) 323 (1 0 388.821) 326 (0 0 400.038) 831 (1 0 403.019) 391 (0 0 405.861) 125 (1 0 412) 565 (0 0 415) 811 (1 0 492.356) 371 (0 0 495.941) 127 (1 0 542.021) 327 (0 0 562.537) 771 (1 0 566.974) 331 (0 0 571.271) 107 (1 0 592) 307 (0 0 594.213) 430 (0 0 720) 

- route 11: 411 (0 0 74.1076) 116 (1 0 78.2298) 92 (2 0 102.898) 532 (1 0 105) 316 (0 0 122.464) 54 (1 0 159.407) 254 (0 0 167.285) 66 (0 1 169.449) 266 (0 0 175) 52 (1 0 189.707) 60 (2 0 194.204) 88 (3 0 195.401) 528 (2 0 197) 141 (3 0 206.335) 252 (2 0 230.541) 260 (1 0 240) 146 (2 0 252.939) 341 (1 0 254.951) 185 (2 0 276.062) 385 (1 0 281.462) 50 (2 0 290.048) 346 (1 0 293.247) 490 (0 0 297) 80 (1 0 368.986) 280 (0 0 371.866) 67 (0 1 374.631) 267 (0 0 380.182) 84 (0 1 385.083) 284 (0 0 391) 666 (1 0 423.167) 226 (0 0 426.497) 147 (1 0 453.923) 135 (1 1 475.327) 335 (1 0 481.598) 347 (0 0 490.915) 133 (1 0 496) 333 (0 0 499.247) 431 (0 0 720) 

- route 12: 412 (0 0 192.754) 128 (0 1 194.328) 328 (0 0 205) 129 (0 1 375) 329 (0 0 388.546) 102 (0 1 392.397) 302 (0 0 400) 103 (0 1 620) 303 (0 0 629.905) 432 (0 0 720) 

- route 13: 413 (0 0 159.979) 138 (1 0 161.18) 578 (0 0 163.197) 120 (0 1 168.956) 320 (0 0 178) 148 (1 0 221.5) 588 (0 0 225) 108 (0 1 316.382) 308 (0 0 330) 109 (0 1 504.031) 113 (1 1 509.078) 313 (0 1 516.584) 309 (0 0 522.364) 745 (1 0 528.689) 783 (2 0 529.689) 343 (1 0 531.329) 305 (0 0 536.166) 433 (0 0 720) 

- route 14: 414 (0 0 247.362) 124 (1 0 251.555) 564 (0 0 253) 100 (1 0 328.874) 300 (0 0 336) 43 (0 1 342) 779 (1 1 349.433) 339 (0 1 351.45) 243 (0 0 378.507) 193 (1 0 387.323) 633 (0 0 389) 33 (1 0 394.601) 26 (2 0 398.635) 466 (1 0 401) 233 (0 0 404.026) 677 (1 0 435.053) 237 (0 0 437.342) 30 (1 0 464.687) 230 (0 0 469) 65 (1 0 532.918) 265 (0 0 542.852) 115 (1 0 545.29) 97 (2 0 551) 297 (1 0 558.778) 315 (0 0 587.344) 434 (0 0 720) 

- route 15: 415 (0 0 88.031) 172 (1 0 88.89) 372 (0 0 92.6096) 150 (0 1 94.0393) 8 (1 1 123.75) 208 (0 1 132) 350 (0 0 142) 758 (1 0 168.918) 318 (0 0 177.549) 9 (1 0 308.826) 10 (2 0 314.175) 209 (1 0 318.232) 770 (2 0 323.945) 330 (1 0 330) 210 (0 0 354.648) 158 (1 0 399.93) 598 (0 0 403) 164 (1 0 412.053) 194 (2 0 416.659) 364 (1 0 421) 394 (0 0 426.162) 175 (1 0 436) 375 (0 0 442.06) 186 (1 0 453.541) 386 (0 0 458) 662 (1 0 476.168) 222 (0 0 478.313) 161 (0 1 506) 361 (0 0 511.697) 23 (1 0 570.855) 463 (0 0 573) 165 (1 0 628) 365 (0 0 637.591) 435 (0 0 720) 

- route 16: 416 (0 0 159.748) 178 (0 1 161.112) 378 (0 0 169) 174 (1 0 212.626) 374 (0 0 217) 744 (1 0 298.874) 304 (0 0 303.576) 179 (0 1 360) 149 (1 1 368.877) 379 (1 0 370.332) 589 (0 0 375) 37 (1 0 396.368) 477 (0 0 399) 71 (1 0 414.798) 198 (1 1 417.228) 511 (0 1 421) 398 (0 0 442.22) 199 (0 1 545) 799 (1 1 559.65) 359 (0 1 563.932) 399 (0 0 569.992) 436 (0 0 720) 

- route 17: 417 (0 0 86.2033) 152 (1 0 90.7832) 352 (0 0 96) 716 (1 0 118.302) 276 (0 0 120.836) 192 (1 0 140.842) 632 (0 0 143) 166 (1 0 146.42) 366 (0 0 151) 778 (1 0 193.794) 338 (0 0 196.59) 156 (0 1 267.71) 356 (0 0 275) 154 (1 0 322.927) 354 (0 0 328) 155 (1 0 404) 355 (0 0 411.109) 157 (0 1 415.975) 357 (0 0 423.264) 833 (1 0 426.957) 393 (0 0 429.115) 137 (1 0 491.37) 577 (0 0 495) 177 (0 1 543.442) 45 (1 1 554.829) 485 (0 1 557) 377 (0 0 563.288) 197 (1 0 608) 187 (2 0 612.392) 387 (1 0 616.851) 397 (0 0 620.546) 437 (0 0 720) 

- route 18: 418 (0 0 156.392) 180 (1 0 158.707) 380 (0 0 161) 190 (1 0 200.158) 630 (0 0 203) 173 (1 0 214) 373 (0 0 219.079) 153 (1 0 229) 353 (0 0 236.325) 188 (0 1 251.061) 788 (1 1 255.466) 348 (0 1 257.403) 388 (0 0 268.688) 162 (1 0 343.803) 2 (2 0 366.595) 202 (1 0 370.28) 1 (2 0 372.559) 201 (1 0 377.248) 362 (0 0 388) 119 (1 0 422.326) 559 (0 0 431) 163 (1 0 592) 145 (1 1 626.064) 345 (1 0 632.324) 363 (0 0 643.722) 438 (0 0 720) 

- route 19: 419 (0 0 110.11) 660 (1 0 110.11) 220 (0 0 113.605) 21 (1 0 207.505) 461 (0 0 211) 710 (1 0 225.145) 270 (0 0 226.759) 181 (1 0 242) 381 (0 0 244.94) 170 (1 0 255.415) 610 (0 0 259) 764 (1 0 277.945) 324 (0 0 279.533) 182 (1 0 281.359) 382 (0 0 292.183) 676 (1 0 299.053) 236 (0 0 301.686) 776 (1 0 306.501) 336 (0 0 310.033) 139 (1 0 316.04) 77 (2 0 318.466) 579 (1 0 321) 517 (0 0 323) 167 (1 0 365) 367 (0 0 371.37) 183 (1 0 403) 176 (1 1 406.973) 383 (0 1 418.736) 376 (0 0 426.819) 105 (1 0 496.103) 545 (0 0 501) 439 (0 0 720) 


Data DARP: datafile8.txt
Transfers: 1
Relative MRT: 1
MRT factor: 1.5
Speed factor PT : 1
PT interval: 10
Iterations: 25000
Iter without impr: 500
Max removal pct: 0.3
Max deterior pct: 0.04
Clustered removal: 0
IDARP adapted: 1
Without operator:  0
Terminals per node: 3
Priority non PT: 0
Priority PT: 0
Priority long: 0
Priority short: 0
Current iteration: 25000
Total distance: 2123.46
Computation time: 13354.8
Average ride time: 18.6363
Pct PT users: 0.225
Users PT: 20 21 22 23 26 27 36 37 44 45 50 51 70 71 76 77 88 89 92 93 104 105 118 119 124 125 130 131 136 137 138 139 140 142 143 148 149 158 159 170 171 190 191 192 193 

- route 0: 400 (0 0 122.967) 732 (1 0 122.967) 292 (0 0 126.227) 28 (0 1 130.903) 0 (1 1 141.311) 200 (0 1 146) 228 (0 0 165) 29 (0 1 263) 229 (0 0 297.17) 810 (1 0 306.356) 370 (0 0 308.435) 34 (0 1 334.172) 49 (0 2 339.566) 249 (0 1 347.176) 234 (0 0 377.008) 160 (0 1 380.202) 360 (0 0 385) 684 (1 0 406.057) 244 (0 0 408.227) 168 (0 1 420.688) 368 (0 0 438) 759 (1 0 466.446) 319 (0 0 471.817) 101 (1 0 494) 301 (0 0 504.189) 131 (1 0 540.945) 571 (0 0 547) 3 (1 0 595) 203 (0 0 599.401) 667 (1 0 603.167) 227 (0 0 605.532) 13 (1 0 614) 213 (0 0 625.621) 420 (0 0 720) 

- route 1: 401 (0 0 203.463) 4 (1 0 204.788) 204 (0 0 210) 36 (1 0 260.712) 476 (0 0 263) 782 (1 0 292.964) 342 (0 0 294.711) 7 (1 0 347.085) 207 (0 0 352.046) 18 (1 0 354.143) 218 (0 0 357) 171 (1 0 442.921) 611 (0 0 445) 19 (1 0 448) 219 (0 0 451.785) 143 (1 0 501.598) 583 (0 0 505) 663 (1 0 610.168) 223 (0 0 611.813) 421 (0 0 720) 

- route 2: 402 (0 0 180.957) 832 (1 0 180.957) 392 (0 0 182.634) 24 (0 1 237.334) 661 (1 1 246.11) 221 (0 1 247.622) 224 (0 0 264) 57 (1 0 279) 257 (0 0 289.13) 98 (0 1 306.421) 59 (1 1 310.11) 259 (0 1 313.832) 733 (1 1 317.116) 293 (0 1 319.67) 298 (0 0 360.09) 61 (1 0 389.854) 69 (1 1 395) 729 (2 1 428.345) 289 (1 1 429.945) 261 (0 1 438.544) 269 (0 0 443.789) 79 (1 0 504.999) 279 (0 0 509.944) 25 (0 1 513) 31 (1 1 536.028) 231 (0 1 540.342) 225 (0 0 544.311) 422 (0 0 720) 

- route 3: 403 (0 0 97.4228) 38 (0 1 100.066) 238 (0 0 106.628) 6 (1 0 111.039) 206 (0 0 116) 32 (1 0 196.383) 232 (0 0 203) 830 (1 0 249.019) 390 (0 0 250.249) 93 (1 0 294.875) 533 (0 0 297) 39 (0 1 307) 239 (0 0 315.343) 191 (1 0 355.77) 631 (0 0 357) 14 (1 0 361.386) 214 (0 0 365.748) 44 (1 0 368.511) 484 (0 0 371) 16 (1 0 405.591) 216 (0 0 408) 22 (1 0 437.355) 462 (0 0 439) 15 (1 0 465) 215 (0 0 471.042) 12 (1 0 516.133) 212 (0 0 524.214) 17 (1 0 526) 217 (0 0 529.114) 685 (1 0 592.057) 245 (0 0 594.546) 423 (0 0 720) 

- route 4: 404 (0 0 67.5268) 20 (1 0 73.4885) 460 (0 0 75) 48 (0 1 162.461) 248 (0 0 170.07) 42 (0 1 173.893) 46 (1 1 184.043) 246 (0 1 203.952) 242 (0 0 210) 121 (0 1 263) 321 (0 0 275.065) 47 (1 0 355.439) 5 (2 0 372.086) 205 (1 0 377.299) 40 (2 0 379.209) 247 (1 0 384.142) 240 (0 0 393) 41 (1 0 631) 241 (0 0 646.705) 424 (0 0 720) 

- route 5: 405 (0 0 190.983) 56 (1 0 191.913) 256 (0 0 199) 94 (1 0 213.397) 294 (0 0 219.336) 86 (0 1 222.268) 286 (0 0 232) 78 (1 0 338.055) 278 (0 0 343) 90 (1 0 382.879) 290 (0 0 385) 82 (1 0 399.943) 282 (0 0 404) 798 (1 0 422.64) 358 (0 0 425) 87 (0 1 447) 287 (0 0 460.097) 83 (1 0 528) 283 (0 0 532.169) 159 (1 0 536.181) 599 (0 0 539) 425 (0 0 720) 

- route 6: 406 (0 0 122.356) 780 (1 0 126.356) 340 (0 0 129.455) 58 (1 0 140.278) 258 (0 0 144) 70 (1 0 190.407) 510 (0 0 195) 728 (1 0 206.345) 288 (0 0 212.256) 89 (1 0 413.089) 529 (0 0 419) 711 (1 0 444.713) 72 (2 0 447.783) 271 (1 0 451.15) 272 (0 0 460.726) 51 (1 0 514.684) 491 (0 0 519) 73 (1 0 531.161) 273 (0 0 540.123) 91 (1 0 544) 291 (0 0 546.681) 426 (0 0 720) 

- route 7: 407 (0 0 151.364) 68 (0 1 154.474) 268 (0 0 188) 104 (1 0 263.513) 142 (2 0 264.98) 544 (1 0 268) 582 (0 0 269) 132 (1 0 397.344) 332 (0 0 399.842) 789 (1 0 401.087) 349 (0 0 404.78) 106 (1 0 421.423) 306 (0 0 423.231) 110 (0 1 426.69) 310 (0 0 434) 111 (0 1 515.873) 311 (0 0 523.183) 777 (1 0 529.648) 337 (0 0 534.547) 99 (0 1 541) 169 (0 2 552.391) 369 (0 1 569.702) 299 (0 0 594.668) 427 (0 0 720) 

- route 8: 408 (0 0 81.3044) 62 (1 0 83.4456) 184 (2 0 98.2902) 384 (1 0 103.69) 262 (0 0 118) 122 (0 1 132.17) 322 (0 0 150) 112 (1 0 277.102) 312 (0 0 284.608) 114 (1 0 292.661) 134 (1 1 294.18) 63 (2 1 298.684) 334 (2 0 301.457) 314 (1 0 329) 263 (0 0 340.64) 95 (1 0 346.412) 295 (0 0 352.351) 74 (0 1 355.084) 55 (1 1 363.082) 64 (2 1 364.734) 255 (1 1 372.542) 264 (0 1 376) 151 (0 2 388.989) 274 (0 1 395.181) 144 (0 2 422.582) 344 (0 1 428.842) 351 (0 0 443.885) 196 (1 0 487.303) 396 (0 0 496) 189 (0 1 520.405) 35 (0 2 531) 389 (0 1 536.787) 195 (1 1 540.138) 11 (2 1 545.039) 395 (1 1 548.735) 211 (0 1 573.354) 235 (0 0 578.74) 75 (0 1 637) 275 (0 0 677.097) 428 (0 0 720) 

- route 9: 409 (0 0 83.2157) 76 (1 0 88.4172) 516 (0 0 93) 690 (1 0 307.606) 250 (0 0 313.101) 717 (1 0 346.302) 277 (0 0 350.885) 117 (1 0 373) 96 (2 0 389.253) 296 (1 0 394.771) 317 (0 0 417.235) 765 (1 0 438.785) 325 (0 0 440.23) 53 (1 0 455) 253 (0 0 495.835) 81 (1 0 514) 281 (0 0 517.819) 691 (1 0 533.162) 251 (0 0 537.737) 27 (1 0 577.67) 467 (0 0 581) 85 (0 1 587) 285 (0 0 594.376) 429 (0 0 720) 

- route 10: 410 (0 0 74.9516) 140 (1 0 80.8387) 580 (0 0 85) 118 (1 0 128.058) 558 (0 0 133) 136 (1 0 266.856) 576 (0 0 271) 130 (1 0 299.898) 570 (0 0 305) 123 (0 1 366) 126 (1 1 375.623) 323 (1 0 388.821) 326 (0 0 400.038) 831 (1 0 403.019) 391 (0 0 405.861) 125 (1 0 412) 565 (0 0 415) 811 (1 0 492.356) 371 (0 0 495.941) 127 (1 0 542.021) 327 (0 0 562.537) 771 (1 0 566.974) 331 (0 0 571.271) 107 (1 0 592) 307 (0 0 594.213) 430 (0 0 720) 

- route 11: 411 (0 0 74.1076) 116 (1 0 78.2298) 92 (2 0 102.898) 532 (1 0 105) 316 (0 0 122.464) 54 (1 0 159.407) 254 (0 0 167.285) 66 (0 1 169.449) 266 (0 0 175) 52 (1 0 189.707) 60 (2 0 194.204) 88 (3 0 195.401) 528 (2 0 197) 141 (3 0 206.335) 252 (2 0 230.541) 260 (1 0 240) 146 (2 0 252.939) 341 (1 0 254.951) 185 (2 0 276.062) 385 (1 0 281.462) 50 (2 0 290.048) 346 (1 0 293.247) 490 (0 0 297) 80 (1 0 368.986) 280 (0 0 371.866) 67 (0 1 374.631) 267 (0 0 380.182) 84 (0 1 385.083) 284 (0 0 391) 666 (1 0 423.167) 226 (0 0 426.497) 147 (1 0 453.923) 135 (1 1 475.327) 335 (1 0 481.598) 347 (0 0 490.915) 133 (1 0 496) 333 (0 0 499.247) 431 (0 0 720) 

- route 12: 412 (0 0 192.754) 128 (0 1 194.328) 328 (0 0 205) 129 (0 1 375) 329 (0 0 388.546) 102 (0 1 392.397) 302 (0 0 400) 103 (0 1 620) 303 (0 0 629.905) 432 (0 0 720) 

- route 13: 413 (0 0 159.979) 138 (1 0 161.18) 578 (0 0 163.197) 120 (0 1 168.956) 320 (0 0 178) 148 (1 0 221.5) 588 (0 0 225) 108 (0 1 316.382) 308 (0 0 330) 109 (0 1 504.031) 113 (1 1 509.078) 313 (0 1 516.584) 309 (0 0 522.364) 745 (1 0 528.689) 783 (2 0 529.689) 343 (1 0 531.329) 305 (0 0 536.166) 433 (0 0 720) 

- route 14: 414 (0 0 247.362) 124 (1 0 251.555) 564 (0 0 253) 100 (1 0 328.874) 300 (0 0 336) 43 (0 1 342) 779 (1 1 349.433) 339 (0 1 351.45) 243 (0 0 378.507) 193 (1 0 387.323) 633 (0 0 389) 33 (1 0 394.601) 26 (2 0 398.635) 466 (1 0 401) 233 (0 0 404.026) 677 (1 0 435.053) 237 (0 0 437.342) 30 (1 0 464.687) 230 (0 0 469) 65 (1 0 532.918) 265 (0 0 542.852) 115 (1 0 545.29) 97 (2 0 551) 297 (1 0 558.778) 315 (0 0 587.344) 434 (0 0 720) 

- route 15: 415 (0 0 88.031) 172 (1 0 88.89) 372 (0 0 92.6096) 150 (0 1 94.0393) 8 (1 1 123.75) 208 (0 1 132) 350 (0 0 142) 758 (1 0 168.918) 318 (0 0 177.549) 9 (1 0 308.826) 10 (2 0 314.175) 209 (1 0 318.232) 770 (2 0 323.945) 330 (1 0 330) 210 (0 0 354.648) 158 (1 0 399.93) 598 (0 0 403) 164 (1 0 412.053) 194 (2 0 416.659) 364 (1 0 421) 394 (0 0 426.162) 175 (1 0 436) 375 (0 0 442.06) 186 (1 0 453.541) 386 (0 0 458) 662 (1 0 476.168) 222 (0 0 478.313) 161 (0 1 506) 361 (0 0 511.697) 23 (1 0 570.855) 463 (0 0 573) 165 (1 0 628) 365 (0 0 637.591) 435 (0 0 720) 

- route 16: 416 (0 0 159.748) 178 (0 1 161.112) 378 (0 0 169) 174 (1 0 212.626) 374 (0 0 217) 744 (1 0 298.874) 304 (0 0 303.576) 179 (0 1 360) 149 (1 1 368.877) 379 (1 0 370.332) 589 (0 0 375) 37 (1 0 396.368) 477 (0 0 399) 71 (1 0 414.798) 198 (1 1 417.228) 511 (0 1 421) 398 (0 0 442.22) 199 (0 1 545) 799 (1 1 559.65) 359 (0 1 563.932) 399 (0 0 569.992) 436 (0 0 720) 

- route 17: 417 (0 0 86.2033) 152 (1 0 90.7832) 352 (0 0 96) 716 (1 0 118.302) 276 (0 0 120.836) 192 (1 0 140.842) 632 (0 0 143) 166 (1 0 146.42) 366 (0 0 151) 778 (1 0 193.794) 338 (0 0 196.59) 156 (0 1 267.71) 356 (0 0 275) 154 (1 0 322.927) 354 (0 0 328) 155 (1 0 404) 355 (0 0 411.109) 157 (0 1 415.975) 357 (0 0 423.264) 833 (1 0 426.957) 393 (0 0 429.115) 137 (1 0 491.37) 577 (0 0 495) 177 (0 1 543.442) 45 (1 1 554.829) 485 (0 1 557) 377 (0 0 563.288) 197 (1 0 608) 187 (2 0 612.392) 387 (1 0 616.851) 397 (0 0 620.546) 437 (0 0 720) 

- route 18: 418 (0 0 156.392) 180 (1 0 158.707) 380 (0 0 161) 190 (1 0 200.158) 630 (0 0 203) 173 (1 0 214) 373 (0 0 219.079) 153 (1 0 229) 353 (0 0 236.325) 188 (0 1 251.061) 788 (1 1 255.466) 348 (0 1 257.403) 388 (0 0 268.688) 162 (1 0 343.803) 2 (2 0 366.595) 202 (1 0 370.28) 1 (2 0 372.559) 201 (1 0 377.248) 362 (0 0 388) 119 (1 0 422.326) 559 (0 0 431) 163 (1 0 592) 145 (1 1 626.064) 345 (1 0 632.324) 363 (0 0 643.722) 438 (0 0 720) 

- route 19: 419 (0 0 110.11) 660 (1 0 110.11) 220 (0 0 113.605) 21 (1 0 207.505) 461 (0 0 211) 710 (1 0 225.145) 270 (0 0 226.759) 181 (1 0 242) 381 (0 0 244.94) 170 (1 0 255.415) 610 (0 0 259) 764 (1 0 277.945) 324 (0 0 279.533) 182 (1 0 281.359) 382 (0 0 292.183) 676 (1 0 299.053) 236 (0 0 301.686) 776 (1 0 306.501) 336 (0 0 310.033) 139 (1 0 316.04) 77 (2 0 318.466) 579 (1 0 321) 517 (0 0 323) 167 (1 0 365) 367 (0 0 371.37) 183 (1 0 403) 176 (1 1 406.973) 383 (0 1 418.736) 376 (0 0 426.819) 105 (1 0 496.103) 545 (0 0 501) 439 (0 0 720) 


