Data DARP: datafile4.txt
Transfers: 1
Relative MRT: 1
MRT factor: 1.5
Speed factor PT : 1
PT interval: 10
Iterations: 25000
Iter without impr: 500
Max removal pct: 0.3
Max deterior pct: 0.04
Clustered removal: 0
IDARP adapted: 1
Without operator:  0
Terminals per node: 3
Priority non PT: 0
Priority PT: 0
Priority long: 0
Priority short: 0
Current iteration: 0
Total distance: 2919.3
Computation time: 0.233943
Average ride time: 20.8714
Pct PT users: 0.33
Users PT: 8 9 10 11 12 13 14 15 16 17 20 21 24 25 28 29 34 35 42 43 53 74 75 80 81 84 85 86 87 92 93 94 95 98 99 108 109 119 120 121 124 125 126 127 130 131 142 143 146 147 158 159 166 167 170 171 172 173 180 181 186 187 188 189 198 199 

- route 0: 400 (0 0 57.8587) 20 (1 0 59.7214) 460 (0 0 60.9352) 16 (1 0 63.9676) 456 (0 0 67) 720 (1 0 121.945) 280 (0 0 124) 81 (1 0 204.945) 521 (0 0 207) 22 (1 0 213.072) 222 (0 0 217.175) 18 (1 0 221.398) 218 (0 0 224) 4 (0 1 295.585) 204 (0 0 301) 19 (1 0 318) 219 (0 0 321.403) 766 (1 0 327.925) 326 (0 0 329.779) 0 (1 0 340.413) 200 (0 0 349.427) 30 (0 1 354.357) 230 (0 0 362) 67 (0 1 393.577) 42 (1 1 398.627) 482 (0 1 401) 715 (1 1 418.768) 275 (0 1 421.613) 267 (0 0 427.749) 47 (1 0 449.14) 127 (2 0 473) 247 (1 0 476.53) 567 (0 0 479) 93 (1 0 566.557) 533 (0 0 569) 420 (0 0 720) 

- route 1: 401 (0 0 149.089) 26 (0 1 151.427) 164 (1 1 179.143) 364 (0 1 186) 226 (0 0 194.633) 128 (1 0 223.127) 328 (0 0 225) 120 (1 0 272.462) 560 (0 0 275) 3 (0 1 316) 203 (0 0 337.35) 181 (1 0 399.128) 621 (0 0 401) 34 (1 0 420.205) 474 (0 0 423.231) 770 (1 0 424.231) 330 (0 0 429.067) 10 (1 0 456.904) 450 (0 0 459) 48 (0 1 474.129) 248 (0 0 481) 734 (1 0 492.467) 294 (0 0 495.449) 748 (1 0 511.205) 653 (2 0 512.205) 308 (1 0 514.929) 213 (0 0 521.716) 109 (1 0 586.197) 549 (0 0 588.92) 31 (0 1 593) 231 (0 0 602.965) 49 (0 1 640) 249 (0 0 648.806) 421 (0 0 720) 

- route 2: 402 (0 0 121.179) 40 (1 0 123.527) 240 (0 0 130) 820 (1 0 182.724) 380 (0 0 184.596) 2 (0 1 214.628) 202 (0 0 229.861) 12 (1 0 243.253) 452 (0 0 247) 41 (1 0 256) 241 (0 0 265.21) 125 (1 0 284.899) 565 (0 0 287) 46 (1 0 294.331) 154 (2 0 321.769) 354 (1 0 329) 246 (0 0 331.361) 27 (0 1 368) 227 (0 0 411.206) 199 (1 0 438.226) 639 (0 0 441) 1 (1 0 452.773) 201 (0 0 461.787) 648 (1 0 472.48) 208 (0 0 476.012) 665 (1 0 478.962) 225 (0 0 481.576) 83 (0 1 490.2) 149 (1 1 514.663) 283 (1 0 517.411) 349 (0 0 549.422) 153 (1 0 567) 9 (2 0 574.05) 449 (1 0 577) 353 (0 0 602.234) 95 (1 0 634.019) 535 (0 0 637) 651 (1 0 663.265) 211 (0 0 666.433) 422 (0 0 720) 

- route 3: 403 (0 0 67.2836) 44 (0 1 69.5775) 244 (0 0 92) 62 (1 0 238.197) 262 (0 0 244) 58 (0 1 288.697) 732 (1 1 310.053) 292 (0 1 312.496) 258 (0 0 324.136) 28 (1 0 330.361) 468 (0 0 332.662) 14 (1 0 334.831) 454 (0 0 337) 657 (1 0 358.784) 217 (0 0 361.817) 8 (1 0 459.13) 448 (0 0 465) 23 (1 0 479) 223 (0 0 484.655) 32 (1 0 522.655) 232 (0 0 526) 5 (0 1 554) 205 (0 0 560.622) 131 (1 0 571) 571 (0 0 577) 655 (1 0 578.251) 215 (0 0 580.42) 683 (1 0 585.685) 243 (0 0 588.058) 33 (1 0 613) 233 (0 0 617.517) 669 (1 0 633.343) 229 (0 0 635.644) 423 (0 0 720) 

- route 4: 404 (0 0 171.213) 764 (1 0 171.213) 324 (0 0 173.711) 82 (0 1 209.006) 24 (1 1 228.745) 464 (0 1 231) 282 (0 0 242.216) 838 (1 0 352.401) 398 (0 0 355.175) 661 (1 0 375.134) 221 (0 0 376.348) 59 (0 1 429) 259 (0 0 465.253) 103 (1 0 518) 303 (0 0 553.478) 649 (1 0 586.316) 209 (0 0 592.186) 675 (1 0 632.183) 235 (0 0 634.228) 424 (0 0 720) 

- route 5: 405 (0 0 58.9289) 132 (1 0 82.2025) 332 (0 0 99) 36 (1 0 108.531) 236 (0 0 130.796) 90 (0 1 136.236) 100 (0 2 165.892) 300 (0 1 178) 290 (0 0 188.16) 160 (1 0 225.161) 96 (1 1 239.464) 296 (1 0 249.278) 360 (0 0 275) 102 (1 0 297.015) 302 (0 0 321) 72 (0 1 330.712) 272 (0 0 338) 173 (1 0 346.256) 70 (2 0 348.06) 613 (1 0 351) 270 (0 0 354.402) 89 (1 0 400.473) 289 (0 0 402.986) 7 (0 1 405.76) 207 (0 0 421.797) 73 (0 1 437) 273 (0 0 446.431) 63 (1 0 460.135) 263 (0 0 465.938) 94 (1 0 471.214) 534 (0 0 473) 693 (1 0 479.229) 253 (0 0 481.736) 97 (0 1 501) 297 (0 0 514.221) 77 (1 0 537) 277 (0 0 545.804) 57 (1 0 618) 257 (0 0 624.759) 727 (1 0 644.938) 287 (0 0 647.186) 425 (0 0 720) 

- route 6: 406 (0 0 91.085) 660 (1 0 91.085) 220 (0 0 94.1153) 74 (1 0 191.321) 52 (2 0 194.492) 514 (1 0 197) 798 (2 0 200.173) 358 (1 0 203.198) 252 (0 0 210.509) 721 (1 0 243.992) 281 (0 0 248.265) 92 (1 0 281.167) 532 (0 0 285) 760 (1 0 306.082) 320 (0 0 309.222) 161 (1 0 350.098) 86 (2 0 373.283) 526 (1 0 377) 78 (2 0 381.632) 278 (1 0 384.418) 64 (2 0 388.825) 361 (1 0 402.159) 264 (0 0 432.319) 91 (0 1 455.598) 144 (1 1 461.689) 344 (0 1 486) 187 (1 1 497.943) 627 (0 1 499.937) 291 (0 0 507.522) 79 (1 0 591) 279 (0 0 594.679) 426 (0 0 720) 

- route 7: 407 (0 0 86.7842) 656 (1 0 88.7842) 216 (0 0 91.7183) 60 (1 0 139.345) 260 (0 0 147) 98 (1 0 168.746) 538 (0 0 171) 88 (1 0 185.487) 288 (0 0 188) 38 (0 1 205.755) 238 (0 0 226) 39 (0 1 305.601) 239 (0 0 325.845) 107 (1 0 344) 307 (0 0 379.873) 167 (1 0 389.499) 607 (0 0 395) 101 (0 1 413.396) 301 (0 0 425.504) 68 (1 0 439.713) 168 (2 0 455.951) 268 (1 0 457.661) 368 (0 0 460.078) 51 (0 1 465) 179 (1 1 473) 379 (0 1 479.774) 251 (0 0 494.855) 733 (1 0 594.053) 293 (0 0 597.887) 735 (1 0 656.467) 295 (0 0 658.253) 427 (0 0 720) 

- route 8: 408 (0 0 75.8636) 80 (1 0 84.288) 520 (0 0 89) 812 (1 0 104.438) 372 (0 0 107.086) 66 (0 1 145.599) 84 (1 1 154.105) 524 (0 1 157) 266 (0 0 177) 6 (0 1 217.353) 206 (0 0 233.389) 45 (0 1 238.063) 37 (1 1 244.335) 245 (1 0 263.101) 237 (0 0 272.814) 61 (1 0 295) 261 (0 0 305.983) 21 (1 0 341.954) 461 (0 0 343) 76 (1 0 378.248) 56 (2 0 384.729) 276 (1 0 387) 256 (0 0 391.488) 159 (1 0 432.68) 599 (0 0 435.705) 739 (1 0 438.705) 299 (0 0 440.959) 25 (1 0 454.772) 465 (0 0 456.441) 53 (1 0 465.72) 493 (0 0 468.998) 175 (0 1 476) 13 (1 1 487.604) 453 (0 1 489) 375 (0 0 524.204) 43 (1 0 532.508) 483 (0 0 539) 69 (1 0 549) 269 (0 0 572.365) 71 (1 0 595) 271 (0 0 601.342) 428 (0 0 720) 

- route 9: 409 (0 0 252.33) 664 (1 0 252.33) 224 (0 0 254) 652 (1 0 274.604) 212 (0 0 276) 17 (1 0 334.066) 457 (0 0 337) 725 (1 0 348.893) 285 (0 0 351.788) 828 (1 0 437.774) 388 (0 0 443.253) 189 (1 0 554) 629 (0 0 563) 429 (0 0 720) 

- route 10: 410 (0 0 81.4363) 106 (1 0 86.9738) 306 (0 0 111.222) 122 (1 0 129.628) 322 (0 0 138.18) 806 (1 0 146.42) 366 (0 0 151.921) 133 (1 0 210) 333 (0 0 228.357) 123 (1 0 237) 323 (0 0 249.327) 810 (1 0 264.205) 370 (0 0 267) 134 (1 0 313.12) 118 (2 0 318.615) 334 (1 0 325) 318 (0 0 345) 787 (1 0 358.924) 347 (0 0 360.686) 130 (1 0 395.113) 570 (0 0 399) 674 (1 0 453.101) 234 (0 0 456.677) 108 (1 0 485.48) 548 (0 0 489) 115 (0 1 494.561) 767 (1 1 500.732) 315 (1 0 502.239) 327 (0 0 505.852) 759 (1 0 517.378) 319 (0 0 520.491) 117 (0 1 527) 317 (0 0 538.85) 111 (0 1 550.923) 311 (0 0 561.022) 135 (1 0 568.653) 335 (0 0 578.431) 761 (1 0 586.082) 321 (0 0 588.62) 35 (1 0 597.756) 29 (2 0 599) 475 (1 0 603) 469 (0 0 607) 749 (1 0 614.109) 309 (0 0 615.646) 430 (0 0 720) 

- route 11: 411 (0 0 101.721) 140 (0 1 102.232) 340 (0 0 123.79) 124 (1 0 144.659) 564 (0 0 147) 136 (0 1 194.902) 336 (0 0 207) 116 (0 1 295.225) 316 (0 0 307) 104 (0 1 326.54) 304 (0 0 336.723) 110 (0 1 344.902) 310 (0 0 355) 668 (1 0 363.373) 228 (0 0 367.005) 142 (1 0 375.259) 582 (0 0 377) 113 (1 0 392.377) 313 (0 0 398.212) 171 (1 0 405.569) 611 (0 0 409) 138 (0 1 411.996) 338 (0 0 418) 55 (0 1 492) 139 (0 2 497.337) 339 (0 1 503.34) 65 (1 1 510.715) 255 (1 0 536.384) 265 (0 0 554.21) 145 (1 0 583.311) 771 (2 0 602.827) 331 (1 0 604.955) 345 (0 0 619.277) 783 (1 0 668.23) 343 (0 0 669.97) 431 (0 0 720) 

- route 12: 412 (0 0 210.705) 738 (1 0 214.705) 298 (0 0 220.11) 126 (1 0 297.261) 566 (0 0 299) 765 (1 0 312.053) 325 (0 0 313.952) 137 (0 1 327) 337 (0 0 343.648) 114 (0 1 396.343) 314 (0 0 403) 119 (1 0 492.753) 559 (0 0 501) 432 (0 0 720) 

- route 13: 413 (0 0 178.383) 112 (1 0 184.238) 312 (0 0 190.074) 146 (1 0 195.238) 586 (0 0 197) 148 (1 0 236.888) 348 (0 0 268.608) 54 (0 1 276.411) 254 (0 0 307) 141 (0 1 345) 129 (1 1 369) 329 (0 1 371.31) 341 (0 0 375.837) 99 (1 0 389.595) 539 (0 0 395) 105 (0 1 451) 305 (0 0 464.775) 433 (0 0 720) 

- route 14: 414 (0 0 720) 434 (0 0 720) 

- route 15: 415 (0 0 126.107) 196 (1 0 129.713) 156 (2 0 135.399) 396 (1 0 136.912) 356 (0 0 142.219) 190 (0 1 150.286) 390 (0 0 156) 724 (1 0 178.893) 284 (0 0 181.629) 714 (1 0 222.64) 274 (0 0 224.901) 150 (1 0 263.747) 350 (0 0 269) 191 (0 1 285.554) 391 (0 0 291.268) 50 (0 1 310.041) 250 (0 0 330.945) 197 (1 0 338) 397 (0 0 345.586) 186 (1 0 370.114) 626 (0 0 375) 188 (1 0 401.773) 195 (2 0 404.741) 628 (1 0 408.107) 726 (2 0 409.107) 286 (1 0 410.468) 395 (0 0 416.071) 165 (1 0 426) 365 (0 0 434.245) 821 (1 0 438.724) 381 (0 0 441.274) 682 (1 0 447.685) 242 (0 0 454.177) 799 (1 0 464.168) 359 (0 0 468.684) 839 (1 0 483.905) 399 (0 0 488.428) 650 (1 0 502.337) 210 (0 0 503.955) 827 (1 0 525.378) 387 (0 0 530.508) 829 (1 0 593.489) 389 (0 0 595.48) 11 (1 0 619.382) 451 (0 0 621) 169 (1 0 636.237) 143 (2 0 639) 369 (1 0 640.372) 583 (0 0 645) 435 (0 0 720) 

- route 16: 416 (0 0 126.822) 166 (1 0 130.058) 606 (0 0 133) 180 (1 0 142.45) 620 (0 0 145) 194 (1 0 154.113) 394 (0 0 162) 158 (1 0 170.921) 598 (0 0 175) 170 (1 0 228.465) 610 (0 0 237) 185 (1 0 248) 385 (0 0 261.605) 178 (1 0 278.746) 378 (0 0 284) 182 (1 0 312.258) 382 (0 0 317) 162 (0 1 358.919) 362 (0 0 365.316) 176 (1 0 370.049) 376 (0 0 373.22) 192 (1 0 378.011) 392 (0 0 387) 193 (1 0 533) 393 (0 0 545.511) 121 (1 0 551.86) 561 (0 0 555) 163 (0 1 570) 363 (0 0 578.095) 87 (1 0 610) 527 (0 0 619) 436 (0 0 720) 

- route 17: 417 (0 0 224.99) 786 (1 0 224.99) 346 (0 0 227.924) 198 (1 0 304.973) 638 (0 0 309) 157 (1 0 318.374) 357 (0 0 324.163) 147 (1 0 328) 587 (0 0 335) 813 (1 0 373.238) 373 (0 0 375.131) 654 (1 0 380.251) 214 (0 0 382.932) 75 (1 0 389.833) 515 (0 0 392.094) 151 (1 0 396.371) 782 (2 0 400.648) 351 (1 0 403.45) 342 (0 0 406) 807 (1 0 408.42) 367 (0 0 411.362) 811 (1 0 438.211) 371 (0 0 446.746) 183 (1 0 525.165) 383 (0 0 529.908) 15 (1 0 532.319) 455 (0 0 535) 437 (0 0 720) 

- route 18: 418 (0 0 77.3176) 172 (1 0 78.2107) 612 (0 0 81) 184 (1 0 95.5964) 384 (0 0 105) 174 (0 1 311.023) 85 (1 1 324.264) 525 (0 1 327) 374 (0 0 359.227) 826 (1 0 400.685) 386 (0 0 402.678) 152 (1 0 435.246) 155 (2 0 438.192) 355 (1 0 445.423) 352 (0 0 470.008) 177 (1 0 494) 377 (0 0 498.256) 438 (0 0 720) 

- route 19: 419 (0 0 720) 439 (0 0 720) 


Data DARP: datafile4.txt
Transfers: 1
Relative MRT: 1
MRT factor: 1.5
Speed factor PT : 1
PT interval: 10
Iterations: 25000
Iter without impr: 500
Max removal pct: 0.3
Max deterior pct: 0.04
Clustered removal: 0
IDARP adapted: 1
Without operator:  0
Terminals per node: 3
Priority non PT: 0
Priority PT: 0
Priority long: 0
Priority short: 0
Current iteration: 5000
Total distance: 2188.29
Computation time: 1191.85
Average ride time: 21.0742
Pct PT users: 0.31
Users PT: 8 9 10 11 12 13 14 15 17 20 21 24 25 28 29 34 35 42 43 52 53 74 75 80 81 84 86 87 92 94 95 99 108 109 119 120 121 124 125 126 127 130 131 142 143 146 147 158 159 166 167 170 171 172 173 180 181 186 188 189 198 199 

- route 0: 400 (0 0 121.179) 40 (1 0 123.527) 240 (0 0 130) 41 (1 0 256) 241 (0 0 265.21) 46 (1 0 294.331) 154 (2 0 321.769) 354 (1 0 329) 246 (0 0 331.361) 192 (1 0 373.438) 813 (2 0 378.865) 373 (1 0 381.131) 392 (0 0 386.421) 75 (1 0 392.739) 515 (0 0 395) 726 (1 0 405.704) 286 (0 0 407.065) 165 (1 0 426) 365 (0 0 435.786) 155 (1 0 446) 355 (0 0 456.346) 193 (1 0 533) 69 (2 0 540.648) 393 (1 0 545.983) 269 (0 0 564.013) 9 (1 0 574.05) 449 (0 0 577) 31 (0 1 593) 231 (0 0 602.965) 675 (1 0 630.801) 669 (2 0 631.801) 235 (1 0 633.846) 229 (0 0 635.644) 420 (0 0 720) 

- route 1: 401 (0 0 62.9466) 44 (0 1 65.2405) 16 (1 1 70.1032) 216 (0 1 88.937) 244 (0 0 92) 90 (0 1 163.932) 98 (1 1 173.835) 88 (2 1 175.261) 288 (1 1 177.774) 290 (1 0 203) 128 (2 0 214.199) 328 (1 0 216.072) 298 (0 0 225.199) 810 (1 0 262.953) 370 (0 0 265.642) 126 (1 0 297.261) 566 (0 0 299) 765 (1 0 303.656) 325 (0 0 305.555) 134 (1 0 313.12) 118 (2 0 318.615) 334 (1 0 325) 318 (0 0 345) 119 (1 0 501.181) 559 (0 0 509) 748 (1 0 515.958) 653 (2 0 516.958) 213 (1 0 519.932) 308 (0 0 521.957) 109 (1 0 600) 549 (0 0 603) 95 (1 0 634.019) 535 (0 0 637) 49 (0 1 640) 249 (0 0 648.806) 651 (1 0 663.99) 211 (0 0 667.157) 421 (0 0 720) 

- route 2: 402 (0 0 161.213) 764 (1 0 161.213) 324 (0 0 163.711) 26 (0 1 168.196) 226 (0 0 198) 27 (0 1 363.875) 167 (1 1 379.499) 607 (0 1 385) 227 (0 0 407.081) 199 (1 0 438.226) 639 (0 0 441) 648 (1 0 473.733) 208 (0 0 477.266) 665 (1 0 483.215) 225 (0 0 485.469) 32 (1 0 522.655) 232 (0 0 526) 683 (1 0 594.177) 243 (0 0 596.55) 33 (1 0 613) 233 (0 0 617.517) 422 (0 0 720) 

- route 3: 403 (0 0 180.724) 820 (1 0 182.724) 380 (0 0 184.596) 38 (0 1 205.755) 238 (0 0 226) 39 (0 1 302.403) 239 (0 0 322.648) 766 (1 0 327.873) 326 (0 0 330.113) 838 (1 0 352.401) 398 (0 0 355.175) 42 (1 0 395.924) 482 (0 0 399) 181 (1 0 409) 621 (0 0 411) 10 (1 0 456.904) 450 (0 0 459) 655 (1 0 581.842) 215 (0 0 584.42) 423 (0 0 720) 

- route 4: 404 (0 0 63.9235) 20 (1 0 65.7862) 460 (0 0 67) 720 (1 0 121.945) 280 (0 0 124) 81 (1 0 204.945) 521 (0 0 207) 4 (0 1 295.585) 204 (0 0 301) 657 (1 0 358.784) 217 (0 0 361.817) 661 (1 0 368.669) 221 (0 0 369.883) 770 (1 0 428.221) 330 (0 0 433.058) 8 (1 0 459.13) 448 (0 0 465) 5 (0 1 554) 205 (0 0 560.622) 131 (1 0 571) 571 (0 0 575) 649 (1 0 586.316) 209 (0 0 592.186) 424 (0 0 720) 

- route 5: 405 (0 0 196.982) 74 (1 0 197.491) 514 (0 0 199) 798 (1 0 211.159) 358 (0 0 214.184) 62 (1 0 238.197) 262 (0 0 244) 58 (0 1 283.918) 19 (1 1 306.033) 219 (0 1 308.635) 732 (1 1 310.053) 292 (0 1 312.496) 258 (0 0 320.171) 59 (0 1 418.524) 34 (1 1 423.974) 474 (0 1 427) 259 (0 0 454.777) 63 (1 0 472) 263 (0 0 480.204) 13 (1 0 487.604) 453 (0 0 489) 77 (1 0 537) 277 (0 0 545.804) 57 (1 0 618) 257 (0 0 624.759) 425 (0 0 720) 

- route 6: 406 (0 0 163.893) 84 (1 0 164.848) 524 (0 0 167) 50 (0 1 291.421) 760 (1 1 306.082) 320 (0 1 309.222) 250 (0 0 321.276) 654 (1 0 392.73) 214 (0 0 394.523) 151 (1 0 408) 195 (2 0 410.851) 351 (1 0 415.38) 395 (0 0 422.18) 47 (1 0 442.805) 152 (2 0 445.447) 352 (1 0 469.27) 127 (2 0 472.725) 247 (1 0 475.173) 567 (0 0 477) 734 (1 0 492.365) 294 (0 0 496.557) 83 (0 1 499) 283 (0 0 532.21) 727 (1 0 644.938) 287 (0 0 647.186) 426 (0 0 720) 

- route 7: 407 (0 0 91.2876) 812 (1 0 91.2876) 372 (0 0 93.6095) 660 (1 0 99.134) 220 (0 0 100.18) 66 (0 1 149.126) 266 (0 0 177) 18 (1 0 207.289) 218 (0 0 209.891) 22 (1 0 211.512) 222 (0 0 215.615) 2 (0 1 217.766) 202 (0 0 233) 3 (0 1 316) 203 (0 0 337.35) 161 (1 0 352.043) 30 (1 1 353.938) 230 (1 0 361.582) 78 (2 0 382.214) 278 (1 0 385) 64 (2 0 390.77) 361 (1 0 404.104) 264 (0 0 434.264) 105 (0 1 451) 305 (0 0 464.775) 55 (0 1 492) 139 (0 2 497.337) 339 (0 1 503.34) 65 (1 1 510.715) 255 (1 0 536.384) 265 (0 0 554.21) 79 (1 0 588.801) 279 (0 0 591.587) 71 (1 0 595) 271 (0 0 601.342) 427 (0 0 720) 

- route 8: 408 (0 0 136.73) 60 (1 0 139.345) 260 (0 0 147) 160 (1 0 215.659) 45 (1 1 232.732) 37 (2 1 239.005) 245 (2 0 257.77) 360 (1 0 265.962) 237 (0 0 271.157) 125 (1 0 276.502) 565 (0 0 279) 28 (1 0 341.952) 468 (0 0 344.252) 14 (1 0 346.422) 454 (0 0 349) 67 (0 1 402.525) 715 (1 1 423.474) 275 (0 1 426.319) 159 (1 1 433) 599 (0 1 437) 267 (0 0 441.969) 828 (1 0 446.312) 388 (0 0 451.791) 53 (1 0 455.72) 493 (0 0 457) 189 (1 0 547.521) 629 (0 0 553) 428 (0 0 720) 

- route 9: 409 (0 0 74.3022) 80 (1 0 82.7266) 520 (0 0 87) 692 (1 0 209.229) 252 (0 0 210.509) 721 (1 0 241.544) 281 (0 0 245.817) 96 (0 1 250.186) 296 (0 0 260) 17 (1 0 334.066) 457 (0 0 337) 739 (1 0 438.705) 299 (0 0 440.959) 94 (1 0 475.214) 534 (0 0 477) 735 (1 0 656.467) 295 (0 0 658.253) 429 (0 0 720) 

- route 10: 410 (0 0 183.827) 136 (0 1 187.633) 146 (1 1 195.238) 586 (0 1 197) 336 (0 0 204.281) 120 (1 0 272.462) 560 (0 0 275) 116 (0 1 295.225) 316 (0 0 307) 137 (0 1 327) 337 (0 0 343.648) 668 (1 0 376.879) 228 (0 0 378.596) 99 (1 0 389.595) 539 (0 0 395) 674 (1 0 455.565) 234 (0 0 458) 108 (1 0 492.508) 548 (0 0 495) 759 (1 0 525.806) 319 (0 0 528.919) 111 (0 1 551) 311 (0 0 564.647) 135 (1 0 576) 335 (0 0 590.168) 35 (1 0 597.756) 29 (2 0 599) 469 (1 0 602) 475 (0 0 603) 749 (1 0 627.912) 309 (0 0 629.449) 430 (0 0 720) 

- route 11: 411 (0 0 129.665) 122 (1 0 136.449) 322 (0 0 145) 164 (1 0 179.143) 364 (0 0 186) 714 (1 0 223.99) 786 (2 0 224.99) 346 (1 0 227.924) 274 (0 0 231.07) 150 (1 0 263.747) 350 (0 0 269) 198 (1 0 304.973) 638 (0 0 309) 186 (1 0 374.318) 626 (0 0 379) 811 (1 0 440.847) 371 (0 0 449.382) 51 (0 1 465) 179 (1 1 473) 379 (0 1 479.774) 251 (0 0 494.855) 145 (1 0 583.311) 771 (2 0 602.827) 331 (1 0 604.955) 345 (0 0 619.277) 431 (0 0 720) 

- route 12: 412 (0 0 133.76) 124 (1 0 134.659) 564 (0 0 137) 806 (1 0 144.171) 366 (0 0 149.611) 100 (0 1 165.892) 300 (0 0 178) 112 (1 0 199.165) 312 (0 0 205) 148 (1 0 214.172) 6 (1 1 229.964) 206 (1 0 246) 664 (2 0 252.33) 224 (1 0 254) 348 (0 0 261.252) 652 (1 0 271.545) 212 (0 0 272.941) 54 (0 1 276.411) 254 (0 0 307) 104 (0 1 326.54) 304 (0 0 336.723) 110 (0 1 344.902) 310 (0 0 355) 142 (1 0 375.259) 582 (0 0 377) 101 (0 1 402.416) 171 (1 1 408.205) 611 (0 1 411) 301 (0 0 419.079) 144 (1 0 448.432) 91 (1 1 452.524) 344 (0 1 476.776) 97 (0 2 486.91) 297 (0 1 496.724) 291 (0 0 504.21) 149 (1 0 510.883) 103 (2 0 518) 303 (1 0 553.478) 349 (0 0 557.963) 432 (0 0 720) 

- route 13: 413 (0 0 96.6701) 140 (0 1 97.1815) 36 (1 1 115.477) 340 (1 0 119.964) 236 (0 0 142) 52 (1 0 194.492) 492 (0 0 197) 82 (0 1 209.006) 24 (1 1 228.745) 464 (0 1 231) 282 (0 0 238.366) 12 (1 0 243.253) 452 (0 0 247) 141 (0 1 339.534) 787 (1 1 358.924) 347 (0 1 360.686) 129 (1 1 366.581) 329 (0 1 368.455) 341 (0 0 370.371) 114 (0 1 386.628) 314 (0 0 393.285) 113 (1 0 399) 313 (0 0 407.253) 117 (0 1 527) 317 (0 0 543.163) 761 (1 0 586.082) 321 (0 0 588.62) 783 (1 0 668.23) 343 (0 0 669.97) 433 (0 0 720) 

- route 14: 414 (0 0 82.214) 106 (1 0 87.7515) 306 (0 0 112) 92 (1 0 281.167) 532 (0 0 285) 61 (1 0 295) 261 (0 0 305.983) 21 (1 0 335.489) 461 (0 0 336.535) 107 (1 0 344) 307 (0 0 379.873) 130 (1 0 399.103) 570 (0 0 401) 138 (0 1 411.996) 338 (0 0 418) 115 (0 1 494.286) 767 (1 1 500.457) 315 (1 0 501.964) 327 (0 0 505.577) 434 (0 0 720) 

- route 15: 415 (0 0 90.978) 184 (1 0 95.5964) 384 (0 0 105) 170 (1 0 224.465) 610 (0 0 233) 185 (1 0 248) 385 (0 0 261.605) 178 (1 0 278.746) 378 (0 0 284) 162 (0 1 369.699) 362 (0 0 376.096) 176 (1 0 380.829) 376 (0 0 384) 807 (1 0 398.215) 367 (0 0 401.157) 782 (1 0 404.099) 342 (0 0 406) 821 (1 0 448.596) 381 (0 0 451.145) 183 (1 0 529.165) 383 (0 0 533.908) 15 (1 0 536.319) 455 (0 0 539) 435 (0 0 720) 

- route 16: 416 (0 0 147.027) 190 (0 1 150.286) 390 (0 0 156) 191 (0 1 297) 391 (0 0 304.071) 182 (1 0 312.258) 382 (0 0 317) 147 (1 0 328) 587 (0 0 335) 197 (1 0 338) 397 (0 0 345.586) 188 (1 0 412.658) 628 (0 0 415) 682 (1 0 444.982) 242 (0 0 451.474) 799 (1 0 464.926) 359 (0 0 469.004) 839 (1 0 484.401) 399 (0 0 488.428) 650 (1 0 502.337) 210 (0 0 503.955) 11 (1 0 620.106) 451 (0 0 623) 436 (0 0 720) 

- route 17: 417 (0 0 123.022) 196 (1 0 126.629) 156 (2 0 132.314) 396 (1 0 133.827) 356 (0 0 139.134) 180 (1 0 142.45) 620 (0 0 145) 724 (1 0 188.489) 284 (0 0 191) 123 (1 0 237) 323 (0 0 249.327) 0 (1 0 340.986) 200 (0 0 350) 1 (1 0 448.939) 201 (0 0 457.953) 48 (0 1 466.101) 248 (0 0 472.972) 23 (1 0 479) 223 (0 0 484.655) 93 (1 0 561.928) 153 (2 0 567) 293 (1 0 590.47) 353 (0 0 602.234) 169 (1 0 636.237) 143 (2 0 639) 369 (1 0 640.372) 583 (0 0 645) 437 (0 0 720) 

- route 18: 418 (0 0 124.512) 166 (1 0 127.748) 606 (0 0 131) 194 (1 0 154.113) 394 (0 0 162) 158 (1 0 178.18) 598 (0 0 183) 174 (0 1 313.141) 157 (1 1 322.69) 357 (0 1 328.48) 85 (1 1 331) 285 (0 1 356.911) 374 (0 0 361.345) 86 (1 0 369.879) 526 (0 0 372.127) 76 (1 0 378.248) 56 (2 0 384.729) 276 (1 0 387) 256 (0 0 391.488) 7 (0 1 398.125) 826 (1 1 403.007) 386 (0 1 405) 207 (0 0 420.679) 68 (1 0 446.635) 168 (2 0 462.874) 268 (1 0 464.583) 368 (0 0 467) 177 (1 0 494) 377 (0 0 498.256) 121 (1 0 551.86) 561 (0 0 555) 163 (0 1 570) 363 (0 0 578.095) 87 (1 0 610) 527 (0 0 619) 438 (0 0 720) 

- route 19: 419 (0 0 63.8414) 172 (1 0 64.7345) 612 (0 0 67) 132 (1 0 82.2025) 332 (0 0 99) 133 (1 0 210) 333 (0 0 234.696) 102 (1 0 297.015) 302 (0 0 321) 72 (0 1 330.712) 272 (0 0 338) 173 (1 0 352.256) 70 (2 0 354.06) 613 (1 0 357) 270 (0 0 360.402) 89 (1 0 407) 289 (0 0 410.269) 73 (0 1 437) 273 (0 0 446.431) 25 (1 0 458.666) 465 (0 0 461) 693 (1 0 469.229) 253 (0 0 471.737) 175 (0 1 476) 187 (1 1 497.18) 387 (0 1 519.222) 375 (0 0 524.204) 43 (1 0 541) 483 (0 0 549) 829 (1 0 586.659) 389 (0 0 589.001) 439 (0 0 720) 


Data DARP: datafile4.txt
Transfers: 1
Relative MRT: 1
MRT factor: 1.5
Speed factor PT : 1
PT interval: 10
Iterations: 25000
Iter without impr: 500
Max removal pct: 0.3
Max deterior pct: 0.04
Clustered removal: 0
IDARP adapted: 1
Without operator:  0
Terminals per node: 3
Priority non PT: 0
Priority PT: 0
Priority long: 0
Priority short: 0
Current iteration: 10000
Total distance: 2181.03
Computation time: 2377.64
Average ride time: 21.0288
Pct PT users: 0.31
Users PT: 8 9 10 11 12 13 14 15 17 20 21 24 25 28 29 34 35 42 43 52 53 74 75 80 81 84 86 87 92 94 95 99 108 109 119 120 121 124 125 126 127 130 131 142 143 146 147 158 159 166 167 170 171 172 173 180 181 186 188 189 198 199 

- route 0: 400 (0 0 121.179) 40 (1 0 123.527) 240 (0 0 130) 41 (1 0 256) 241 (0 0 265.21) 125 (1 0 274.899) 565 (0 0 277) 46 (1 0 317.98) 246 (0 0 343) 192 (1 0 378.011) 392 (0 0 387) 75 (1 0 398.518) 195 (2 0 401.338) 515 (1 0 404.704) 726 (2 0 405.704) 286 (1 0 407.065) 395 (0 0 412.668) 155 (1 0 446) 355 (0 0 456.346) 193 (1 0 533) 69 (2 0 540.648) 393 (1 0 545.983) 269 (0 0 564.013) 9 (1 0 574.05) 449 (0 0 577) 31 (0 1 593) 231 (0 0 602.965) 675 (1 0 630.801) 669 (2 0 631.801) 235 (1 0 633.846) 229 (0 0 635.644) 420 (0 0 720) 

- route 1: 401 (0 0 62.9466) 44 (0 1 65.2405) 16 (1 1 70.1032) 216 (0 1 88.937) 244 (0 0 92) 90 (0 1 163.932) 98 (1 1 173.835) 88 (2 1 175.261) 288 (1 1 177.774) 290 (1 0 203) 128 (2 0 214.199) 328 (1 0 216.072) 298 (0 0 225.199) 810 (1 0 262.953) 370 (0 0 265.642) 126 (1 0 297.261) 566 (0 0 299) 765 (1 0 302.053) 325 (0 0 303.952) 134 (1 0 313.12) 118 (2 0 318.615) 334 (1 0 325) 318 (0 0 345) 119 (1 0 501.181) 559 (0 0 509) 748 (1 0 515.958) 653 (2 0 516.958) 213 (1 0 519.932) 308 (0 0 521.957) 109 (1 0 600) 549 (0 0 603) 95 (1 0 634.019) 535 (0 0 637) 49 (0 1 640) 249 (0 0 648.806) 651 (1 0 663.99) 211 (0 0 667.157) 421 (0 0 720) 

- route 2: 402 (0 0 63.9235) 20 (1 0 65.7862) 460 (0 0 67) 720 (1 0 121.945) 280 (0 0 124) 81 (1 0 204.945) 521 (0 0 207) 4 (0 1 295.585) 204 (0 0 301) 19 (1 0 318) 219 (0 0 321.403) 28 (1 0 340.361) 468 (0 0 342.662) 14 (1 0 344.831) 454 (0 0 347) 657 (1 0 358.708) 217 (0 0 361.74) 661 (1 0 375.134) 221 (0 0 376.348) 770 (1 0 423.402) 330 (0 0 428.239) 8 (1 0 457.686) 448 (0 0 463) 131 (1 0 571) 571 (0 0 575) 649 (1 0 586.316) 209 (0 0 592.186) 422 (0 0 720) 

- route 3: 403 (0 0 180.724) 820 (1 0 182.724) 380 (0 0 184.596) 38 (0 1 205.755) 238 (0 0 226) 39 (0 1 302.403) 239 (0 0 322.648) 766 (1 0 327.873) 326 (0 0 330.113) 838 (1 0 344.407) 398 (0 0 347.736) 42 (1 0 395.924) 482 (0 0 399) 10 (1 0 456.904) 450 (0 0 459) 423 (0 0 720) 

- route 4: 404 (0 0 161.213) 764 (1 0 161.213) 324 (0 0 163.711) 26 (0 1 168.196) 226 (0 0 198) 27 (0 1 363.875) 167 (1 1 379.499) 607 (0 1 385) 227 (0 0 407.081) 199 (1 0 438.226) 639 (0 0 441) 127 (1 0 473) 567 (0 0 477) 665 (1 0 483.215) 225 (0 0 485.469) 32 (1 0 522.655) 232 (0 0 526) 5 (0 1 554) 205 (0 0 560.622) 655 (1 0 578.251) 215 (0 0 580.42) 683 (1 0 590.982) 243 (0 0 594.058) 33 (1 0 613) 233 (0 0 617.517) 424 (0 0 720) 

- route 5: 405 (0 0 196.982) 74 (1 0 197.491) 514 (0 0 199) 62 (1 0 238.197) 262 (0 0 244) 58 (0 1 288.697) 732 (1 1 310.053) 292 (0 1 312.496) 258 (0 0 324.951) 59 (0 1 418.524) 34 (1 1 423.974) 474 (0 1 427) 259 (0 0 454.777) 63 (1 0 472) 263 (0 0 480.204) 13 (1 0 487.604) 453 (0 0 489) 77 (1 0 537) 277 (0 0 545.804) 57 (1 0 618) 257 (0 0 624.759) 425 (0 0 720) 

- route 6: 406 (0 0 163.893) 84 (1 0 164.848) 524 (0 0 167) 50 (0 1 291.421) 760 (1 1 306.082) 320 (0 1 309.222) 250 (0 0 321.276) 186 (1 0 361.461) 162 (1 1 366.701) 626 (0 1 371) 362 (0 0 374.796) 176 (1 0 380.829) 376 (0 0 384) 807 (1 0 398.215) 367 (0 0 401.157) 782 (1 0 404.099) 342 (0 0 406) 152 (1 0 441.548) 47 (2 0 444.189) 352 (1 0 466.579) 247 (0 0 470.462) 648 (1 0 472.289) 208 (0 0 475.822) 83 (0 1 498.278) 734 (1 1 502.467) 294 (0 1 505.449) 283 (0 0 531.488) 727 (1 0 644.938) 287 (0 0 647.186) 426 (0 0 720) 

- route 7: 407 (0 0 202.92) 798 (1 0 202.92) 358 (0 0 205.945) 160 (1 0 221.654) 45 (1 1 238.727) 37 (2 1 245) 245 (2 0 264.512) 360 (1 0 272.704) 237 (0 0 277.898) 181 (1 0 399.128) 621 (0 0 401) 67 (0 1 407) 159 (1 1 433) 599 (0 1 437) 267 (0 0 441.969) 828 (1 0 446.312) 388 (0 0 451.791) 53 (1 0 455.72) 493 (0 0 457) 189 (1 0 547.521) 629 (0 0 553) 427 (0 0 720) 

- route 8: 408 (0 0 91.2876) 812 (1 0 91.2876) 372 (0 0 93.6095) 660 (1 0 99.134) 220 (0 0 100.18) 66 (0 1 132.116) 60 (1 1 139.345) 260 (0 1 147) 266 (0 0 172.428) 18 (1 0 207.289) 218 (0 0 209.891) 22 (1 0 211.512) 222 (0 0 215.615) 2 (0 1 217.766) 202 (0 0 233) 3 (0 1 316) 203 (0 0 337.35) 161 (1 0 352.043) 30 (1 1 353.938) 230 (1 0 361.582) 78 (2 0 382.214) 278 (1 0 385) 64 (2 0 390.77) 361 (1 0 404.104) 264 (0 0 434.264) 105 (0 1 451) 305 (0 0 464.775) 55 (0 1 492) 139 (0 2 497.337) 339 (0 1 503.34) 65 (1 1 510.715) 255 (1 0 536.384) 265 (0 0 554.21) 79 (1 0 588.801) 279 (0 0 591.587) 71 (1 0 595) 271 (0 0 601.342) 428 (0 0 720) 

- route 9: 409 (0 0 74.3022) 80 (1 0 82.7266) 520 (0 0 87) 692 (1 0 209.229) 252 (0 0 210.509) 721 (1 0 241.544) 281 (0 0 245.817) 96 (0 1 250.186) 296 (0 0 260) 17 (1 0 333.99) 457 (0 0 336.924) 21 (1 0 341.954) 461 (0 0 343) 70 (1 0 352.196) 173 (2 0 354) 270 (1 0 358.251) 613 (0 0 361) 826 (1 0 392.032) 386 (0 0 394.025) 73 (0 1 425.386) 273 (0 0 432.674) 739 (1 0 438.705) 299 (0 0 440.959) 94 (1 0 481.214) 534 (0 0 483) 735 (1 0 656.467) 295 (0 0 658.253) 429 (0 0 720) 

- route 10: 410 (0 0 183.827) 136 (0 1 187.633) 146 (1 1 195.238) 586 (0 1 197) 336 (0 0 204.281) 120 (1 0 272.462) 560 (0 0 275) 116 (0 1 295.225) 316 (0 0 307) 137 (0 1 327) 337 (0 0 343.648) 668 (1 0 375.288) 228 (0 0 377.005) 99 (1 0 389.595) 539 (0 0 395) 674 (1 0 455.565) 234 (0 0 458) 108 (1 0 492.508) 548 (0 0 495) 759 (1 0 525.806) 319 (0 0 528.919) 111 (0 1 551) 311 (0 0 564.647) 135 (1 0 576) 335 (0 0 590.168) 35 (1 0 597.756) 29 (2 0 599) 469 (1 0 602) 475 (0 0 603) 749 (1 0 627.912) 309 (0 0 629.449) 430 (0 0 720) 

- route 11: 411 (0 0 129.665) 122 (1 0 136.449) 322 (0 0 145) 194 (1 0 154.113) 394 (0 0 162) 158 (1 0 170.921) 598 (0 0 175) 170 (1 0 224.465) 610 (0 0 233) 811 (1 0 440.847) 371 (0 0 449.382) 51 (0 1 465) 179 (1 1 473) 379 (0 1 479.774) 251 (0 0 494.855) 145 (1 0 583.311) 771 (2 0 602.827) 331 (1 0 604.955) 345 (0 0 619.277) 431 (0 0 720) 

- route 12: 412 (0 0 133.76) 124 (1 0 134.659) 564 (0 0 137) 806 (1 0 144.171) 366 (0 0 149.611) 100 (0 1 165.892) 300 (0 0 178) 112 (1 0 199.165) 312 (0 0 205) 148 (1 0 214.172) 6 (1 1 229.964) 206 (1 0 246) 664 (2 0 252.33) 224 (1 0 254) 348 (0 0 261.252) 652 (1 0 271.545) 212 (0 0 272.941) 54 (0 1 276.411) 254 (0 0 307) 104 (0 1 326.54) 304 (0 0 336.723) 110 (0 1 344.902) 310 (0 0 355) 142 (1 0 375.259) 582 (0 0 377) 101 (0 1 402.416) 171 (1 1 408.205) 611 (0 1 411) 301 (0 0 419.079) 144 (1 0 448.432) 91 (1 1 452.524) 344 (0 1 476.776) 97 (0 2 486.91) 297 (0 1 496.724) 291 (0 0 504.21) 149 (1 0 510.883) 103 (2 0 518) 303 (1 0 553.478) 349 (0 0 557.963) 432 (0 0 720) 

- route 13: 413 (0 0 96.6701) 140 (0 1 97.1815) 36 (1 1 115.477) 340 (1 0 119.964) 236 (0 0 142) 52 (1 0 194.492) 492 (0 0 197) 82 (0 1 209.006) 24 (1 1 228.745) 464 (0 1 231) 282 (0 0 238.366) 12 (1 0 243.253) 452 (0 0 247) 141 (0 1 339.534) 787 (1 1 358.924) 347 (0 1 360.686) 129 (1 1 366.581) 329 (0 1 368.455) 341 (0 0 370.371) 114 (0 1 386.628) 314 (0 0 393.285) 113 (1 0 399) 313 (0 0 407.253) 117 (0 1 527) 317 (0 0 543.163) 761 (1 0 586.082) 321 (0 0 588.62) 783 (1 0 668.23) 343 (0 0 669.97) 433 (0 0 720) 

- route 14: 414 (0 0 82.214) 106 (1 0 87.7515) 306 (0 0 112) 92 (1 0 281.167) 532 (0 0 285) 61 (1 0 295) 261 (0 0 305.983) 72 (0 1 328.71) 272 (0 0 335.997) 107 (1 0 344) 307 (0 0 379.873) 130 (1 0 394.284) 138 (1 1 397.017) 570 (0 1 401) 338 (0 0 404.522) 115 (0 1 494.561) 767 (1 1 500.732) 315 (1 0 502.239) 327 (0 0 505.852) 434 (0 0 720) 

- route 15: 415 (0 0 222.274) 786 (1 0 222.274) 714 (2 0 223.274) 274 (1 0 225.535) 346 (0 0 227.924) 147 (1 0 328) 587 (0 0 335) 813 (1 0 380.982) 373 (0 0 382.875) 654 (1 0 390.251) 214 (0 0 392.932) 151 (1 0 408) 165 (2 0 412.233) 351 (1 0 415.38) 365 (0 0 422.019) 821 (1 0 438.724) 381 (0 0 441.274) 183 (1 0 525.165) 383 (0 0 529.908) 15 (1 0 532.319) 455 (0 0 535) 435 (0 0 720) 

- route 16: 416 (0 0 147.027) 190 (0 1 150.286) 390 (0 0 156) 185 (1 0 248) 385 (0 0 261.605) 178 (1 0 278.746) 378 (0 0 284) 191 (0 1 297) 391 (0 0 304.071) 182 (1 0 312.258) 382 (0 0 317) 157 (1 0 329) 197 (2 0 335.671) 357 (1 0 337.184) 397 (0 0 343.257) 188 (1 0 412.658) 628 (0 0 415) 682 (1 0 444.982) 242 (0 0 451.474) 799 (1 0 464.926) 359 (0 0 469.004) 839 (1 0 484.401) 399 (0 0 488.428) 650 (1 0 502.337) 210 (0 0 503.955) 11 (1 0 620.106) 451 (0 0 623) 436 (0 0 720) 

- route 17: 417 (0 0 90.978) 184 (1 0 95.5964) 384 (0 0 105) 196 (1 0 126.629) 156 (2 0 132.314) 396 (1 0 133.827) 356 (0 0 139.134) 180 (1 0 142.45) 620 (0 0 145) 724 (1 0 188.489) 284 (0 0 191) 123 (1 0 237) 323 (0 0 249.327) 0 (1 0 340.986) 200 (0 0 350) 1 (1 0 448.939) 201 (0 0 457.953) 48 (0 1 466.101) 248 (0 0 472.972) 23 (1 0 479) 223 (0 0 484.655) 93 (1 0 561.928) 153 (2 0 567) 293 (1 0 590.47) 353 (0 0 602.234) 169 (1 0 636.237) 143 (2 0 639) 369 (1 0 640.372) 583 (0 0 645) 437 (0 0 720) 

- route 18: 418 (0 0 63.8414) 172 (1 0 64.7345) 612 (0 0 67) 132 (1 0 82.2025) 332 (0 0 99) 133 (1 0 210) 333 (0 0 234.696) 102 (1 0 297.015) 302 (0 0 321) 89 (1 0 402.712) 289 (0 0 405.225) 7 (0 1 408) 207 (0 0 430.555) 68 (1 0 446.635) 168 (2 0 462.874) 268 (1 0 464.583) 368 (0 0 467) 177 (1 0 494) 377 (0 0 498.256) 121 (1 0 551.86) 561 (0 0 555) 163 (0 1 570) 363 (0 0 578.095) 87 (1 0 610) 527 (0 0 619) 438 (0 0 720) 

- route 19: 419 (0 0 124.512) 166 (1 0 127.748) 606 (0 0 131) 164 (1 0 179.143) 364 (0 0 186) 150 (1 0 263.747) 350 (0 0 269) 198 (1 0 297.534) 638 (0 0 301.561) 174 (0 1 307.318) 154 (1 1 320.274) 85 (2 1 326.538) 354 (1 1 329) 285 (0 1 351.088) 374 (0 0 355.522) 86 (1 0 369.879) 526 (0 0 372.127) 76 (1 0 378.248) 56 (2 0 384.729) 276 (1 0 387) 256 (0 0 391.488) 715 (1 0 430.588) 275 (0 0 432.097) 25 (1 0 458.666) 465 (0 0 461) 693 (1 0 469.229) 253 (0 0 471.737) 175 (0 1 476) 187 (1 1 497.18) 387 (0 1 519.222) 375 (0 0 524.204) 43 (1 0 538.508) 483 (0 0 545) 829 (1 0 586.659) 389 (0 0 589.001) 439 (0 0 720) 


Data DARP: datafile4.txt
Transfers: 1
Relative MRT: 1
MRT factor: 1.5
Speed factor PT : 1
PT interval: 10
Iterations: 25000
Iter without impr: 500
Max removal pct: 0.3
Max deterior pct: 0.04
Clustered removal: 0
IDARP adapted: 1
Without operator:  0
Terminals per node: 3
Priority non PT: 0
Priority PT: 0
Priority long: 0
Priority short: 0
Current iteration: 15000
Total distance: 2177.78
Computation time: 3533.28
Average ride time: 21.1666
Pct PT users: 0.315
Users PT: 8 9 10 11 12 13 14 15 17 20 21 24 25 28 29 34 35 42 43 52 74 75 80 81 84 86 87 92 94 95 98 99 108 109 118 119 120 121 124 125 126 127 130 131 142 143 146 147 158 159 166 167 170 171 172 173 180 181 186 188 189 198 199 

- route 0: 400 (0 0 62.9466) 44 (0 1 65.2405) 16 (1 1 70.1032) 216 (0 1 88.937) 244 (0 0 92) 692 (1 0 209.229) 252 (0 0 210.509) 721 (1 0 241.544) 281 (0 0 245.817) 96 (0 1 250.186) 296 (0 0 260) 652 (1 0 272.741) 212 (0 0 274.137) 50 (0 1 291.421) 760 (1 1 306.082) 320 (0 1 309.222) 250 (0 0 321.276) 147 (1 0 328) 587 (0 0 335) 813 (1 0 380.982) 373 (0 0 382.875) 782 (1 0 394.329) 342 (0 0 396.23) 807 (1 0 398.42) 367 (0 0 401.362) 193 (1 0 533) 69 (2 0 540.648) 393 (1 0 545.983) 269 (0 0 564.013) 31 (0 1 593) 231 (0 0 602.965) 675 (1 0 630.801) 669 (2 0 631.801) 235 (1 0 633.846) 229 (0 0 635.644) 420 (0 0 720) 

- route 1: 401 (0 0 161.213) 764 (1 0 161.213) 324 (0 0 163.711) 26 (0 1 168.196) 226 (0 0 198) 27 (0 1 363.875) 167 (1 1 379.499) 607 (0 1 385) 227 (0 0 407.081) 199 (1 0 448.226) 639 (0 0 451) 648 (1 0 472.289) 208 (0 0 475.822) 9 (1 0 575.467) 449 (0 0 579) 683 (1 0 594.177) 243 (0 0 596.55) 33 (1 0 613) 233 (0 0 617.517) 421 (0 0 720) 

- route 2: 402 (0 0 206.871) 18 (1 0 207.289) 218 (0 0 209.891) 22 (1 0 211.512) 222 (0 0 215.615) 2 (0 1 217.766) 202 (0 0 233) 3 (0 1 316) 203 (0 0 337.35) 181 (1 0 409) 621 (0 0 413) 1 (1 0 448.939) 201 (0 0 457.953) 48 (0 1 466.101) 248 (0 0 472.972) 23 (1 0 479) 223 (0 0 484.655) 655 (1 0 578.251) 215 (0 0 580.42) 422 (0 0 720) 

- route 3: 403 (0 0 63.9235) 20 (1 0 65.7862) 460 (0 0 67) 720 (1 0 121.945) 280 (0 0 124) 81 (1 0 204.945) 521 (0 0 207) 4 (0 1 295.585) 204 (0 0 301) 14 (1 0 336.422) 454 (0 0 339) 28 (1 0 344.7) 468 (0 0 347) 657 (1 0 358.784) 217 (0 0 361.817) 661 (1 0 375.134) 221 (0 0 376.348) 770 (1 0 428.221) 330 (0 0 433.058) 8 (1 0 457.686) 448 (0 0 463) 131 (1 0 571) 571 (0 0 575) 649 (1 0 587.733) 209 (0 0 593.603) 423 (0 0 720) 

- route 4: 404 (0 0 121.179) 40 (1 0 123.527) 240 (0 0 130) 41 (1 0 256) 241 (0 0 265.21) 46 (1 0 311.099) 107 (2 0 331.544) 246 (1 0 343) 307 (0 0 367.416) 119 (1 0 501.181) 559 (0 0 509) 748 (1 0 515.958) 653 (2 0 516.958) 213 (1 0 519.932) 308 (0 0 521.957) 109 (1 0 600) 549 (0 0 603) 95 (1 0 634.019) 535 (0 0 637) 49 (0 1 640) 249 (0 0 648.806) 651 (1 0 663.99) 211 (0 0 667.157) 424 (0 0 720) 

- route 5: 405 (0 0 75.8636) 80 (1 0 84.288) 520 (0 0 89) 66 (0 1 144.539) 84 (1 1 153.045) 524 (0 1 155) 266 (0 0 177) 820 (1 0 182.724) 380 (0 0 184.596) 133 (1 0 210) 333 (0 0 234.696) 102 (1 0 297.015) 302 (0 0 321) 89 (1 0 407) 289 (0 0 410.269) 73 (0 1 437) 273 (0 0 446.431) 63 (1 0 472) 263 (0 0 480.204) 13 (1 0 487.604) 453 (0 0 489) 77 (1 0 535.502) 277 (0 0 541.705) 189 (1 0 547.521) 629 (0 0 553) 425 (0 0 720) 

- route 6: 406 (0 0 91.2876) 812 (1 0 91.2876) 372 (0 0 93.6095) 660 (1 0 99.134) 220 (0 0 100.18) 90 (0 1 136.236) 100 (0 2 165.892) 300 (0 1 178) 290 (0 0 188.16) 136 (0 1 194.902) 336 (0 0 207) 120 (1 0 272.462) 560 (0 0 275) 116 (0 1 295.225) 316 (0 0 307) 137 (0 1 327) 337 (0 0 343.648) 668 (1 0 379.283) 228 (0 0 381) 101 (0 1 402.416) 171 (1 1 408.205) 611 (0 1 411) 301 (0 0 419.079) 55 (0 1 492) 139 (0 2 497.337) 339 (0 1 503.34) 65 (1 1 510.715) 255 (1 0 536.384) 265 (0 0 554.21) 79 (1 0 591) 279 (0 0 594.679) 426 (0 0 720) 

- route 7: 407 (0 0 191.82) 52 (1 0 194.492) 492 (0 0 197) 82 (0 1 208.47) 24 (1 1 228.21) 464 (0 1 230.464) 282 (0 0 235.139) 12 (1 0 240.025) 452 (0 0 243) 758 (1 0 331.605) 318 (0 0 339.424) 161 (1 0 352.043) 30 (1 1 353.938) 230 (1 0 361.582) 78 (2 0 382.214) 278 (1 0 385) 361 (0 0 404.104) 811 (1 0 441.084) 371 (0 0 449.382) 51 (0 1 465) 179 (1 1 473) 379 (0 1 479.774) 251 (0 0 494.855) 71 (1 0 595) 271 (0 0 601.342) 427 (0 0 720) 

- route 8: 408 (0 0 196.982) 74 (1 0 197.491) 514 (0 0 199) 798 (1 0 212.975) 358 (0 0 216) 62 (1 0 238.197) 262 (0 0 244) 72 (0 1 328.612) 272 (0 0 335.9) 21 (1 0 341.954) 461 (0 0 343) 70 (1 0 352.196) 173 (2 0 354) 270 (1 0 358.251) 613 (0 0 361) 56 (1 0 377.913) 256 (0 0 382.753) 64 (1 0 388.695) 726 (2 0 406.975) 286 (1 0 409.614) 165 (2 0 414.186) 365 (1 0 421.043) 264 (0 0 432.189) 105 (0 1 438.367) 144 (1 1 448.485) 305 (1 0 451.235) 91 (1 1 456) 344 (0 1 480.49) 97 (0 2 490.624) 297 (0 1 500.438) 291 (0 0 507.924) 57 (1 0 618) 257 (0 0 624.759) 428 (0 0 720) 

- route 9: 409 (0 0 166.929) 98 (1 0 168.746) 538 (0 0 171) 88 (1 0 185.487) 288 (0 0 188) 38 (0 1 205.755) 238 (0 0 226) 39 (0 1 302.403) 239 (0 0 322.648) 766 (1 0 327.873) 326 (0 0 330.113) 838 (1 0 344.407) 398 (0 0 347.736) 42 (1 0 395.924) 482 (0 0 399) 10 (1 0 457.833) 450 (0 0 461) 83 (0 1 498.278) 734 (1 1 502.467) 294 (0 1 505.449) 283 (0 0 531.488) 727 (1 0 644.938) 287 (0 0 647.186) 735 (1 0 656.467) 295 (0 0 658.253) 429 (0 0 720) 

- route 10: 410 (0 0 193.309) 112 (1 0 199.165) 312 (0 0 205) 738 (1 0 214.705) 298 (0 0 220.11) 810 (1 0 262.953) 370 (0 0 265.642) 134 (1 0 306.192) 118 (2 0 311.686) 558 (1 0 313) 334 (0 0 320.36) 99 (1 0 389.595) 539 (0 0 395) 674 (1 0 455.565) 234 (0 0 458) 108 (1 0 492.508) 548 (0 0 495) 759 (1 0 525.806) 319 (0 0 528.919) 111 (0 1 551) 311 (0 0 564.647) 135 (1 0 576) 335 (0 0 590.168) 35 (1 0 597.756) 29 (2 0 599) 469 (1 0 602) 475 (0 0 603) 749 (1 0 627.912) 309 (0 0 629.449) 430 (0 0 720) 

- route 11: 411 (0 0 62.8676) 132 (1 0 68.6901) 106 (2 0 77.8745) 332 (1 0 89.3237) 306 (0 0 112) 92 (1 0 281.167) 532 (0 0 285) 61 (1 0 295) 261 (0 0 305.983) 17 (1 0 334.066) 457 (0 0 337) 739 (1 0 438.705) 299 (0 0 440.959) 25 (1 0 459) 465 (0 0 465) 94 (1 0 481.214) 534 (0 0 483) 145 (1 0 583.311) 771 (2 0 602.827) 331 (1 0 604.955) 345 (0 0 619.277) 431 (0 0 720) 

- route 12: 412 (0 0 129.665) 122 (1 0 136.449) 322 (0 0 145) 123 (1 0 237) 323 (0 0 249.327) 0 (1 0 326.142) 200 (0 0 335.156) 141 (0 1 339.534) 787 (1 1 358.924) 347 (0 1 360.686) 129 (1 1 366.581) 329 (0 1 368.455) 341 (0 0 370.371) 114 (0 1 387.639) 314 (0 0 394.296) 130 (1 0 399.103) 570 (0 0 401) 138 (0 1 411.996) 338 (0 0 418) 115 (0 1 494.286) 767 (1 1 500.457) 315 (1 0 501.964) 327 (0 0 505.577) 432 (0 0 720) 

- route 13: 413 (0 0 91.089) 140 (0 1 91.6004) 36 (1 1 109.896) 340 (1 0 114.383) 236 (0 0 136.419) 60 (1 0 139.345) 260 (0 0 147) 54 (0 1 266.425) 126 (1 1 297.261) 566 (0 1 299) 765 (1 1 302.287) 325 (0 1 304.186) 254 (0 0 307) 104 (0 1 326.54) 304 (0 0 336.723) 110 (0 1 344.902) 310 (0 0 355) 142 (1 0 365.259) 582 (0 0 367) 113 (1 0 399) 313 (0 0 407.253) 117 (0 1 527) 317 (0 0 543.163) 761 (1 0 586.082) 321 (0 0 588.62) 783 (1 0 668.23) 343 (0 0 669.97) 433 (0 0 720) 

- route 14: 414 (0 0 133.76) 124 (1 0 134.659) 564 (0 0 137) 806 (1 0 144.171) 366 (0 0 149.611) 146 (1 0 196.42) 586 (0 0 199) 128 (1 0 209.886) 328 (0 0 211.76) 148 (1 0 214.172) 6 (1 1 229.964) 206 (1 0 246) 664 (2 0 252.33) 224 (1 0 254) 348 (0 0 261.252) 58 (0 1 283.918) 19 (1 1 306.033) 219 (0 1 308.635) 732 (1 1 310.053) 292 (0 1 312.496) 258 (0 0 320.171) 59 (0 1 418.524) 34 (1 1 423.974) 474 (0 1 427) 259 (0 0 454.777) 149 (1 0 510.883) 103 (2 0 518) 303 (1 0 553.478) 349 (0 0 557.963) 434 (0 0 720) 

- route 15: 415 (0 0 63.8414) 172 (1 0 64.7345) 612 (0 0 67) 166 (1 0 127.748) 606 (0 0 131) 164 (1 0 179.143) 364 (0 0 186) 160 (1 0 215.659) 45 (1 1 232.732) 37 (2 1 239.005) 245 (2 0 257.77) 360 (1 0 265.962) 237 (0 0 271.157) 125 (1 0 276.502) 565 (0 0 279) 67 (0 1 401.031) 715 (1 1 421.98) 275 (0 1 424.825) 159 (1 1 433) 599 (0 1 437) 267 (0 0 441.342) 828 (1 0 448.659) 388 (0 0 454.138) 53 (1 0 466.873) 175 (1 1 476) 253 (0 1 482.889) 187 (1 1 497.18) 387 (0 1 519.222) 375 (0 0 524.204) 43 (1 0 541) 483 (0 0 549) 829 (1 0 586.659) 389 (0 0 589.001) 435 (0 0 720) 

- route 16: 416 (0 0 90.978) 184 (1 0 95.5964) 384 (0 0 105) 170 (1 0 224.465) 610 (0 0 233) 178 (1 0 278.746) 378 (0 0 284) 162 (0 1 369.699) 362 (0 0 376.096) 176 (1 0 380.829) 376 (0 0 384) 155 (1 0 436.324) 355 (0 0 443.555) 821 (1 0 448.596) 381 (0 0 451.145) 183 (1 0 525.165) 383 (0 0 529.908) 15 (1 0 532.319) 455 (0 0 535) 436 (0 0 720) 

- route 17: 417 (0 0 147.027) 190 (0 1 150.286) 390 (0 0 156) 191 (0 1 297) 391 (0 0 304.071) 182 (1 0 312.258) 382 (0 0 317) 157 (1 0 329) 197 (2 0 335.671) 357 (1 0 337.184) 397 (0 0 343.257) 186 (1 0 375.871) 626 (0 0 381) 654 (1 0 382.73) 214 (0 0 384.523) 151 (1 0 408) 195 (2 0 410.851) 351 (1 0 415.38) 395 (0 0 422.18) 47 (1 0 442.805) 152 (2 0 445.447) 352 (1 0 469.27) 127 (2 0 472.725) 247 (1 0 475.173) 567 (0 0 477) 665 (1 0 483.549) 225 (0 0 485.804) 32 (1 0 522.655) 232 (0 0 526) 5 (0 1 550.39) 205 (0 0 555.805) 93 (1 0 561.928) 153 (2 0 567) 293 (1 0 590.47) 353 (0 0 602.234) 169 (1 0 636.237) 143 (2 0 639) 369 (1 0 640.372) 583 (0 0 645) 437 (0 0 720) 

- route 18: 418 (0 0 131.003) 196 (1 0 134.609) 396 (0 0 140) 194 (1 0 154.113) 394 (0 0 162) 158 (1 0 182.484) 598 (0 0 187) 786 (1 0 223.962) 714 (2 0 224.962) 274 (1 0 226.717) 346 (0 0 229.106) 185 (1 0 248) 385 (0 0 261.605) 192 (1 0 378.011) 392 (0 0 387) 75 (1 0 391.245) 515 (0 0 393) 188 (1 0 412.658) 628 (0 0 415) 682 (1 0 444.982) 242 (0 0 451.474) 799 (1 0 464.926) 359 (0 0 469.004) 839 (1 0 494.292) 399 (0 0 498.319) 650 (1 0 503.265) 210 (0 0 504.883) 11 (1 0 620.106) 451 (0 0 623) 438 (0 0 720) 

- route 19: 419 (0 0 132.264) 156 (1 0 133.345) 356 (0 0 139.134) 180 (1 0 142.45) 620 (0 0 145) 724 (1 0 178.058) 284 (0 0 180.569) 150 (1 0 263.747) 350 (0 0 269) 198 (1 0 297.534) 638 (0 0 301.561) 174 (0 1 307.318) 154 (1 1 320.274) 85 (2 1 326.538) 354 (1 1 329) 285 (0 1 351.088) 374 (0 0 355.522) 86 (1 0 372.429) 526 (0 0 374.676) 76 (1 0 380.797) 276 (0 0 387) 7 (0 1 398.125) 826 (1 1 403.007) 386 (0 1 405) 207 (0 0 420.679) 68 (1 0 446.635) 168 (2 0 462.874) 268 (1 0 464.583) 368 (0 0 467) 177 (1 0 494) 377 (0 0 498.256) 121 (1 0 551.86) 561 (0 0 555) 163 (0 1 570) 363 (0 0 578.095) 87 (1 0 610) 527 (0 0 619) 439 (0 0 720) 


Data DARP: datafile4.txt
Transfers: 1
Relative MRT: 1
MRT factor: 1.5
Speed factor PT : 1
PT interval: 10
Iterations: 25000
Iter without impr: 500
Max removal pct: 0.3
Max deterior pct: 0.04
Clustered removal: 0
IDARP adapted: 1
Without operator:  0
Terminals per node: 3
Priority non PT: 0
Priority PT: 0
Priority long: 0
Priority short: 0
Current iteration: 20000
Total distance: 2176.98
Computation time: 4701.36
Average ride time: 21.2059
Pct PT users: 0.31
Users PT: 8 9 10 11 12 13 14 15 17 20 21 24 25 28 29 34 35 42 43 52 74 75 80 81 84 86 87 92 94 95 99 108 109 118 119 120 121 124 125 126 127 130 131 142 143 146 147 158 159 166 167 170 171 172 173 180 181 186 188 189 198 199 

- route 0: 400 (0 0 121.179) 40 (1 0 123.527) 240 (0 0 130) 41 (1 0 256) 241 (0 0 265.21) 46 (1 0 294.331) 154 (2 0 321.769) 354 (1 0 329) 246 (0 0 331.361) 192 (1 0 378.011) 392 (0 0 387) 75 (1 0 391.245) 515 (0 0 393) 188 (1 0 412.658) 628 (0 0 415) 682 (1 0 444.982) 242 (0 0 451.474) 799 (1 0 464.926) 359 (0 0 469.004) 839 (1 0 494.401) 399 (0 0 498.428) 193 (1 0 533) 69 (2 0 540.648) 393 (1 0 545.983) 269 (0 0 564.013) 9 (1 0 574.05) 449 (0 0 577) 31 (0 1 593) 231 (0 0 602.965) 669 (1 0 630.801) 675 (2 0 631.801) 235 (1 0 633.846) 229 (0 0 635.644) 420 (0 0 720) 

- route 1: 401 (0 0 149.089) 26 (0 1 151.427) 164 (1 1 179.143) 364 (0 1 186) 226 (0 0 194.633) 27 (0 1 363.875) 167 (1 1 379.499) 607 (0 1 385) 227 (0 0 407.081) 199 (1 0 448.226) 639 (0 0 451) 127 (1 0 473) 567 (0 0 477) 665 (1 0 483.215) 225 (0 0 485.469) 32 (1 0 522.655) 232 (0 0 526) 683 (1 0 594.177) 243 (0 0 596.55) 33 (1 0 613) 233 (0 0 617.517) 421 (0 0 720) 

- route 2: 402 (0 0 171.213) 764 (1 0 171.213) 324 (0 0 173.711) 820 (1 0 182.724) 380 (0 0 184.596) 133 (1 0 210) 333 (0 0 234.696) 102 (1 0 277.17) 39 (1 1 299.558) 302 (0 1 310.397) 239 (0 0 322.648) 766 (1 0 327.873) 326 (0 0 330.113) 838 (1 0 345.846) 398 (0 0 349.175) 42 (1 0 395.924) 482 (0 0 399) 181 (1 0 409) 621 (0 0 411) 10 (1 0 456.904) 450 (0 0 459) 655 (1 0 581.842) 215 (0 0 584.42) 422 (0 0 720) 

- route 3: 403 (0 0 63.9235) 20 (1 0 65.7862) 460 (0 0 67) 720 (1 0 121.945) 280 (0 0 124) 81 (1 0 204.945) 521 (0 0 207) 4 (0 1 295.585) 204 (0 0 301) 657 (1 0 358.708) 217 (0 0 361.74) 661 (1 0 375.134) 221 (0 0 376.348) 770 (1 0 423.402) 330 (0 0 428.239) 8 (1 0 459.13) 448 (0 0 465) 5 (0 1 554) 205 (0 0 560.622) 131 (1 0 571) 571 (0 0 575) 649 (1 0 586.316) 209 (0 0 592.186) 423 (0 0 720) 

- route 4: 404 (0 0 62.9466) 44 (0 1 65.2405) 16 (1 1 70.1032) 216 (0 1 88.937) 244 (0 0 92) 90 (0 1 163.932) 98 (1 1 173.835) 88 (2 1 175.261) 288 (1 1 177.774) 290 (1 0 203) 298 (0 0 225.199) 126 (1 0 297.261) 566 (0 0 299) 765 (1 0 313.656) 325 (0 0 315.555) 758 (1 0 331.177) 318 (0 0 339.424) 119 (1 0 501.181) 559 (0 0 509) 748 (1 0 515.958) 653 (2 0 516.958) 213 (1 0 519.932) 308 (0 0 521.957) 109 (1 0 600) 549 (0 0 603) 95 (1 0 634.019) 535 (0 0 637) 49 (0 1 640) 249 (0 0 648.806) 651 (1 0 663.99) 211 (0 0 667.157) 424 (0 0 720) 

- route 5: 405 (0 0 212.975) 798 (1 0 212.975) 358 (0 0 216) 62 (1 0 238.197) 262 (0 0 244) 72 (0 1 330.712) 272 (0 0 338) 56 (1 0 377.913) 256 (0 0 382.753) 64 (1 0 388.695) 726 (2 0 406.975) 286 (1 0 409.614) 165 (2 0 414.186) 365 (1 0 421.043) 264 (0 0 432.189) 105 (0 1 451) 305 (0 0 464.775) 55 (0 1 492) 139 (0 2 497.337) 339 (0 1 503.34) 65 (1 1 510.715) 255 (1 0 536.384) 265 (0 0 554.21) 79 (1 0 591) 279 (0 0 594.679) 425 (0 0 720) 

- route 6: 406 (0 0 91.2876) 812 (1 0 91.2876) 372 (0 0 93.6095) 660 (1 0 99.134) 220 (0 0 100.18) 66 (0 1 132.116) 60 (1 1 139.345) 260 (0 1 147) 266 (0 0 172.428) 18 (1 0 207.289) 218 (0 0 209.891) 22 (1 0 211.512) 222 (0 0 215.615) 2 (0 1 217.766) 202 (0 0 233) 3 (0 1 316) 203 (0 0 337.35) 161 (1 0 352.043) 30 (1 1 353.938) 230 (1 0 361.582) 78 (2 0 382.214) 278 (1 0 385) 361 (0 0 404.104) 811 (1 0 441.084) 371 (0 0 449.382) 51 (0 1 465) 179 (1 1 473) 379 (0 1 479.774) 251 (0 0 494.855) 71 (1 0 595) 271 (0 0 601.342) 426 (0 0 720) 

- route 7: 407 (0 0 189.485) 74 (1 0 189.994) 514 (0 0 192.839) 38 (0 1 205.755) 238 (0 0 226) 92 (1 0 281.167) 532 (0 0 285) 61 (1 0 295) 261 (0 0 305.983) 17 (1 0 333.99) 457 (0 0 336.924) 21 (1 0 341.954) 461 (0 0 343) 70 (1 0 352.196) 173 (2 0 354) 270 (1 0 358.251) 613 (0 0 361) 826 (1 0 403.007) 386 (0 0 405) 73 (0 1 425.386) 273 (0 0 432.674) 739 (1 0 438.705) 299 (0 0 440.959) 25 (1 0 458.666) 465 (0 0 461) 63 (1 0 472) 263 (0 0 480.204) 13 (1 0 487.604) 453 (0 0 489) 77 (1 0 535.502) 277 (0 0 541.705) 189 (1 0 547.521) 629 (0 0 553) 427 (0 0 720) 

- route 8: 408 (0 0 74.3022) 80 (1 0 82.7266) 520 (0 0 87) 692 (1 0 209.229) 252 (0 0 210.509) 721 (1 0 241.544) 281 (0 0 245.817) 96 (0 1 250.186) 296 (0 0 260) 652 (1 0 271.545) 212 (0 0 272.941) 54 (0 1 276.411) 254 (0 0 307) 104 (0 1 326.54) 304 (0 0 336.723) 110 (0 1 344.902) 310 (0 0 355) 142 (1 0 375.259) 582 (0 0 377) 144 (1 0 451.908) 91 (1 1 456) 344 (0 1 480.49) 97 (0 2 490.624) 297 (0 1 500.438) 291 (0 0 507.924) 57 (1 0 618) 257 (0 0 624.759) 428 (0 0 720) 

- route 9: 409 (0 0 163.893) 84 (1 0 164.848) 524 (0 0 167) 50 (0 1 301.634) 250 (0 0 322.538) 147 (1 0 328) 587 (0 0 335) 197 (1 0 338) 397 (0 0 345.586) 186 (1 0 375.871) 626 (0 0 381) 654 (1 0 392.73) 214 (0 0 394.523) 151 (1 0 408) 195 (2 0 410.851) 351 (1 0 415.38) 395 (0 0 422.18) 47 (1 0 441.558) 152 (2 0 444.2) 352 (1 0 468.023) 247 (0 0 471.906) 648 (1 0 473.733) 208 (0 0 477.266) 83 (0 1 498.134) 734 (1 1 504.808) 294 (0 1 509) 283 (0 0 531.344) 727 (1 0 644.938) 287 (0 0 647.186) 735 (1 0 656.467) 295 (0 0 658.253) 429 (0 0 720) 

- route 10: 410 (0 0 96.6701) 140 (0 1 97.1815) 36 (1 1 115.477) 340 (1 0 119.964) 236 (0 0 142) 52 (1 0 194.492) 492 (0 0 197) 82 (0 1 209.006) 24 (1 1 228.745) 464 (0 1 231) 282 (0 0 238.366) 12 (1 0 243.253) 452 (0 0 247) 141 (0 1 339.534) 787 (1 1 358.924) 347 (0 1 360.686) 129 (1 1 366.581) 329 (0 1 368.455) 341 (0 0 370.371) 114 (0 1 386.628) 314 (0 0 393.285) 113 (1 0 399) 313 (0 0 407.253) 117 (0 1 527) 317 (0 0 543.163) 761 (1 0 586.082) 321 (0 0 588.62) 783 (1 0 668.23) 343 (0 0 669.97) 430 (0 0 720) 

- route 11: 411 (0 0 222.614) 128 (1 0 223.127) 328 (0 0 225) 810 (1 0 264.205) 370 (0 0 267) 134 (1 0 306.192) 118 (2 0 311.686) 558 (1 0 313) 334 (0 0 320.36) 99 (1 0 389.595) 539 (0 0 395) 674 (1 0 455.565) 234 (0 0 458) 108 (1 0 492.508) 548 (0 0 495) 759 (1 0 525.806) 319 (0 0 528.919) 111 (0 1 551) 311 (0 0 564.647) 135 (1 0 576) 335 (0 0 590.168) 35 (1 0 597.756) 29 (2 0 599) 475 (1 0 602) 469 (0 0 603) 749 (1 0 627.912) 309 (0 0 629.449) 431 (0 0 720) 

- route 12: 412 (0 0 62.8676) 132 (1 0 68.6901) 106 (2 0 77.8745) 332 (1 0 89.3237) 306 (0 0 112) 107 (1 0 344) 307 (0 0 379.873) 130 (1 0 394.284) 138 (1 1 397.017) 570 (0 1 401) 338 (0 0 404.522) 115 (0 1 494.561) 767 (1 1 500.732) 315 (1 0 502.239) 327 (0 0 505.852) 432 (0 0 720) 

- route 13: 413 (0 0 130.171) 806 (1 0 134.171) 366 (0 0 139.611) 100 (0 1 165.892) 300 (0 0 178) 112 (1 0 199.165) 312 (0 0 205) 148 (1 0 214.172) 6 (1 1 229.964) 206 (1 0 246) 664 (2 0 252.33) 224 (1 0 254) 348 (0 0 261.252) 58 (0 1 283.918) 19 (1 1 306.033) 219 (0 1 308.635) 732 (1 1 310.053) 292 (0 1 312.496) 258 (0 0 320.171) 59 (0 1 418.524) 34 (1 1 423.974) 474 (0 1 427) 259 (0 0 454.777) 149 (1 0 510.883) 103 (2 0 518) 303 (1 0 553.478) 349 (0 0 557.963) 433 (0 0 720) 

- route 14: 414 (0 0 143.76) 124 (1 0 144.659) 564 (0 0 147) 136 (0 1 187.633) 146 (1 1 195.238) 586 (0 1 197) 336 (0 0 204.281) 120 (1 0 272.462) 560 (0 0 275) 116 (0 1 295.225) 316 (0 0 307) 137 (0 1 327) 337 (0 0 343.648) 668 (1 0 376.879) 228 (0 0 378.596) 101 (0 1 402.416) 171 (1 1 408.205) 611 (0 1 411) 301 (0 0 419.079) 145 (1 0 583.311) 771 (2 0 602.827) 331 (1 0 604.955) 345 (0 0 619.277) 434 (0 0 720) 

- route 15: 415 (0 0 63.8414) 172 (1 0 64.7345) 612 (0 0 67) 166 (1 0 117.748) 606 (0 0 121) 122 (1 0 136.449) 322 (0 0 145) 123 (1 0 237) 323 (0 0 249.327) 0 (1 0 340.986) 200 (0 0 350) 1 (1 0 448.939) 201 (0 0 457.953) 48 (0 1 466.101) 248 (0 0 472.972) 23 (1 0 479) 223 (0 0 484.655) 93 (1 0 561.928) 153 (2 0 567) 293 (1 0 590.47) 353 (0 0 602.234) 169 (1 0 636.237) 143 (2 0 639) 369 (1 0 640.372) 583 (0 0 645) 435 (0 0 720) 

- route 16: 416 (0 0 147.027) 190 (0 1 150.286) 390 (0 0 156) 160 (1 0 221.654) 45 (1 1 238.727) 37 (2 1 245) 245 (2 0 264.512) 360 (1 0 272.704) 237 (0 0 277.898) 125 (1 0 286.502) 565 (0 0 289) 28 (1 0 341.952) 468 (0 0 344.252) 14 (1 0 346.422) 454 (0 0 349) 67 (0 1 401.031) 715 (1 1 421.98) 275 (0 1 424.825) 159 (1 1 433) 599 (0 1 437) 267 (0 0 441.342) 828 (1 0 448.659) 388 (0 0 454.138) 53 (1 0 466.873) 175 (1 1 476) 253 (0 1 481.636) 94 (1 1 485.214) 534 (0 1 487) 187 (1 1 497.18) 387 (0 1 519.222) 375 (0 0 524.204) 43 (1 0 541) 483 (0 0 549) 829 (1 0 586.659) 389 (0 0 589.001) 436 (0 0 720) 

- route 17: 417 (0 0 132.264) 156 (1 0 133.345) 356 (0 0 139.134) 180 (1 0 142.45) 620 (0 0 145) 724 (1 0 188.489) 284 (0 0 191) 150 (1 0 263.747) 350 (0 0 269) 198 (1 0 298.973) 638 (0 0 303) 174 (0 1 313.141) 157 (1 1 322.69) 357 (0 1 328.48) 85 (1 1 331) 285 (0 1 356.911) 374 (0 0 361.345) 86 (1 0 372.429) 526 (0 0 374.676) 76 (1 0 380.797) 276 (0 0 387) 7 (0 1 400.931) 89 (1 1 407) 289 (0 1 410.269) 207 (0 0 423.485) 68 (1 0 446.635) 168 (2 0 462.874) 268 (1 0 464.583) 368 (0 0 467) 177 (1 0 494) 377 (0 0 498.256) 650 (1 0 502.337) 210 (0 0 503.955) 11 (1 0 620.106) 451 (0 0 623) 437 (0 0 720) 

- route 18: 418 (0 0 90.978) 184 (1 0 95.5964) 384 (0 0 105) 196 (1 0 134.609) 396 (0 0 140) 194 (1 0 154.113) 394 (0 0 162) 158 (1 0 180.921) 598 (0 0 185) 170 (1 0 228.465) 610 (0 0 237) 178 (1 0 278.746) 378 (0 0 284) 191 (0 1 297) 391 (0 0 304.071) 182 (1 0 312.258) 382 (0 0 317) 162 (0 1 363.639) 362 (0 0 370.035) 176 (1 0 374.769) 376 (0 0 377.94) 813 (1 0 380.982) 373 (0 0 382.875) 807 (1 0 398.215) 367 (0 0 401.157) 782 (1 0 404.099) 342 (0 0 406) 155 (1 0 436.324) 355 (0 0 443.555) 821 (1 0 448.596) 381 (0 0 451.145) 183 (1 0 529.165) 383 (0 0 533.908) 15 (1 0 536.319) 455 (0 0 539) 438 (0 0 720) 

- route 19: 419 (0 0 220.312) 714 (1 0 220.312) 786 (2 0 221.312) 274 (1 0 223.573) 346 (0 0 227.924) 185 (1 0 248) 385 (0 0 261.605) 760 (1 0 306.082) 320 (0 0 309.222) 121 (1 0 551.86) 561 (0 0 555) 163 (0 1 570) 363 (0 0 578.095) 87 (1 0 610) 527 (0 0 619) 439 (0 0 720) 


Data DARP: datafile4.txt
Transfers: 1
Relative MRT: 1
MRT factor: 1.5
Speed factor PT : 1
PT interval: 10
Iterations: 25000
Iter without impr: 500
Max removal pct: 0.3
Max deterior pct: 0.04
Clustered removal: 0
IDARP adapted: 1
Without operator:  0
Terminals per node: 3
Priority non PT: 0
Priority PT: 0
Priority long: 0
Priority short: 0
Current iteration: 25000
Total distance: 2169.87
Computation time: 5859.54
Average ride time: 21.1033
Pct PT users: 0.315
Users PT: 8 9 10 11 12 13 14 15 17 20 21 24 25 28 29 34 35 42 43 52 74 75 80 81 84 86 87 92 93 94 95 99 108 109 118 119 120 121 124 125 126 127 130 131 142 143 146 147 158 159 166 167 170 171 172 173 180 181 186 188 189 198 199 

- route 0: 400 (0 0 62.9466) 44 (0 1 65.2405) 16 (1 1 70.1032) 216 (0 1 88.937) 244 (0 0 92) 90 (0 1 152.873) 98 (1 1 162.776) 290 (1 0 189.521) 112 (2 0 199.165) 312 (1 0 205) 298 (0 0 214.14) 116 (0 1 288.225) 316 (0 0 300) 126 (1 0 307.261) 566 (0 0 309) 765 (1 0 312.053) 325 (0 0 313.952) 758 (1 0 331.177) 318 (0 0 339.424) 119 (1 0 491.181) 559 (0 0 499) 748 (1 0 515.958) 653 (2 0 516.958) 213 (1 0 519.932) 308 (0 0 521.957) 109 (1 0 600) 549 (0 0 603) 95 (1 0 634.019) 535 (0 0 637) 49 (0 1 640) 249 (0 0 648.806) 651 (1 0 663.99) 211 (0 0 667.157) 420 (0 0 720) 

- route 1: 401 (0 0 121.179) 40 (1 0 123.527) 240 (0 0 130) 41 (1 0 256) 241 (0 0 265.21) 46 (1 0 311.099) 107 (2 0 331.544) 246 (1 0 343) 307 (0 0 367.416) 181 (1 0 409) 621 (0 0 411) 10 (1 0 456.904) 450 (0 0 459) 93 (1 0 566.557) 533 (0 0 569) 421 (0 0 720) 

- route 2: 402 (0 0 180.724) 820 (1 0 182.724) 380 (0 0 184.596) 133 (1 0 210) 333 (0 0 234.696) 102 (1 0 283.171) 39 (1 1 305.56) 302 (0 1 316.399) 239 (0 0 328.649) 0 (1 0 340.986) 200 (0 0 350) 1 (1 0 448.939) 201 (0 0 457.953) 48 (0 1 466.101) 248 (0 0 472.972) 23 (1 0 479) 223 (0 0 484.655) 655 (1 0 578.251) 215 (0 0 580.42) 422 (0 0 720) 

- route 3: 403 (0 0 63.9235) 20 (1 0 65.7862) 460 (0 0 67) 720 (1 0 121.945) 280 (0 0 124) 81 (1 0 204.945) 521 (0 0 207) 4 (0 1 295.585) 204 (0 0 301) 14 (1 0 336.422) 454 (0 0 339) 28 (1 0 344.7) 468 (0 0 347) 657 (1 0 358.784) 217 (0 0 361.817) 661 (1 0 375.134) 221 (0 0 376.348) 770 (1 0 423.402) 330 (0 0 428.239) 8 (1 0 459.13) 448 (0 0 465) 32 (1 0 522.655) 232 (0 0 526) 5 (0 1 554) 205 (0 0 560.622) 131 (1 0 571) 571 (0 0 575) 649 (1 0 576.316) 209 (0 0 582.186) 683 (1 0 590.982) 243 (0 0 594.058) 33 (1 0 613) 233 (0 0 617.517) 423 (0 0 720) 

- route 4: 404 (0 0 161.213) 764 (1 0 161.213) 324 (0 0 163.711) 26 (0 1 168.196) 226 (0 0 198) 27 (0 1 363.875) 167 (1 1 379.499) 607 (0 1 385) 227 (0 0 407.081) 199 (1 0 449.67) 639 (0 0 453) 648 (1 0 474.316) 208 (0 0 477.266) 9 (1 0 564.05) 449 (0 0 567) 31 (0 1 593) 231 (0 0 602.965) 669 (1 0 630.801) 675 (2 0 631.801) 235 (1 0 633.846) 229 (0 0 635.644) 424 (0 0 720) 

- route 5: 405 (0 0 101.288) 812 (1 0 101.288) 372 (0 0 103.609) 62 (1 0 238.197) 262 (0 0 244) 72 (0 1 330.712) 272 (0 0 338) 56 (1 0 377.913) 256 (0 0 382.753) 64 (1 0 388.695) 726 (2 0 406.975) 286 (1 0 409.614) 165 (2 0 414.186) 365 (1 0 421.043) 264 (0 0 432.189) 105 (0 1 451) 305 (0 0 464.775) 55 (0 1 492) 139 (0 2 497.337) 339 (0 1 503.34) 65 (1 1 510.715) 255 (1 0 536.384) 265 (0 0 554.21) 79 (1 0 587.71) 279 (0 0 590.496) 733 (1 0 594.053) 293 (0 0 597.887) 735 (1 0 656.467) 295 (0 0 658.253) 425 (0 0 720) 

- route 6: 406 (0 0 157.893) 84 (1 0 158.848) 524 (0 0 161) 88 (1 0 185.487) 288 (0 0 188) 38 (0 1 205.755) 238 (0 0 226) 92 (1 0 281.167) 532 (0 0 285) 50 (0 1 301.634) 250 (0 0 322.538) 147 (1 0 328) 587 (0 0 335) 813 (1 0 380.982) 373 (0 0 382.875) 807 (1 0 398.215) 367 (0 0 401.157) 782 (1 0 404.099) 342 (0 0 406) 152 (1 0 444.513) 47 (2 0 447.155) 352 (1 0 469.545) 127 (2 0 473) 567 (1 0 475.496) 665 (2 0 476.496) 225 (1 0 478.75) 247 (0 0 484.186) 734 (1 0 492.365) 294 (0 0 496.557) 83 (0 1 499) 283 (0 0 532.21) 727 (1 0 644.938) 287 (0 0 647.186) 426 (0 0 720) 

- route 7: 407 (0 0 74.3022) 80 (1 0 82.7266) 520 (0 0 87) 692 (1 0 209.229) 252 (0 0 210.509) 721 (1 0 241.544) 281 (0 0 245.817) 96 (0 1 250.186) 296 (0 0 260) 652 (1 0 271.545) 212 (0 0 272.941) 54 (0 1 276.411) 254 (0 0 307) 104 (0 1 326.54) 304 (0 0 336.723) 110 (0 1 344.902) 310 (0 0 355) 142 (1 0 375.259) 582 (0 0 377) 113 (1 0 399) 313 (0 0 407.253) 144 (1 0 451.908) 91 (1 1 456) 344 (0 1 480.49) 97 (0 2 490.624) 297 (0 1 500.438) 291 (0 0 507.924) 57 (1 0 618) 257 (0 0 624.759) 427 (0 0 720) 

- route 8: 408 (0 0 196.982) 74 (1 0 197.491) 514 (0 0 199) 798 (1 0 212.975) 358 (0 0 216) 21 (1 0 341.954) 461 (0 0 343) 70 (1 0 352.196) 173 (2 0 354) 270 (1 0 358.251) 613 (0 0 361) 826 (1 0 403.007) 386 (0 0 405) 73 (0 1 437) 273 (0 0 446.431) 63 (1 0 472) 263 (0 0 480.204) 13 (1 0 487.604) 453 (0 0 489) 77 (1 0 535.502) 277 (0 0 541.705) 189 (1 0 547.521) 629 (0 0 553) 428 (0 0 720) 

- route 9: 409 (0 0 97.1498) 660 (1 0 97.1498) 220 (0 0 100.18) 66 (0 1 132.116) 60 (1 1 139.345) 260 (0 1 147) 266 (0 0 172.428) 18 (1 0 207.289) 218 (0 0 209.891) 22 (1 0 211.512) 222 (0 0 215.615) 2 (0 1 217.766) 202 (0 0 233) 3 (0 1 316) 203 (0 0 337.35) 161 (1 0 352.043) 30 (1 1 353.938) 230 (1 0 361.582) 78 (2 0 382.214) 278 (1 0 385) 361 (0 0 404.104) 811 (1 0 441.084) 371 (0 0 449.382) 51 (0 1 465) 179 (1 1 473) 379 (0 1 479.774) 251 (0 0 494.855) 71 (1 0 595) 271 (0 0 601.342) 429 (0 0 720) 

- route 10: 410 (0 0 133.76) 124 (1 0 134.659) 564 (0 0 137) 806 (1 0 144.171) 366 (0 0 149.611) 100 (0 1 165.892) 300 (0 0 178) 136 (0 1 187.633) 146 (1 1 195.238) 586 (0 1 197) 336 (0 0 204.281) 120 (1 0 272.462) 560 (0 0 275) 137 (0 1 327) 337 (0 0 343.648) 668 (1 0 379.283) 228 (0 0 381) 101 (0 1 402.416) 171 (1 1 408.205) 611 (0 1 411) 301 (0 0 419.079) 430 (0 0 720) 

- route 11: 411 (0 0 96.6701) 140 (0 1 97.1815) 36 (1 1 115.477) 340 (1 0 119.964) 236 (0 0 142) 52 (1 0 194.492) 492 (0 0 197) 82 (0 1 209.006) 24 (1 1 228.745) 464 (0 1 231) 282 (0 0 238.366) 12 (1 0 243.253) 452 (0 0 247) 141 (0 1 339.534) 787 (1 1 358.924) 347 (0 1 360.686) 129 (1 1 366.581) 329 (0 1 368.455) 341 (0 0 370.371) 114 (0 1 382.821) 314 (0 0 389.478) 130 (1 0 394.284) 138 (1 1 397.017) 570 (0 1 401) 338 (0 0 404.522) 115 (0 1 494.561) 767 (1 1 500.732) 315 (1 0 502.239) 327 (0 0 505.852) 111 (0 1 551) 311 (0 0 564.647) 135 (1 0 576) 335 (0 0 590.168) 35 (1 0 597.756) 29 (2 0 599) 475 (1 0 602) 469 (0 0 603) 749 (1 0 627.912) 309 (0 0 629.449) 431 (0 0 720) 

- route 12: 412 (0 0 129.665) 122 (1 0 136.449) 322 (0 0 145) 123 (1 0 237) 323 (0 0 249.327) 810 (1 0 264.205) 370 (0 0 267) 134 (1 0 306.192) 118 (2 0 311.686) 558 (1 0 313) 334 (0 0 320.36) 99 (1 0 389.595) 539 (0 0 395) 674 (1 0 455.565) 234 (0 0 458) 108 (1 0 492.508) 548 (0 0 495) 759 (1 0 515.806) 319 (0 0 518.919) 117 (0 1 527) 317 (0 0 543.163) 761 (1 0 586.082) 321 (0 0 588.62) 783 (1 0 668.23) 343 (0 0 669.97) 432 (0 0 720) 

- route 13: 413 (0 0 62.8676) 132 (1 0 68.6901) 106 (2 0 77.8745) 332 (1 0 89.3237) 306 (0 0 112) 61 (1 0 295) 261 (0 0 305.983) 17 (1 0 334.066) 457 (0 0 337) 739 (1 0 438.705) 299 (0 0 440.959) 25 (1 0 451.947) 465 (0 0 455) 94 (1 0 475.214) 534 (0 0 477) 145 (1 0 583.311) 771 (2 0 602.827) 331 (1 0 604.955) 345 (0 0 619.277) 433 (0 0 720) 

- route 14: 414 (0 0 209.374) 128 (1 0 209.886) 328 (0 0 211.76) 148 (1 0 214.172) 6 (1 1 229.964) 206 (1 0 246) 664 (2 0 252.33) 224 (1 0 254) 348 (0 0 261.252) 58 (0 1 283.918) 19 (1 1 306.033) 219 (0 1 308.635) 732 (1 1 310.053) 292 (0 1 312.496) 258 (0 0 320.171) 59 (0 1 418.524) 34 (1 1 423.974) 474 (0 1 427) 259 (0 0 454.777) 149 (1 0 510.883) 103 (2 0 518) 303 (1 0 553.478) 349 (0 0 557.963) 434 (0 0 720) 

- route 15: 415 (0 0 90.978) 184 (1 0 95.5964) 384 (0 0 105) 196 (1 0 126.629) 156 (2 0 132.314) 396 (1 0 133.827) 356 (0 0 139.134) 180 (1 0 142.45) 620 (0 0 145) 194 (1 0 154.113) 394 (0 0 162) 158 (1 0 180.921) 598 (0 0 185) 170 (1 0 228.465) 610 (0 0 237) 178 (1 0 278.746) 378 (0 0 284) 191 (0 1 297) 391 (0 0 304.071) 182 (1 0 312.258) 382 (0 0 317) 157 (1 0 329) 197 (2 0 335.671) 357 (1 0 337.184) 397 (0 0 343.257) 186 (1 0 375.871) 626 (0 0 381) 654 (1 0 382.73) 214 (0 0 384.523) 151 (1 0 408) 195 (2 0 410.851) 351 (1 0 415.38) 395 (0 0 422.18) 155 (1 0 436.324) 355 (0 0 443.555) 821 (1 0 448.596) 381 (0 0 451.145) 183 (1 0 525.165) 383 (0 0 529.908) 15 (1 0 532.319) 455 (0 0 535) 435 (0 0 720) 

- route 16: 416 (0 0 147.027) 190 (0 1 150.286) 390 (0 0 156) 160 (1 0 221.654) 45 (1 1 238.727) 37 (2 1 245) 245 (2 0 264.512) 360 (1 0 272.704) 237 (0 0 277.898) 125 (1 0 284.899) 565 (0 0 287) 766 (1 0 334.146) 326 (0 0 336) 838 (1 0 344.407) 398 (0 0 347.736) 42 (1 0 395.924) 482 (0 0 399) 67 (0 1 401.031) 715 (1 1 421.98) 275 (0 1 424.825) 159 (1 1 433) 599 (0 1 437) 267 (0 0 441.342) 828 (1 0 448.659) 388 (0 0 454.138) 53 (1 0 466.873) 175 (1 1 476) 253 (0 1 482.889) 187 (1 1 497.18) 387 (0 1 519.222) 375 (0 0 524.204) 43 (1 0 538.508) 483 (0 0 545) 829 (1 0 586.659) 389 (0 0 589.001) 436 (0 0 720) 

- route 17: 417 (0 0 222.274) 714 (1 0 222.274) 786 (2 0 223.274) 274 (1 0 225.535) 346 (0 0 227.924) 185 (1 0 248) 385 (0 0 261.605) 760 (1 0 306.082) 320 (0 0 309.222) 121 (1 0 551.86) 561 (0 0 555) 163 (0 1 570) 363 (0 0 578.095) 87 (1 0 610) 527 (0 0 619) 437 (0 0 720) 

- route 18: 418 (0 0 183.159) 724 (1 0 183.159) 284 (0 0 186.372) 150 (1 0 263.747) 350 (0 0 269) 198 (1 0 297.534) 638 (0 0 301.561) 174 (0 1 307.318) 154 (1 1 320.274) 85 (2 1 326.538) 354 (1 1 329) 285 (0 1 351.088) 374 (0 0 355.522) 86 (1 0 372.429) 526 (0 0 374.676) 76 (1 0 380.797) 276 (0 0 387) 7 (0 1 400.931) 89 (1 1 407) 289 (0 1 410.269) 207 (0 0 423.485) 68 (1 0 446.635) 168 (2 0 462.874) 268 (1 0 464.583) 368 (0 0 467) 177 (1 0 494) 377 (0 0 498.256) 650 (1 0 502.337) 210 (0 0 503.955) 11 (1 0 620.106) 451 (0 0 623) 438 (0 0 720) 

- route 19: 419 (0 0 73.8414) 172 (1 0 74.7345) 612 (0 0 77) 166 (1 0 127.748) 606 (0 0 131) 164 (1 0 179.143) 364 (0 0 186) 162 (0 1 358.919) 362 (0 0 365.316) 176 (1 0 370.049) 376 (0 0 373.22) 192 (1 0 378.011) 392 (0 0 387) 75 (1 0 391.245) 515 (0 0 393) 188 (1 0 412.658) 628 (0 0 415) 682 (1 0 444.982) 242 (0 0 451.474) 799 (1 0 464.926) 359 (0 0 469.004) 839 (1 0 495.846) 399 (0 0 499.872) 193 (1 0 533) 69 (2 0 539.858) 393 (1 0 545.193) 269 (0 0 556.97) 153 (1 0 567) 353 (0 0 602.234) 169 (1 0 636.237) 143 (2 0 639) 369 (1 0 640.372) 583 (0 0 645) 439 (0 0 720) 


