Data DARP: datafile_20_req.txt
Transfers: 1
Relative MRT: 1
MRT factor: 1.5
Speed factor PT : 1
PT interval: 10
Iterations: 25000
Iter without impr: 500
Max removal pct: 0.3
Max deterior pct: 0.04
Clustered removal: 0
IDARP adapted: 1
Without operator:  0
Terminals per node: 3
Priority non PT: 0
Priority PT: 0
Priority long: 0
Priority short: 0
Current iteration: 0
Total distance: 343.494
Computation time: 0.0077647
Average ride time: 21.8369
Pct PT users: 0.2
Users PT: 1 3 6 10 

- route 0: 40 (0 0 93.9092) 10 (1 0 95.9546) 90 (0 0 99) 7 (0 1 104.234) 27 (0 0 110.108) 11 (0 1 116.885) 17 (1 1 139.459) 31 (1 0 145) 37 (0 0 154.633) 60 (0 0 720) 

- route 1: 41 (0 0 39.192) 1 (1 0 43.0199) 81 (0 0 47) 16 (1 0 140.95) 36 (0 0 146) 61 (0 0 720) 

- route 2: 42 (0 0 129.849) 13 (1 0 136.338) 33 (0 0 146) 62 (0 0 720) 

- route 3: 43 (0 0 720) 63 (0 0 720) 

- route 4: 44 (0 0 720) 64 (0 0 720) 

- route 5: 45 (0 0 19.5984) 2 (0 1 50.0485) 0 (1 1 59.933) 4 (2 1 75.2815) 20 (1 1 92) 22 (1 0 97.8233) 24 (0 0 105.114) 9 (1 0 110.787) 29 (0 0 117.387) 110 (1 0 123.44) 30 (0 0 127.357) 12 (0 1 132.583) 19 (1 1 137.182) 32 (1 0 142) 39 (0 0 168) 65 (0 0 720) 

- route 6: 46 (0 0 44.4822) 3 (1 0 52.3259) 83 (0 0 59) 6 (1 0 73.0518) 86 (0 0 75) 5 (0 1 96.1248) 25 (0 0 111) 66 (0 0 720) 

- route 7: 47 (0 0 720) 67 (0 0 720) 

- route 8: 48 (0 0 720) 68 (0 0 720) 

- route 9: 49 (0 0 720) 69 (0 0 720) 

- route 10: 50 (0 0 102.587) 103 (1 0 104.587) 23 (0 0 105.998) 106 (1 0 114.211) 26 (0 0 116.217) 14 (0 1 125.58) 15 (1 1 137.705) 35 (0 1 151) 34 (0 0 156) 70 (0 0 720) 

- route 11: 51 (0 0 720) 71 (0 0 720) 

- route 12: 52 (0 0 720) 72 (0 0 720) 

- route 13: 53 (0 0 720) 73 (0 0 720) 

- route 14: 54 (0 0 720) 74 (0 0 720) 

- route 15: 55 (0 0 91.3824) 101 (1 0 93.3824) 21 (0 0 95.8337) 8 (1 0 120.951) 28 (0 0 124) 18 (1 0 148.34) 38 (0 0 154) 75 (0 0 720) 

- route 16: 56 (0 0 720) 76 (0 0 720) 

- route 17: 57 (0 0 720) 77 (0 0 720) 

- route 18: 58 (0 0 720) 78 (0 0 720) 

- route 19: 59 (0 0 720) 79 (0 0 720) 


Data DARP: datafile_20_req.txt
Transfers: 1
Relative MRT: 1
MRT factor: 1.5
Speed factor PT : 1
PT interval: 10
Iterations: 25000
Iter without impr: 500
Max removal pct: 0.3
Max deterior pct: 0.04
Clustered removal: 0
IDARP adapted: 1
Without operator:  0
Terminals per node: 3
Priority non PT: 0
Priority PT: 0
Priority long: 0
Priority short: 0
Current iteration: 5000
Total distance: 294.845
Computation time: 9.36605
Average ride time: 21.2732
Pct PT users: 0.2
Users PT: 1 3 6 10 

- route 0: 40 (0 0 93.9092) 10 (1 0 95.9546) 90 (0 0 99) 7 (0 1 111.126) 27 (0 0 117) 13 (1 0 136.338) 33 (0 0 146) 60 (0 0 720) 

- route 1: 41 (0 0 720) 61 (0 0 720) 

- route 2: 42 (0 0 39.192) 1 (1 0 43.0199) 81 (0 0 47) 16 (1 0 140.95) 36 (0 0 146) 62 (0 0 720) 

- route 3: 43 (0 0 720) 63 (0 0 720) 

- route 4: 44 (0 0 720) 64 (0 0 720) 

- route 5: 45 (0 0 71.503) 6 (1 0 73.0518) 86 (0 0 75) 5 (0 1 94.7101) 25 (0 0 109.585) 11 (0 1 124.607) 31 (0 0 145) 65 (0 0 720) 

- route 6: 46 (0 0 44.4822) 3 (1 0 52.3259) 83 (0 0 59) 110 (1 0 125.496) 30 (0 0 127.59) 66 (0 0 720) 

- route 7: 47 (0 0 720) 67 (0 0 720) 

- route 8: 48 (0 0 720) 68 (0 0 720) 

- route 9: 49 (0 0 720) 69 (0 0 720) 

- route 10: 50 (0 0 47.7403) 2 (0 1 50.0485) 0 (1 1 59.933) 4 (2 1 75.2815) 20 (1 1 92) 22 (1 0 97.8233) 24 (0 0 105.114) 9 (1 0 115.432) 29 (0 0 122.032) 12 (0 1 129.205) 19 (1 1 133.803) 32 (1 0 138.622) 17 (2 0 144.55) 37 (1 0 155) 39 (0 0 165.562) 70 (0 0 720) 

- route 11: 51 (0 0 102.587) 103 (1 0 104.587) 23 (0 0 105.998) 106 (1 0 114.211) 26 (0 0 116.217) 14 (0 1 125.58) 15 (1 1 137.705) 35 (0 1 151) 34 (0 0 156) 71 (0 0 720) 

- route 12: 52 (0 0 720) 72 (0 0 720) 

- route 13: 53 (0 0 720) 73 (0 0 720) 

- route 14: 54 (0 0 720) 74 (0 0 720) 

- route 15: 55 (0 0 91.3824) 101 (1 0 93.3824) 21 (0 0 95.8337) 8 (1 0 120.951) 28 (0 0 124) 18 (1 0 148.34) 38 (0 0 154) 75 (0 0 720) 

- route 16: 56 (0 0 720) 76 (0 0 720) 

- route 17: 57 (0 0 720) 77 (0 0 720) 

- route 18: 58 (0 0 720) 78 (0 0 720) 

- route 19: 59 (0 0 720) 79 (0 0 720) 


Data DARP: datafile_20_req.txt
Transfers: 1
Relative MRT: 1
MRT factor: 1.5
Speed factor PT : 1
PT interval: 10
Iterations: 25000
Iter without impr: 500
Max removal pct: 0.3
Max deterior pct: 0.04
Clustered removal: 0
IDARP adapted: 1
Without operator:  0
Terminals per node: 3
Priority non PT: 0
Priority PT: 0
Priority long: 0
Priority short: 0
Current iteration: 10000
Total distance: 294.845
Computation time: 18.8663
Average ride time: 21.2732
Pct PT users: 0.2
Users PT: 1 3 6 10 

- route 0: 40 (0 0 93.9092) 10 (1 0 95.9546) 90 (0 0 99) 7 (0 1 111.126) 27 (0 0 117) 13 (1 0 136.338) 33 (0 0 146) 60 (0 0 720) 

- route 1: 41 (0 0 720) 61 (0 0 720) 

- route 2: 42 (0 0 39.192) 1 (1 0 43.0199) 81 (0 0 47) 16 (1 0 140.95) 36 (0 0 146) 62 (0 0 720) 

- route 3: 43 (0 0 720) 63 (0 0 720) 

- route 4: 44 (0 0 720) 64 (0 0 720) 

- route 5: 45 (0 0 71.503) 6 (1 0 73.0518) 86 (0 0 75) 5 (0 1 94.7101) 25 (0 0 109.585) 11 (0 1 124.607) 31 (0 0 145) 65 (0 0 720) 

- route 6: 46 (0 0 44.4822) 3 (1 0 52.3259) 83 (0 0 59) 110 (1 0 125.496) 30 (0 0 127.59) 66 (0 0 720) 

- route 7: 47 (0 0 720) 67 (0 0 720) 

- route 8: 48 (0 0 720) 68 (0 0 720) 

- route 9: 49 (0 0 720) 69 (0 0 720) 

- route 10: 50 (0 0 47.7403) 2 (0 1 50.0485) 0 (1 1 59.933) 4 (2 1 75.2815) 20 (1 1 92) 22 (1 0 97.8233) 24 (0 0 105.114) 9 (1 0 115.432) 29 (0 0 122.032) 12 (0 1 129.205) 19 (1 1 133.803) 32 (1 0 138.622) 17 (2 0 144.55) 37 (1 0 155) 39 (0 0 165.562) 70 (0 0 720) 

- route 11: 51 (0 0 102.587) 103 (1 0 104.587) 23 (0 0 105.998) 106 (1 0 114.211) 26 (0 0 116.217) 14 (0 1 125.58) 15 (1 1 137.705) 35 (0 1 151) 34 (0 0 156) 71 (0 0 720) 

- route 12: 52 (0 0 720) 72 (0 0 720) 

- route 13: 53 (0 0 720) 73 (0 0 720) 

- route 14: 54 (0 0 720) 74 (0 0 720) 

- route 15: 55 (0 0 91.3824) 101 (1 0 93.3824) 21 (0 0 95.8337) 8 (1 0 120.951) 28 (0 0 124) 18 (1 0 148.34) 38 (0 0 154) 75 (0 0 720) 

- route 16: 56 (0 0 720) 76 (0 0 720) 

- route 17: 57 (0 0 720) 77 (0 0 720) 

- route 18: 58 (0 0 720) 78 (0 0 720) 

- route 19: 59 (0 0 720) 79 (0 0 720) 


Data DARP: datafile_20_req.txt
Transfers: 1
Relative MRT: 1
MRT factor: 1.5
Speed factor PT : 1
PT interval: 10
Iterations: 25000
Iter without impr: 500
Max removal pct: 0.3
Max deterior pct: 0.04
Clustered removal: 0
IDARP adapted: 1
Without operator:  0
Terminals per node: 3
Priority non PT: 0
Priority PT: 0
Priority long: 0
Priority short: 0
Current iteration: 15000
Total distance: 294.845
Computation time: 28.2759
Average ride time: 21.2732
Pct PT users: 0.2
Users PT: 1 3 6 10 

- route 0: 40 (0 0 93.9092) 10 (1 0 95.9546) 90 (0 0 99) 7 (0 1 111.126) 27 (0 0 117) 13 (1 0 136.338) 33 (0 0 146) 60 (0 0 720) 

- route 1: 41 (0 0 720) 61 (0 0 720) 

- route 2: 42 (0 0 39.192) 1 (1 0 43.0199) 81 (0 0 47) 16 (1 0 140.95) 36 (0 0 146) 62 (0 0 720) 

- route 3: 43 (0 0 720) 63 (0 0 720) 

- route 4: 44 (0 0 720) 64 (0 0 720) 

- route 5: 45 (0 0 71.503) 6 (1 0 73.0518) 86 (0 0 75) 5 (0 1 94.7101) 25 (0 0 109.585) 11 (0 1 124.607) 31 (0 0 145) 65 (0 0 720) 

- route 6: 46 (0 0 44.4822) 3 (1 0 52.3259) 83 (0 0 59) 110 (1 0 125.496) 30 (0 0 127.59) 66 (0 0 720) 

- route 7: 47 (0 0 720) 67 (0 0 720) 

- route 8: 48 (0 0 720) 68 (0 0 720) 

- route 9: 49 (0 0 720) 69 (0 0 720) 

- route 10: 50 (0 0 47.7403) 2 (0 1 50.0485) 0 (1 1 59.933) 4 (2 1 75.2815) 20 (1 1 92) 22 (1 0 97.8233) 24 (0 0 105.114) 9 (1 0 115.432) 29 (0 0 122.032) 12 (0 1 129.205) 19 (1 1 133.803) 32 (1 0 138.622) 17 (2 0 144.55) 37 (1 0 155) 39 (0 0 165.562) 70 (0 0 720) 

- route 11: 51 (0 0 102.587) 103 (1 0 104.587) 23 (0 0 105.998) 106 (1 0 114.211) 26 (0 0 116.217) 14 (0 1 125.58) 15 (1 1 137.705) 35 (0 1 151) 34 (0 0 156) 71 (0 0 720) 

- route 12: 52 (0 0 720) 72 (0 0 720) 

- route 13: 53 (0 0 720) 73 (0 0 720) 

- route 14: 54 (0 0 720) 74 (0 0 720) 

- route 15: 55 (0 0 91.3824) 101 (1 0 93.3824) 21 (0 0 95.8337) 8 (1 0 120.951) 28 (0 0 124) 18 (1 0 148.34) 38 (0 0 154) 75 (0 0 720) 

- route 16: 56 (0 0 720) 76 (0 0 720) 

- route 17: 57 (0 0 720) 77 (0 0 720) 

- route 18: 58 (0 0 720) 78 (0 0 720) 

- route 19: 59 (0 0 720) 79 (0 0 720) 


Data DARP: datafile_20_req.txt
Transfers: 1
Relative MRT: 1
MRT factor: 1.5
Speed factor PT : 1
PT interval: 10
Iterations: 25000
Iter without impr: 500
Max removal pct: 0.3
Max deterior pct: 0.04
Clustered removal: 0
IDARP adapted: 1
Without operator:  0
Terminals per node: 3
Priority non PT: 0
Priority PT: 0
Priority long: 0
Priority short: 0
Current iteration: 20000
Total distance: 294.845
Computation time: 37.5564
Average ride time: 21.2732
Pct PT users: 0.2
Users PT: 1 3 6 10 

- route 0: 40 (0 0 93.9092) 10 (1 0 95.9546) 90 (0 0 99) 7 (0 1 111.126) 27 (0 0 117) 13 (1 0 136.338) 33 (0 0 146) 60 (0 0 720) 

- route 1: 41 (0 0 720) 61 (0 0 720) 

- route 2: 42 (0 0 39.192) 1 (1 0 43.0199) 81 (0 0 47) 16 (1 0 140.95) 36 (0 0 146) 62 (0 0 720) 

- route 3: 43 (0 0 720) 63 (0 0 720) 

- route 4: 44 (0 0 720) 64 (0 0 720) 

- route 5: 45 (0 0 71.503) 6 (1 0 73.0518) 86 (0 0 75) 5 (0 1 94.7101) 25 (0 0 109.585) 11 (0 1 124.607) 31 (0 0 145) 65 (0 0 720) 

- route 6: 46 (0 0 44.4822) 3 (1 0 52.3259) 83 (0 0 59) 110 (1 0 125.496) 30 (0 0 127.59) 66 (0 0 720) 

- route 7: 47 (0 0 720) 67 (0 0 720) 

- route 8: 48 (0 0 720) 68 (0 0 720) 

- route 9: 49 (0 0 720) 69 (0 0 720) 

- route 10: 50 (0 0 47.7403) 2 (0 1 50.0485) 0 (1 1 59.933) 4 (2 1 75.2815) 20 (1 1 92) 22 (1 0 97.8233) 24 (0 0 105.114) 9 (1 0 115.432) 29 (0 0 122.032) 12 (0 1 129.205) 19 (1 1 133.803) 32 (1 0 138.622) 17 (2 0 144.55) 37 (1 0 155) 39 (0 0 165.562) 70 (0 0 720) 

- route 11: 51 (0 0 102.587) 103 (1 0 104.587) 23 (0 0 105.998) 106 (1 0 114.211) 26 (0 0 116.217) 14 (0 1 125.58) 15 (1 1 137.705) 35 (0 1 151) 34 (0 0 156) 71 (0 0 720) 

- route 12: 52 (0 0 720) 72 (0 0 720) 

- route 13: 53 (0 0 720) 73 (0 0 720) 

- route 14: 54 (0 0 720) 74 (0 0 720) 

- route 15: 55 (0 0 91.3824) 101 (1 0 93.3824) 21 (0 0 95.8337) 8 (1 0 120.951) 28 (0 0 124) 18 (1 0 148.34) 38 (0 0 154) 75 (0 0 720) 

- route 16: 56 (0 0 720) 76 (0 0 720) 

- route 17: 57 (0 0 720) 77 (0 0 720) 

- route 18: 58 (0 0 720) 78 (0 0 720) 

- route 19: 59 (0 0 720) 79 (0 0 720) 


Data DARP: datafile_20_req.txt
Transfers: 1
Relative MRT: 1
MRT factor: 1.5
Speed factor PT : 1
PT interval: 10
Iterations: 25000
Iter without impr: 500
Max removal pct: 0.3
Max deterior pct: 0.04
Clustered removal: 0
IDARP adapted: 1
Without operator:  0
Terminals per node: 3
Priority non PT: 0
Priority PT: 0
Priority long: 0
Priority short: 0
Current iteration: 25000
Total distance: 294.845
Computation time: 47.0278
Average ride time: 21.2732
Pct PT users: 0.2
Users PT: 1 3 6 10 

- route 0: 40 (0 0 93.9092) 10 (1 0 95.9546) 90 (0 0 99) 7 (0 1 111.126) 27 (0 0 117) 13 (1 0 136.338) 33 (0 0 146) 60 (0 0 720) 

- route 1: 41 (0 0 720) 61 (0 0 720) 

- route 2: 42 (0 0 39.192) 1 (1 0 43.0199) 81 (0 0 47) 16 (1 0 140.95) 36 (0 0 146) 62 (0 0 720) 

- route 3: 43 (0 0 720) 63 (0 0 720) 

- route 4: 44 (0 0 720) 64 (0 0 720) 

- route 5: 45 (0 0 71.503) 6 (1 0 73.0518) 86 (0 0 75) 5 (0 1 94.7101) 25 (0 0 109.585) 11 (0 1 124.607) 31 (0 0 145) 65 (0 0 720) 

- route 6: 46 (0 0 44.4822) 3 (1 0 52.3259) 83 (0 0 59) 110 (1 0 125.496) 30 (0 0 127.59) 66 (0 0 720) 

- route 7: 47 (0 0 720) 67 (0 0 720) 

- route 8: 48 (0 0 720) 68 (0 0 720) 

- route 9: 49 (0 0 720) 69 (0 0 720) 

- route 10: 50 (0 0 47.7403) 2 (0 1 50.0485) 0 (1 1 59.933) 4 (2 1 75.2815) 20 (1 1 92) 22 (1 0 97.8233) 24 (0 0 105.114) 9 (1 0 115.432) 29 (0 0 122.032) 12 (0 1 129.205) 19 (1 1 133.803) 32 (1 0 138.622) 17 (2 0 144.55) 37 (1 0 155) 39 (0 0 165.562) 70 (0 0 720) 

- route 11: 51 (0 0 102.587) 103 (1 0 104.587) 23 (0 0 105.998) 106 (1 0 114.211) 26 (0 0 116.217) 14 (0 1 125.58) 15 (1 1 137.705) 35 (0 1 151) 34 (0 0 156) 71 (0 0 720) 

- route 12: 52 (0 0 720) 72 (0 0 720) 

- route 13: 53 (0 0 720) 73 (0 0 720) 

- route 14: 54 (0 0 720) 74 (0 0 720) 

- route 15: 55 (0 0 91.3824) 101 (1 0 93.3824) 21 (0 0 95.8337) 8 (1 0 120.951) 28 (0 0 124) 18 (1 0 148.34) 38 (0 0 154) 75 (0 0 720) 

- route 16: 56 (0 0 720) 76 (0 0 720) 

- route 17: 57 (0 0 720) 77 (0 0 720) 

- route 18: 58 (0 0 720) 78 (0 0 720) 

- route 19: 59 (0 0 720) 79 (0 0 720) 


Data DARP: datafile_20_req.txt
Transfers: 1
Relative MRT: 1
MRT factor: 1.5
Speed factor PT : 1
PT interval: 10
Iterations: 25000
Iter without impr: 500
Max removal pct: 0.3
Max deterior pct: 0.04
Clustered removal: 0
IDARP adapted: 1
Without operator:  0
Terminals per node: 3
Priority non PT: 0
Priority PT: 0
Priority long: 0
Priority short: 0
Current iteration: 0
Total distance: 347.055
Computation time: 0.0351342
Average ride time: 21.1254
Pct PT users: 0.25
Users PT: 1 3 4 6 10 

- route 0: 40 (0 0 63.8518) 4 (1 0 67.7482) 84 (0 0 71) 7 (0 1 97.6324) 27 (0 0 103.507) 10 (1 0 108.292) 90 (0 0 111) 16 (1 0 140.95) 36 (0 0 146) 60 (0 0 720) 

- route 1: 41 (0 0 39.192) 1 (1 0 43.0199) 81 (0 0 47) 11 (0 1 124.607) 31 (0 0 145) 61 (0 0 720) 

- route 2: 42 (0 0 129.849) 13 (1 0 136.338) 33 (0 0 146) 62 (0 0 720) 

- route 3: 43 (0 0 720) 63 (0 0 720) 

- route 4: 44 (0 0 720) 64 (0 0 720) 

- route 5: 45 (0 0 44.4822) 3 (1 0 52.3259) 83 (0 0 59) 6 (1 0 73.0518) 86 (0 0 75) 5 (0 1 88.3008) 104 (1 1 94.2947) 24 (0 1 97.5808) 25 (0 0 109.114) 19 (1 0 131.283) 110 (2 0 137.834) 30 (1 0 139.928) 39 (0 0 163.041) 65 (0 0 720) 

- route 6: 46 (0 0 720) 66 (0 0 720) 

- route 7: 47 (0 0 720) 67 (0 0 720) 

- route 8: 48 (0 0 720) 68 (0 0 720) 

- route 9: 49 (0 0 720) 69 (0 0 720) 

- route 10: 50 (0 0 54.7042) 2 (0 1 57.0124) 0 (1 1 66.8968) 20 (0 1 92) 22 (0 0 104.787) 9 (1 0 117.363) 29 (0 0 123.963) 12 (0 1 131.135) 32 (0 0 138.622) 17 (1 0 144.55) 37 (0 0 155) 70 (0 0 720) 

- route 11: 51 (0 0 102.587) 103 (1 0 104.587) 23 (0 0 105.998) 106 (1 0 114.211) 26 (0 0 116.217) 14 (0 1 125.58) 15 (1 1 137.705) 35 (0 1 151) 34 (0 0 156) 71 (0 0 720) 

- route 12: 52 (0 0 720) 72 (0 0 720) 

- route 13: 53 (0 0 720) 73 (0 0 720) 

- route 14: 54 (0 0 720) 74 (0 0 720) 

- route 15: 55 (0 0 91.3824) 101 (1 0 93.3824) 21 (0 0 95.8337) 8 (1 0 120.951) 28 (0 0 124) 18 (1 0 148.34) 38 (0 0 154) 75 (0 0 720) 

- route 16: 56 (0 0 720) 76 (0 0 720) 

- route 17: 57 (0 0 720) 77 (0 0 720) 

- route 18: 58 (0 0 720) 78 (0 0 720) 

- route 19: 59 (0 0 720) 79 (0 0 720) 


Data DARP: datafile_20_req.txt
Transfers: 1
Relative MRT: 1
MRT factor: 1.5
Speed factor PT : 1
PT interval: 10
Iterations: 25000
Iter without impr: 500
Max removal pct: 0.3
Max deterior pct: 0.04
Clustered removal: 0
IDARP adapted: 1
Without operator:  0
Terminals per node: 3
Priority non PT: 0
Priority PT: 0
Priority long: 0
Priority short: 0
Current iteration: 5000
Total distance: 294.845
Computation time: 9.43314
Average ride time: 21.2732
Pct PT users: 0.2
Users PT: 1 3 6 10 

- route 0: 40 (0 0 39.192) 1 (1 0 43.0199) 81 (0 0 47) 16 (1 0 140.95) 36 (0 0 146) 60 (0 0 720) 

- route 1: 41 (0 0 103.909) 10 (1 0 105.955) 90 (0 0 109) 61 (0 0 720) 

- route 2: 42 (0 0 107.646) 7 (0 1 111.126) 27 (0 0 117) 13 (1 0 136.338) 33 (0 0 146) 62 (0 0 720) 

- route 3: 43 (0 0 720) 63 (0 0 720) 

- route 4: 44 (0 0 720) 64 (0 0 720) 

- route 5: 45 (0 0 44.4822) 3 (1 0 52.3259) 83 (0 0 59) 110 (1 0 135.496) 30 (0 0 137.59) 65 (0 0 720) 

- route 6: 46 (0 0 71.503) 6 (1 0 73.0518) 86 (0 0 75) 5 (0 1 94.7101) 25 (0 0 109.585) 11 (0 1 124.607) 31 (0 0 145) 66 (0 0 720) 

- route 7: 47 (0 0 720) 67 (0 0 720) 

- route 8: 48 (0 0 720) 68 (0 0 720) 

- route 9: 49 (0 0 720) 69 (0 0 720) 

- route 10: 50 (0 0 47.7403) 2 (0 1 50.0485) 0 (1 1 59.933) 4 (2 1 75.2815) 20 (1 1 92) 22 (1 0 97.8233) 24 (0 0 105.114) 9 (1 0 115.432) 29 (0 0 122.032) 12 (0 1 129.205) 19 (1 1 133.803) 32 (1 0 138.622) 17 (2 0 144.55) 37 (1 0 155) 39 (0 0 165.562) 70 (0 0 720) 

- route 11: 51 (0 0 102.587) 103 (1 0 104.587) 23 (0 0 105.998) 106 (1 0 114.211) 26 (0 0 116.217) 14 (0 1 125.58) 15 (1 1 137.705) 35 (0 1 151) 34 (0 0 156) 71 (0 0 720) 

- route 12: 52 (0 0 720) 72 (0 0 720) 

- route 13: 53 (0 0 720) 73 (0 0 720) 

- route 14: 54 (0 0 720) 74 (0 0 720) 

- route 15: 55 (0 0 91.3824) 101 (1 0 93.3824) 21 (0 0 95.8337) 8 (1 0 120.951) 28 (0 0 124) 18 (1 0 148.34) 38 (0 0 154) 75 (0 0 720) 

- route 16: 56 (0 0 720) 76 (0 0 720) 

- route 17: 57 (0 0 720) 77 (0 0 720) 

- route 18: 58 (0 0 720) 78 (0 0 720) 

- route 19: 59 (0 0 720) 79 (0 0 720) 


Data DARP: datafile_20_req.txt
Transfers: 1
Relative MRT: 1
MRT factor: 1.5
Speed factor PT : 1
PT interval: 10
Iterations: 25000
Iter without impr: 500
Max removal pct: 0.3
Max deterior pct: 0.04
Clustered removal: 0
IDARP adapted: 1
Without operator:  0
Terminals per node: 3
Priority non PT: 0
Priority PT: 0
Priority long: 0
Priority short: 0
Current iteration: 10000
Total distance: 294.845
Computation time: 18.8691
Average ride time: 21.2732
Pct PT users: 0.2
Users PT: 1 3 6 10 

- route 0: 40 (0 0 39.192) 1 (1 0 43.0199) 81 (0 0 47) 16 (1 0 140.95) 36 (0 0 146) 60 (0 0 720) 

- route 1: 41 (0 0 103.909) 10 (1 0 105.955) 90 (0 0 109) 61 (0 0 720) 

- route 2: 42 (0 0 107.646) 7 (0 1 111.126) 27 (0 0 117) 13 (1 0 136.338) 33 (0 0 146) 62 (0 0 720) 

- route 3: 43 (0 0 720) 63 (0 0 720) 

- route 4: 44 (0 0 720) 64 (0 0 720) 

- route 5: 45 (0 0 44.4822) 3 (1 0 52.3259) 83 (0 0 59) 110 (1 0 135.496) 30 (0 0 137.59) 65 (0 0 720) 

- route 6: 46 (0 0 71.503) 6 (1 0 73.0518) 86 (0 0 75) 5 (0 1 94.7101) 25 (0 0 109.585) 11 (0 1 124.607) 31 (0 0 145) 66 (0 0 720) 

- route 7: 47 (0 0 720) 67 (0 0 720) 

- route 8: 48 (0 0 720) 68 (0 0 720) 

- route 9: 49 (0 0 720) 69 (0 0 720) 

- route 10: 50 (0 0 47.7403) 2 (0 1 50.0485) 0 (1 1 59.933) 4 (2 1 75.2815) 20 (1 1 92) 22 (1 0 97.8233) 24 (0 0 105.114) 9 (1 0 115.432) 29 (0 0 122.032) 12 (0 1 129.205) 19 (1 1 133.803) 32 (1 0 138.622) 17 (2 0 144.55) 37 (1 0 155) 39 (0 0 165.562) 70 (0 0 720) 

- route 11: 51 (0 0 102.587) 103 (1 0 104.587) 23 (0 0 105.998) 106 (1 0 114.211) 26 (0 0 116.217) 14 (0 1 125.58) 15 (1 1 137.705) 35 (0 1 151) 34 (0 0 156) 71 (0 0 720) 

- route 12: 52 (0 0 720) 72 (0 0 720) 

- route 13: 53 (0 0 720) 73 (0 0 720) 

- route 14: 54 (0 0 720) 74 (0 0 720) 

- route 15: 55 (0 0 91.3824) 101 (1 0 93.3824) 21 (0 0 95.8337) 8 (1 0 120.951) 28 (0 0 124) 18 (1 0 148.34) 38 (0 0 154) 75 (0 0 720) 

- route 16: 56 (0 0 720) 76 (0 0 720) 

- route 17: 57 (0 0 720) 77 (0 0 720) 

- route 18: 58 (0 0 720) 78 (0 0 720) 

- route 19: 59 (0 0 720) 79 (0 0 720) 


Data DARP: datafile_20_req.txt
Transfers: 1
Relative MRT: 1
MRT factor: 1.5
Speed factor PT : 1
PT interval: 10
Iterations: 25000
Iter without impr: 500
Max removal pct: 0.3
Max deterior pct: 0.04
Clustered removal: 0
IDARP adapted: 1
Without operator:  0
Terminals per node: 3
Priority non PT: 0
Priority PT: 0
Priority long: 0
Priority short: 0
Current iteration: 15000
Total distance: 294.845
Computation time: 28.1496
Average ride time: 21.2732
Pct PT users: 0.2
Users PT: 1 3 6 10 

- route 0: 40 (0 0 39.192) 1 (1 0 43.0199) 81 (0 0 47) 16 (1 0 140.95) 36 (0 0 146) 60 (0 0 720) 

- route 1: 41 (0 0 103.909) 10 (1 0 105.955) 90 (0 0 109) 61 (0 0 720) 

- route 2: 42 (0 0 107.646) 7 (0 1 111.126) 27 (0 0 117) 13 (1 0 136.338) 33 (0 0 146) 62 (0 0 720) 

- route 3: 43 (0 0 720) 63 (0 0 720) 

- route 4: 44 (0 0 720) 64 (0 0 720) 

- route 5: 45 (0 0 44.4822) 3 (1 0 52.3259) 83 (0 0 59) 110 (1 0 135.496) 30 (0 0 137.59) 65 (0 0 720) 

- route 6: 46 (0 0 71.503) 6 (1 0 73.0518) 86 (0 0 75) 5 (0 1 94.7101) 25 (0 0 109.585) 11 (0 1 124.607) 31 (0 0 145) 66 (0 0 720) 

- route 7: 47 (0 0 720) 67 (0 0 720) 

- route 8: 48 (0 0 720) 68 (0 0 720) 

- route 9: 49 (0 0 720) 69 (0 0 720) 

- route 10: 50 (0 0 47.7403) 2 (0 1 50.0485) 0 (1 1 59.933) 4 (2 1 75.2815) 20 (1 1 92) 22 (1 0 97.8233) 24 (0 0 105.114) 9 (1 0 115.432) 29 (0 0 122.032) 12 (0 1 129.205) 19 (1 1 133.803) 32 (1 0 138.622) 17 (2 0 144.55) 37 (1 0 155) 39 (0 0 165.562) 70 (0 0 720) 

- route 11: 51 (0 0 102.587) 103 (1 0 104.587) 23 (0 0 105.998) 106 (1 0 114.211) 26 (0 0 116.217) 14 (0 1 125.58) 15 (1 1 137.705) 35 (0 1 151) 34 (0 0 156) 71 (0 0 720) 

- route 12: 52 (0 0 720) 72 (0 0 720) 

- route 13: 53 (0 0 720) 73 (0 0 720) 

- route 14: 54 (0 0 720) 74 (0 0 720) 

- route 15: 55 (0 0 91.3824) 101 (1 0 93.3824) 21 (0 0 95.8337) 8 (1 0 120.951) 28 (0 0 124) 18 (1 0 148.34) 38 (0 0 154) 75 (0 0 720) 

- route 16: 56 (0 0 720) 76 (0 0 720) 

- route 17: 57 (0 0 720) 77 (0 0 720) 

- route 18: 58 (0 0 720) 78 (0 0 720) 

- route 19: 59 (0 0 720) 79 (0 0 720) 


Data DARP: datafile_20_req.txt
Transfers: 1
Relative MRT: 1
MRT factor: 1.5
Speed factor PT : 1
PT interval: 10
Iterations: 25000
Iter without impr: 500
Max removal pct: 0.3
Max deterior pct: 0.04
Clustered removal: 0
IDARP adapted: 1
Without operator:  0
Terminals per node: 3
Priority non PT: 0
Priority PT: 0
Priority long: 0
Priority short: 0
Current iteration: 20000
Total distance: 294.845
Computation time: 37.4708
Average ride time: 21.2732
Pct PT users: 0.2
Users PT: 1 3 6 10 

- route 0: 40 (0 0 39.192) 1 (1 0 43.0199) 81 (0 0 47) 16 (1 0 140.95) 36 (0 0 146) 60 (0 0 720) 

- route 1: 41 (0 0 103.909) 10 (1 0 105.955) 90 (0 0 109) 61 (0 0 720) 

- route 2: 42 (0 0 107.646) 7 (0 1 111.126) 27 (0 0 117) 13 (1 0 136.338) 33 (0 0 146) 62 (0 0 720) 

- route 3: 43 (0 0 720) 63 (0 0 720) 

- route 4: 44 (0 0 720) 64 (0 0 720) 

- route 5: 45 (0 0 44.4822) 3 (1 0 52.3259) 83 (0 0 59) 110 (1 0 135.496) 30 (0 0 137.59) 65 (0 0 720) 

- route 6: 46 (0 0 71.503) 6 (1 0 73.0518) 86 (0 0 75) 5 (0 1 94.7101) 25 (0 0 109.585) 11 (0 1 124.607) 31 (0 0 145) 66 (0 0 720) 

- route 7: 47 (0 0 720) 67 (0 0 720) 

- route 8: 48 (0 0 720) 68 (0 0 720) 

- route 9: 49 (0 0 720) 69 (0 0 720) 

- route 10: 50 (0 0 47.7403) 2 (0 1 50.0485) 0 (1 1 59.933) 4 (2 1 75.2815) 20 (1 1 92) 22 (1 0 97.8233) 24 (0 0 105.114) 9 (1 0 115.432) 29 (0 0 122.032) 12 (0 1 129.205) 19 (1 1 133.803) 32 (1 0 138.622) 17 (2 0 144.55) 37 (1 0 155) 39 (0 0 165.562) 70 (0 0 720) 

- route 11: 51 (0 0 102.587) 103 (1 0 104.587) 23 (0 0 105.998) 106 (1 0 114.211) 26 (0 0 116.217) 14 (0 1 125.58) 15 (1 1 137.705) 35 (0 1 151) 34 (0 0 156) 71 (0 0 720) 

- route 12: 52 (0 0 720) 72 (0 0 720) 

- route 13: 53 (0 0 720) 73 (0 0 720) 

- route 14: 54 (0 0 720) 74 (0 0 720) 

- route 15: 55 (0 0 91.3824) 101 (1 0 93.3824) 21 (0 0 95.8337) 8 (1 0 120.951) 28 (0 0 124) 18 (1 0 148.34) 38 (0 0 154) 75 (0 0 720) 

- route 16: 56 (0 0 720) 76 (0 0 720) 

- route 17: 57 (0 0 720) 77 (0 0 720) 

- route 18: 58 (0 0 720) 78 (0 0 720) 

- route 19: 59 (0 0 720) 79 (0 0 720) 


Data DARP: datafile_20_req.txt
Transfers: 1
Relative MRT: 1
MRT factor: 1.5
Speed factor PT : 1
PT interval: 10
Iterations: 25000
Iter without impr: 500
Max removal pct: 0.3
Max deterior pct: 0.04
Clustered removal: 0
IDARP adapted: 1
Without operator:  0
Terminals per node: 3
Priority non PT: 0
Priority PT: 0
Priority long: 0
Priority short: 0
Current iteration: 25000
Total distance: 294.845
Computation time: 46.7956
Average ride time: 21.2732
Pct PT users: 0.2
Users PT: 1 3 6 10 

- route 0: 40 (0 0 39.192) 1 (1 0 43.0199) 81 (0 0 47) 16 (1 0 140.95) 36 (0 0 146) 60 (0 0 720) 

- route 1: 41 (0 0 103.909) 10 (1 0 105.955) 90 (0 0 109) 61 (0 0 720) 

- route 2: 42 (0 0 107.646) 7 (0 1 111.126) 27 (0 0 117) 13 (1 0 136.338) 33 (0 0 146) 62 (0 0 720) 

- route 3: 43 (0 0 720) 63 (0 0 720) 

- route 4: 44 (0 0 720) 64 (0 0 720) 

- route 5: 45 (0 0 44.4822) 3 (1 0 52.3259) 83 (0 0 59) 110 (1 0 135.496) 30 (0 0 137.59) 65 (0 0 720) 

- route 6: 46 (0 0 71.503) 6 (1 0 73.0518) 86 (0 0 75) 5 (0 1 94.7101) 25 (0 0 109.585) 11 (0 1 124.607) 31 (0 0 145) 66 (0 0 720) 

- route 7: 47 (0 0 720) 67 (0 0 720) 

- route 8: 48 (0 0 720) 68 (0 0 720) 

- route 9: 49 (0 0 720) 69 (0 0 720) 

- route 10: 50 (0 0 47.7403) 2 (0 1 50.0485) 0 (1 1 59.933) 4 (2 1 75.2815) 20 (1 1 92) 22 (1 0 97.8233) 24 (0 0 105.114) 9 (1 0 115.432) 29 (0 0 122.032) 12 (0 1 129.205) 19 (1 1 133.803) 32 (1 0 138.622) 17 (2 0 144.55) 37 (1 0 155) 39 (0 0 165.562) 70 (0 0 720) 

- route 11: 51 (0 0 102.587) 103 (1 0 104.587) 23 (0 0 105.998) 106 (1 0 114.211) 26 (0 0 116.217) 14 (0 1 125.58) 15 (1 1 137.705) 35 (0 1 151) 34 (0 0 156) 71 (0 0 720) 

- route 12: 52 (0 0 720) 72 (0 0 720) 

- route 13: 53 (0 0 720) 73 (0 0 720) 

- route 14: 54 (0 0 720) 74 (0 0 720) 

- route 15: 55 (0 0 91.3824) 101 (1 0 93.3824) 21 (0 0 95.8337) 8 (1 0 120.951) 28 (0 0 124) 18 (1 0 148.34) 38 (0 0 154) 75 (0 0 720) 

- route 16: 56 (0 0 720) 76 (0 0 720) 

- route 17: 57 (0 0 720) 77 (0 0 720) 

- route 18: 58 (0 0 720) 78 (0 0 720) 

- route 19: 59 (0 0 720) 79 (0 0 720) 


Data DARP: datafile_20_req.txt
Transfers: 1
Relative MRT: 1
MRT factor: 1.5
Speed factor PT : 1
PT interval: 10
Iterations: 2000
Iter without impr: 500
Max removal pct: 0.3
Max deterior pct: 0.04
Clustered removal: 0
IDARP adapted: 1
Without operator:  0
Terminals per node: 3
Priority non PT: 0
Priority PT: 0
Priority long: 0
Priority short: 0
Current iteration: 0
Total distance: 360.502
Computation time: 0.0104786
Average ride time: 20.2498
Pct PT users: 0.25
Users PT: 1 3 4 6 10 

- route 0: 40 (0 0 39.192) 1 (1 0 43.0199) 81 (0 0 47) 11 (0 1 116.885) 17 (1 1 139.459) 31 (1 0 145) 37 (0 0 154.633) 60 (0 0 720) 

- route 1: 41 (0 0 63.8518) 4 (1 0 67.7482) 84 (0 0 71) 10 (1 0 98.2925) 90 (0 0 101) 16 (1 0 140.95) 36 (0 0 146) 61 (0 0 720) 

- route 2: 42 (0 0 107.646) 7 (0 1 111.126) 27 (0 0 117) 13 (1 0 136.338) 33 (0 0 146) 62 (0 0 720) 

- route 3: 43 (0 0 720) 63 (0 0 720) 

- route 4: 44 (0 0 720) 64 (0 0 720) 

- route 5: 45 (0 0 54.4822) 3 (1 0 62.3259) 83 (0 0 69) 110 (1 0 127.194) 30 (0 0 129.288) 12 (0 1 134.514) 32 (0 0 142) 65 (0 0 720) 

- route 6: 46 (0 0 65.503) 6 (1 0 67.0518) 86 (0 0 69) 5 (0 1 87.0773) 104 (1 1 93.0712) 24 (0 1 96.3573) 25 (0 0 107.437) 9 (1 0 121.399) 29 (0 0 128) 66 (0 0 720) 

- route 7: 47 (0 0 720) 67 (0 0 720) 

- route 8: 48 (0 0 720) 68 (0 0 720) 

- route 9: 49 (0 0 720) 69 (0 0 720) 

- route 10: 50 (0 0 53.6178) 0 (1 0 60.3816) 20 (0 0 85.4848) 106 (1 0 106.173) 26 (0 0 109.752) 103 (1 0 112.589) 23 (0 0 114) 14 (0 1 125.58) 15 (1 1 137.705) 35 (0 1 151) 34 (0 0 156) 70 (0 0 720) 

- route 11: 51 (0 0 71.842) 2 (0 1 74.1502) 22 (0 0 107) 19 (1 0 146.494) 39 (0 0 168) 71 (0 0 720) 

- route 12: 52 (0 0 720) 72 (0 0 720) 

- route 13: 53 (0 0 720) 73 (0 0 720) 

- route 14: 54 (0 0 720) 74 (0 0 720) 

- route 15: 55 (0 0 91.3824) 101 (1 0 93.3824) 21 (0 0 95.8337) 8 (1 0 120.951) 28 (0 0 124) 18 (1 0 148.34) 38 (0 0 154) 75 (0 0 720) 

- route 16: 56 (0 0 720) 76 (0 0 720) 

- route 17: 57 (0 0 720) 77 (0 0 720) 

- route 18: 58 (0 0 720) 78 (0 0 720) 

- route 19: 59 (0 0 720) 79 (0 0 720) 


Data DARP: datafile_20_req.txt
Transfers: 1
Relative MRT: 1
MRT factor: 1.5
Speed factor PT : 1
PT interval: 10
Iterations: 2000
Iter without impr: 500
Max removal pct: 0.3
Max deterior pct: 0.04
Clustered removal: 0
IDARP adapted: 1
Without operator:  0
Terminals per node: 3
Priority non PT: 0
Priority PT: 0
Priority long: 0
Priority short: 0
Current iteration: 500
Total distance: 294.845
Computation time: 0.968649
Average ride time: 21.2732
Pct PT users: 0.2
Users PT: 1 3 6 10 

- route 0: 40 (0 0 39.192) 1 (1 0 43.0199) 81 (0 0 47) 16 (1 0 140.95) 36 (0 0 146) 60 (0 0 720) 

- route 1: 41 (0 0 93.9092) 10 (1 0 95.9546) 90 (0 0 99) 7 (0 1 111.126) 27 (0 0 117) 13 (1 0 136.338) 33 (0 0 146) 61 (0 0 720) 

- route 2: 42 (0 0 720) 62 (0 0 720) 

- route 3: 43 (0 0 720) 63 (0 0 720) 

- route 4: 44 (0 0 720) 64 (0 0 720) 

- route 5: 45 (0 0 71.503) 6 (1 0 73.0518) 86 (0 0 75) 5 (0 1 94.7101) 25 (0 0 109.585) 11 (0 1 124.607) 31 (0 0 145) 65 (0 0 720) 

- route 6: 46 (0 0 44.4822) 3 (1 0 52.3259) 83 (0 0 59) 110 (1 0 125.496) 30 (0 0 127.59) 66 (0 0 720) 

- route 7: 47 (0 0 720) 67 (0 0 720) 

- route 8: 48 (0 0 720) 68 (0 0 720) 

- route 9: 49 (0 0 720) 69 (0 0 720) 

- route 10: 50 (0 0 102.587) 103 (1 0 104.587) 23 (0 0 105.998) 106 (1 0 114.211) 26 (0 0 116.217) 14 (0 1 125.58) 15 (1 1 137.705) 35 (0 1 151) 34 (0 0 156) 70 (0 0 720) 

- route 11: 51 (0 0 47.7403) 2 (0 1 50.0485) 0 (1 1 59.933) 4 (2 1 75.2815) 20 (1 1 92) 22 (1 0 97.8233) 24 (0 0 105.114) 9 (1 0 115.432) 29 (0 0 122.032) 12 (0 1 129.205) 19 (1 1 133.803) 32 (1 0 138.622) 17 (2 0 144.55) 37 (1 0 155) 39 (0 0 165.562) 71 (0 0 720) 

- route 12: 52 (0 0 720) 72 (0 0 720) 

- route 13: 53 (0 0 720) 73 (0 0 720) 

- route 14: 54 (0 0 720) 74 (0 0 720) 

- route 15: 55 (0 0 91.3824) 101 (1 0 93.3824) 21 (0 0 95.8337) 8 (1 0 120.951) 28 (0 0 124) 18 (1 0 148.34) 38 (0 0 154) 75 (0 0 720) 

- route 16: 56 (0 0 720) 76 (0 0 720) 

- route 17: 57 (0 0 720) 77 (0 0 720) 

- route 18: 58 (0 0 720) 78 (0 0 720) 

- route 19: 59 (0 0 720) 79 (0 0 720) 


Data DARP: datafile_20_req.txt
Transfers: 1
Relative MRT: 1
MRT factor: 1.5
Speed factor PT : 1
PT interval: 10
Iterations: 2000
Iter without impr: 500
Max removal pct: 0.3
Max deterior pct: 0.04
Clustered removal: 0
IDARP adapted: 1
Without operator:  0
Terminals per node: 3
Priority non PT: 0
Priority PT: 0
Priority long: 0
Priority short: 0
Current iteration: 1000
Total distance: 294.845
Computation time: 1.89437
Average ride time: 21.2732
Pct PT users: 0.2
Users PT: 1 3 6 10 

- route 0: 40 (0 0 39.192) 1 (1 0 43.0199) 81 (0 0 47) 16 (1 0 140.95) 36 (0 0 146) 60 (0 0 720) 

- route 1: 41 (0 0 93.9092) 10 (1 0 95.9546) 90 (0 0 99) 7 (0 1 111.126) 27 (0 0 117) 13 (1 0 136.338) 33 (0 0 146) 61 (0 0 720) 

- route 2: 42 (0 0 720) 62 (0 0 720) 

- route 3: 43 (0 0 720) 63 (0 0 720) 

- route 4: 44 (0 0 720) 64 (0 0 720) 

- route 5: 45 (0 0 71.503) 6 (1 0 73.0518) 86 (0 0 75) 5 (0 1 94.7101) 25 (0 0 109.585) 11 (0 1 124.607) 31 (0 0 145) 65 (0 0 720) 

- route 6: 46 (0 0 44.4822) 3 (1 0 52.3259) 83 (0 0 59) 110 (1 0 125.496) 30 (0 0 127.59) 66 (0 0 720) 

- route 7: 47 (0 0 720) 67 (0 0 720) 

- route 8: 48 (0 0 720) 68 (0 0 720) 

- route 9: 49 (0 0 720) 69 (0 0 720) 

- route 10: 50 (0 0 102.587) 103 (1 0 104.587) 23 (0 0 105.998) 106 (1 0 114.211) 26 (0 0 116.217) 14 (0 1 125.58) 15 (1 1 137.705) 35 (0 1 151) 34 (0 0 156) 70 (0 0 720) 

- route 11: 51 (0 0 47.7403) 2 (0 1 50.0485) 0 (1 1 59.933) 4 (2 1 75.2815) 20 (1 1 92) 22 (1 0 97.8233) 24 (0 0 105.114) 9 (1 0 115.432) 29 (0 0 122.032) 12 (0 1 129.205) 19 (1 1 133.803) 32 (1 0 138.622) 17 (2 0 144.55) 37 (1 0 155) 39 (0 0 165.562) 71 (0 0 720) 

- route 12: 52 (0 0 720) 72 (0 0 720) 

- route 13: 53 (0 0 720) 73 (0 0 720) 

- route 14: 54 (0 0 720) 74 (0 0 720) 

- route 15: 55 (0 0 91.3824) 101 (1 0 93.3824) 21 (0 0 95.8337) 8 (1 0 120.951) 28 (0 0 124) 18 (1 0 148.34) 38 (0 0 154) 75 (0 0 720) 

- route 16: 56 (0 0 720) 76 (0 0 720) 

- route 17: 57 (0 0 720) 77 (0 0 720) 

- route 18: 58 (0 0 720) 78 (0 0 720) 

- route 19: 59 (0 0 720) 79 (0 0 720) 


Data DARP: datafile_20_req.txt
Transfers: 1
Relative MRT: 1
MRT factor: 1.5
Speed factor PT : 1
PT interval: 10
Iterations: 2000
Iter without impr: 500
Max removal pct: 0.3
Max deterior pct: 0.04
Clustered removal: 0
IDARP adapted: 1
Without operator:  0
Terminals per node: 3
Priority non PT: 0
Priority PT: 0
Priority long: 0
Priority short: 0
Current iteration: 1500
Total distance: 294.845
Computation time: 2.84236
Average ride time: 21.2732
Pct PT users: 0.2
Users PT: 1 3 6 10 

- route 0: 40 (0 0 39.192) 1 (1 0 43.0199) 81 (0 0 47) 16 (1 0 140.95) 36 (0 0 146) 60 (0 0 720) 

- route 1: 41 (0 0 93.9092) 10 (1 0 95.9546) 90 (0 0 99) 7 (0 1 111.126) 27 (0 0 117) 13 (1 0 136.338) 33 (0 0 146) 61 (0 0 720) 

- route 2: 42 (0 0 720) 62 (0 0 720) 

- route 3: 43 (0 0 720) 63 (0 0 720) 

- route 4: 44 (0 0 720) 64 (0 0 720) 

- route 5: 45 (0 0 71.503) 6 (1 0 73.0518) 86 (0 0 75) 5 (0 1 94.7101) 25 (0 0 109.585) 11 (0 1 124.607) 31 (0 0 145) 65 (0 0 720) 

- route 6: 46 (0 0 44.4822) 3 (1 0 52.3259) 83 (0 0 59) 110 (1 0 125.496) 30 (0 0 127.59) 66 (0 0 720) 

- route 7: 47 (0 0 720) 67 (0 0 720) 

- route 8: 48 (0 0 720) 68 (0 0 720) 

- route 9: 49 (0 0 720) 69 (0 0 720) 

- route 10: 50 (0 0 102.587) 103 (1 0 104.587) 23 (0 0 105.998) 106 (1 0 114.211) 26 (0 0 116.217) 14 (0 1 125.58) 15 (1 1 137.705) 35 (0 1 151) 34 (0 0 156) 70 (0 0 720) 

- route 11: 51 (0 0 47.7403) 2 (0 1 50.0485) 0 (1 1 59.933) 4 (2 1 75.2815) 20 (1 1 92) 22 (1 0 97.8233) 24 (0 0 105.114) 9 (1 0 115.432) 29 (0 0 122.032) 12 (0 1 129.205) 19 (1 1 133.803) 32 (1 0 138.622) 17 (2 0 144.55) 37 (1 0 155) 39 (0 0 165.562) 71 (0 0 720) 

- route 12: 52 (0 0 720) 72 (0 0 720) 

- route 13: 53 (0 0 720) 73 (0 0 720) 

- route 14: 54 (0 0 720) 74 (0 0 720) 

- route 15: 55 (0 0 91.3824) 101 (1 0 93.3824) 21 (0 0 95.8337) 8 (1 0 120.951) 28 (0 0 124) 18 (1 0 148.34) 38 (0 0 154) 75 (0 0 720) 

- route 16: 56 (0 0 720) 76 (0 0 720) 

- route 17: 57 (0 0 720) 77 (0 0 720) 

- route 18: 58 (0 0 720) 78 (0 0 720) 

- route 19: 59 (0 0 720) 79 (0 0 720) 


Data DARP: datafile_20_req.txt
Transfers: 1
Relative MRT: 1
MRT factor: 1.5
Speed factor PT : 1
PT interval: 10
Iterations: 2000
Iter without impr: 500
Max removal pct: 0.3
Max deterior pct: 0.04
Clustered removal: 0
IDARP adapted: 1
Without operator:  0
Terminals per node: 3
Priority non PT: 0
Priority PT: 0
Priority long: 0
Priority short: 0
Current iteration: 2000
Total distance: 294.845
Computation time: 3.77517
Average ride time: 21.2732
Pct PT users: 0.2
Users PT: 1 3 6 10 

- route 0: 40 (0 0 39.192) 1 (1 0 43.0199) 81 (0 0 47) 16 (1 0 140.95) 36 (0 0 146) 60 (0 0 720) 

- route 1: 41 (0 0 93.9092) 10 (1 0 95.9546) 90 (0 0 99) 7 (0 1 111.126) 27 (0 0 117) 13 (1 0 136.338) 33 (0 0 146) 61 (0 0 720) 

- route 2: 42 (0 0 720) 62 (0 0 720) 

- route 3: 43 (0 0 720) 63 (0 0 720) 

- route 4: 44 (0 0 720) 64 (0 0 720) 

- route 5: 45 (0 0 71.503) 6 (1 0 73.0518) 86 (0 0 75) 5 (0 1 94.7101) 25 (0 0 109.585) 11 (0 1 124.607) 31 (0 0 145) 65 (0 0 720) 

- route 6: 46 (0 0 44.4822) 3 (1 0 52.3259) 83 (0 0 59) 110 (1 0 125.496) 30 (0 0 127.59) 66 (0 0 720) 

- route 7: 47 (0 0 720) 67 (0 0 720) 

- route 8: 48 (0 0 720) 68 (0 0 720) 

- route 9: 49 (0 0 720) 69 (0 0 720) 

- route 10: 50 (0 0 102.587) 103 (1 0 104.587) 23 (0 0 105.998) 106 (1 0 114.211) 26 (0 0 116.217) 14 (0 1 125.58) 15 (1 1 137.705) 35 (0 1 151) 34 (0 0 156) 70 (0 0 720) 

- route 11: 51 (0 0 47.7403) 2 (0 1 50.0485) 0 (1 1 59.933) 4 (2 1 75.2815) 20 (1 1 92) 22 (1 0 97.8233) 24 (0 0 105.114) 9 (1 0 115.432) 29 (0 0 122.032) 12 (0 1 129.205) 19 (1 1 133.803) 32 (1 0 138.622) 17 (2 0 144.55) 37 (1 0 155) 39 (0 0 165.562) 71 (0 0 720) 

- route 12: 52 (0 0 720) 72 (0 0 720) 

- route 13: 53 (0 0 720) 73 (0 0 720) 

- route 14: 54 (0 0 720) 74 (0 0 720) 

- route 15: 55 (0 0 91.3824) 101 (1 0 93.3824) 21 (0 0 95.8337) 8 (1 0 120.951) 28 (0 0 124) 18 (1 0 148.34) 38 (0 0 154) 75 (0 0 720) 

- route 16: 56 (0 0 720) 76 (0 0 720) 

- route 17: 57 (0 0 720) 77 (0 0 720) 

- route 18: 58 (0 0 720) 78 (0 0 720) 

- route 19: 59 (0 0 720) 79 (0 0 720) 


Data DARP: datafile_20_req.txt
Transfers: 1
Relative MRT: 1
MRT factor: 1.5
Speed factor PT : 1
PT interval: 10
Iterations: 2000
Iter without impr: 500
Max removal pct: 0.3
Max deterior pct: 0.04
Clustered removal: 0
IDARP adapted: 1
Without operator:  0
Terminals per node: 3
Priority non PT: 0
Priority PT: 0
Priority long: 0
Priority short: 0
Current iteration: 0
Total distance: 403.899
Computation time: 0.0106663
Average ride time: 20.3727
Pct PT users: 0.3
Users PT: 1 3 4 6 10 15 

- route 0: 40 (0 0 39.192) 1 (1 0 43.0199) 81 (0 0 47) 4 (1 0 67.7482) 84 (0 0 71) 10 (1 0 95.9546) 90 (0 0 99) 7 (0 1 111.126) 27 (0 0 117) 115 (1 0 145.906) 35 (0 0 150.834) 60 (0 0 720) 

- route 1: 41 (0 0 118.706) 13 (1 0 125.195) 33 (0 0 134.857) 16 (1 0 140.95) 36 (0 0 146) 61 (0 0 720) 

- route 2: 42 (0 0 720) 62 (0 0 720) 

- route 3: 43 (0 0 720) 63 (0 0 720) 

- route 4: 44 (0 0 720) 64 (0 0 720) 

- route 5: 45 (0 0 44.4822) 3 (1 0 52.3259) 83 (0 0 59) 6 (1 0 73.0518) 86 (0 0 75) 5 (0 1 86.4189) 104 (1 1 92.4128) 24 (0 1 95.6989) 25 (0 0 106.778) 9 (1 0 120.741) 29 (0 0 127.342) 12 (0 1 134.514) 32 (0 0 142) 65 (0 0 720) 

- route 6: 46 (0 0 121.673) 110 (1 0 123.673) 30 (0 0 127.59) 17 (1 0 144.55) 37 (0 0 155) 66 (0 0 720) 

- route 7: 47 (0 0 720) 67 (0 0 720) 

- route 8: 48 (0 0 720) 68 (0 0 720) 

- route 9: 49 (0 0 720) 69 (0 0 720) 

- route 10: 50 (0 0 49.2128) 0 (1 0 55.9765) 20 (0 0 81.0797) 103 (1 0 104.587) 23 (0 0 105.998) 14 (0 1 119.267) 15 (1 1 131.392) 95 (0 1 133) 34 (0 0 156) 70 (0 0 720) 

- route 11: 51 (0 0 58.3547) 2 (0 1 60.6628) 22 (0 0 93.5127) 11 (0 1 116.002) 31 (0 0 136.395) 19 (1 0 146.494) 39 (0 0 168) 71 (0 0 720) 

- route 12: 52 (0 0 110.211) 106 (1 0 114.211) 26 (0 0 116.217) 72 (0 0 720) 

- route 13: 53 (0 0 720) 73 (0 0 720) 

- route 14: 54 (0 0 720) 74 (0 0 720) 

- route 15: 55 (0 0 91.3824) 101 (1 0 93.3824) 21 (0 0 95.8337) 8 (1 0 120.951) 28 (0 0 124) 18 (1 0 148.34) 38 (0 0 154) 75 (0 0 720) 

- route 16: 56 (0 0 720) 76 (0 0 720) 

- route 17: 57 (0 0 720) 77 (0 0 720) 

- route 18: 58 (0 0 720) 78 (0 0 720) 

- route 19: 59 (0 0 720) 79 (0 0 720) 


Data DARP: datafile_20_req.txt
Transfers: 1
Relative MRT: 1
MRT factor: 1.5
Speed factor PT : 1
PT interval: 10
Iterations: 2000
Iter without impr: 500
Max removal pct: 0.3
Max deterior pct: 0.04
Clustered removal: 0
IDARP adapted: 1
Without operator:  0
Terminals per node: 3
Priority non PT: 0
Priority PT: 0
Priority long: 0
Priority short: 0
Current iteration: 500
Total distance: 294.845
Computation time: 1.00723
Average ride time: 21.2732
Pct PT users: 0.2
Users PT: 1 3 6 10 

- route 0: 40 (0 0 93.9092) 10 (1 0 95.9546) 90 (0 0 99) 7 (0 1 111.126) 27 (0 0 117) 13 (1 0 136.338) 33 (0 0 146) 60 (0 0 720) 

- route 1: 41 (0 0 39.192) 1 (1 0 43.0199) 81 (0 0 47) 16 (1 0 140.95) 36 (0 0 146) 61 (0 0 720) 

- route 2: 42 (0 0 720) 62 (0 0 720) 

- route 3: 43 (0 0 720) 63 (0 0 720) 

- route 4: 44 (0 0 720) 64 (0 0 720) 

- route 5: 45 (0 0 71.503) 6 (1 0 73.0518) 86 (0 0 75) 5 (0 1 94.7101) 25 (0 0 109.585) 11 (0 1 124.607) 31 (0 0 145) 65 (0 0 720) 

- route 6: 46 (0 0 44.4822) 3 (1 0 52.3259) 83 (0 0 59) 110 (1 0 125.496) 30 (0 0 127.59) 66 (0 0 720) 

- route 7: 47 (0 0 720) 67 (0 0 720) 

- route 8: 48 (0 0 720) 68 (0 0 720) 

- route 9: 49 (0 0 720) 69 (0 0 720) 

- route 10: 50 (0 0 102.587) 103 (1 0 104.587) 23 (0 0 105.998) 106 (1 0 114.211) 26 (0 0 116.217) 14 (0 1 125.58) 15 (1 1 137.705) 35 (0 1 151) 34 (0 0 156) 70 (0 0 720) 

- route 11: 51 (0 0 47.7403) 2 (0 1 50.0485) 0 (1 1 59.933) 4 (2 1 75.2815) 20 (1 1 92) 22 (1 0 97.8233) 24 (0 0 105.114) 9 (1 0 115.432) 29 (0 0 122.032) 12 (0 1 129.205) 19 (1 1 133.803) 32 (1 0 138.622) 17 (2 0 144.55) 37 (1 0 155) 39 (0 0 165.562) 71 (0 0 720) 

- route 12: 52 (0 0 720) 72 (0 0 720) 

- route 13: 53 (0 0 720) 73 (0 0 720) 

- route 14: 54 (0 0 720) 74 (0 0 720) 

- route 15: 55 (0 0 91.3824) 101 (1 0 93.3824) 21 (0 0 95.8337) 8 (1 0 120.951) 28 (0 0 124) 18 (1 0 148.34) 38 (0 0 154) 75 (0 0 720) 

- route 16: 56 (0 0 720) 76 (0 0 720) 

- route 17: 57 (0 0 720) 77 (0 0 720) 

- route 18: 58 (0 0 720) 78 (0 0 720) 

- route 19: 59 (0 0 720) 79 (0 0 720) 


Data DARP: datafile_20_req.txt
Transfers: 1
Relative MRT: 1
MRT factor: 1.5
Speed factor PT : 1
PT interval: 10
Iterations: 2000
Iter without impr: 500
Max removal pct: 0.3
Max deterior pct: 0.04
Clustered removal: 0
IDARP adapted: 1
Without operator:  0
Terminals per node: 3
Priority non PT: 0
Priority PT: 0
Priority long: 0
Priority short: 0
Current iteration: 1000
Total distance: 294.845
Computation time: 1.94662
Average ride time: 21.2732
Pct PT users: 0.2
Users PT: 1 3 6 10 

- route 0: 40 (0 0 93.9092) 10 (1 0 95.9546) 90 (0 0 99) 7 (0 1 111.126) 27 (0 0 117) 13 (1 0 136.338) 33 (0 0 146) 60 (0 0 720) 

- route 1: 41 (0 0 39.192) 1 (1 0 43.0199) 81 (0 0 47) 16 (1 0 140.95) 36 (0 0 146) 61 (0 0 720) 

- route 2: 42 (0 0 720) 62 (0 0 720) 

- route 3: 43 (0 0 720) 63 (0 0 720) 

- route 4: 44 (0 0 720) 64 (0 0 720) 

- route 5: 45 (0 0 71.503) 6 (1 0 73.0518) 86 (0 0 75) 5 (0 1 94.7101) 25 (0 0 109.585) 11 (0 1 124.607) 31 (0 0 145) 65 (0 0 720) 

- route 6: 46 (0 0 44.4822) 3 (1 0 52.3259) 83 (0 0 59) 110 (1 0 125.496) 30 (0 0 127.59) 66 (0 0 720) 

- route 7: 47 (0 0 720) 67 (0 0 720) 

- route 8: 48 (0 0 720) 68 (0 0 720) 

- route 9: 49 (0 0 720) 69 (0 0 720) 

- route 10: 50 (0 0 102.587) 103 (1 0 104.587) 23 (0 0 105.998) 106 (1 0 114.211) 26 (0 0 116.217) 14 (0 1 125.58) 15 (1 1 137.705) 35 (0 1 151) 34 (0 0 156) 70 (0 0 720) 

- route 11: 51 (0 0 47.7403) 2 (0 1 50.0485) 0 (1 1 59.933) 4 (2 1 75.2815) 20 (1 1 92) 22 (1 0 97.8233) 24 (0 0 105.114) 9 (1 0 115.432) 29 (0 0 122.032) 12 (0 1 129.205) 19 (1 1 133.803) 32 (1 0 138.622) 17 (2 0 144.55) 37 (1 0 155) 39 (0 0 165.562) 71 (0 0 720) 

- route 12: 52 (0 0 720) 72 (0 0 720) 

- route 13: 53 (0 0 720) 73 (0 0 720) 

- route 14: 54 (0 0 720) 74 (0 0 720) 

- route 15: 55 (0 0 91.3824) 101 (1 0 93.3824) 21 (0 0 95.8337) 8 (1 0 120.951) 28 (0 0 124) 18 (1 0 148.34) 38 (0 0 154) 75 (0 0 720) 

- route 16: 56 (0 0 720) 76 (0 0 720) 

- route 17: 57 (0 0 720) 77 (0 0 720) 

- route 18: 58 (0 0 720) 78 (0 0 720) 

- route 19: 59 (0 0 720) 79 (0 0 720) 


Data DARP: datafile_20_req.txt
Transfers: 1
Relative MRT: 1
MRT factor: 1.5
Speed factor PT : 1
PT interval: 10
Iterations: 2000
Iter without impr: 500
Max removal pct: 0.3
Max deterior pct: 0.04
Clustered removal: 0
IDARP adapted: 1
Without operator:  0
Terminals per node: 3
Priority non PT: 0
Priority PT: 0
Priority long: 0
Priority short: 0
Current iteration: 1500
Total distance: 294.845
Computation time: 2.865
Average ride time: 21.2732
Pct PT users: 0.2
Users PT: 1 3 6 10 

- route 0: 40 (0 0 93.9092) 10 (1 0 95.9546) 90 (0 0 99) 7 (0 1 111.126) 27 (0 0 117) 13 (1 0 136.338) 33 (0 0 146) 60 (0 0 720) 

- route 1: 41 (0 0 39.192) 1 (1 0 43.0199) 81 (0 0 47) 16 (1 0 140.95) 36 (0 0 146) 61 (0 0 720) 

- route 2: 42 (0 0 720) 62 (0 0 720) 

- route 3: 43 (0 0 720) 63 (0 0 720) 

- route 4: 44 (0 0 720) 64 (0 0 720) 

- route 5: 45 (0 0 71.503) 6 (1 0 73.0518) 86 (0 0 75) 5 (0 1 94.7101) 25 (0 0 109.585) 11 (0 1 124.607) 31 (0 0 145) 65 (0 0 720) 

- route 6: 46 (0 0 44.4822) 3 (1 0 52.3259) 83 (0 0 59) 110 (1 0 125.496) 30 (0 0 127.59) 66 (0 0 720) 

- route 7: 47 (0 0 720) 67 (0 0 720) 

- route 8: 48 (0 0 720) 68 (0 0 720) 

- route 9: 49 (0 0 720) 69 (0 0 720) 

- route 10: 50 (0 0 102.587) 103 (1 0 104.587) 23 (0 0 105.998) 106 (1 0 114.211) 26 (0 0 116.217) 14 (0 1 125.58) 15 (1 1 137.705) 35 (0 1 151) 34 (0 0 156) 70 (0 0 720) 

- route 11: 51 (0 0 47.7403) 2 (0 1 50.0485) 0 (1 1 59.933) 4 (2 1 75.2815) 20 (1 1 92) 22 (1 0 97.8233) 24 (0 0 105.114) 9 (1 0 115.432) 29 (0 0 122.032) 12 (0 1 129.205) 19 (1 1 133.803) 32 (1 0 138.622) 17 (2 0 144.55) 37 (1 0 155) 39 (0 0 165.562) 71 (0 0 720) 

- route 12: 52 (0 0 720) 72 (0 0 720) 

- route 13: 53 (0 0 720) 73 (0 0 720) 

- route 14: 54 (0 0 720) 74 (0 0 720) 

- route 15: 55 (0 0 91.3824) 101 (1 0 93.3824) 21 (0 0 95.8337) 8 (1 0 120.951) 28 (0 0 124) 18 (1 0 148.34) 38 (0 0 154) 75 (0 0 720) 

- route 16: 56 (0 0 720) 76 (0 0 720) 

- route 17: 57 (0 0 720) 77 (0 0 720) 

- route 18: 58 (0 0 720) 78 (0 0 720) 

- route 19: 59 (0 0 720) 79 (0 0 720) 


Data DARP: datafile_20_req.txt
Transfers: 1
Relative MRT: 1
MRT factor: 1.5
Speed factor PT : 1
PT interval: 10
Iterations: 2000
Iter without impr: 500
Max removal pct: 0.3
Max deterior pct: 0.04
Clustered removal: 0
IDARP adapted: 1
Without operator:  0
Terminals per node: 3
Priority non PT: 0
Priority PT: 0
Priority long: 0
Priority short: 0
Current iteration: 2000
Total distance: 294.845
Computation time: 3.80767
Average ride time: 21.2732
Pct PT users: 0.2
Users PT: 1 3 6 10 

- route 0: 40 (0 0 93.9092) 10 (1 0 95.9546) 90 (0 0 99) 7 (0 1 111.126) 27 (0 0 117) 13 (1 0 136.338) 33 (0 0 146) 60 (0 0 720) 

- route 1: 41 (0 0 39.192) 1 (1 0 43.0199) 81 (0 0 47) 16 (1 0 140.95) 36 (0 0 146) 61 (0 0 720) 

- route 2: 42 (0 0 720) 62 (0 0 720) 

- route 3: 43 (0 0 720) 63 (0 0 720) 

- route 4: 44 (0 0 720) 64 (0 0 720) 

- route 5: 45 (0 0 71.503) 6 (1 0 73.0518) 86 (0 0 75) 5 (0 1 94.7101) 25 (0 0 109.585) 11 (0 1 124.607) 31 (0 0 145) 65 (0 0 720) 

- route 6: 46 (0 0 44.4822) 3 (1 0 52.3259) 83 (0 0 59) 110 (1 0 125.496) 30 (0 0 127.59) 66 (0 0 720) 

- route 7: 47 (0 0 720) 67 (0 0 720) 

- route 8: 48 (0 0 720) 68 (0 0 720) 

- route 9: 49 (0 0 720) 69 (0 0 720) 

- route 10: 50 (0 0 102.587) 103 (1 0 104.587) 23 (0 0 105.998) 106 (1 0 114.211) 26 (0 0 116.217) 14 (0 1 125.58) 15 (1 1 137.705) 35 (0 1 151) 34 (0 0 156) 70 (0 0 720) 

- route 11: 51 (0 0 47.7403) 2 (0 1 50.0485) 0 (1 1 59.933) 4 (2 1 75.2815) 20 (1 1 92) 22 (1 0 97.8233) 24 (0 0 105.114) 9 (1 0 115.432) 29 (0 0 122.032) 12 (0 1 129.205) 19 (1 1 133.803) 32 (1 0 138.622) 17 (2 0 144.55) 37 (1 0 155) 39 (0 0 165.562) 71 (0 0 720) 

- route 12: 52 (0 0 720) 72 (0 0 720) 

- route 13: 53 (0 0 720) 73 (0 0 720) 

- route 14: 54 (0 0 720) 74 (0 0 720) 

- route 15: 55 (0 0 91.3824) 101 (1 0 93.3824) 21 (0 0 95.8337) 8 (1 0 120.951) 28 (0 0 124) 18 (1 0 148.34) 38 (0 0 154) 75 (0 0 720) 

- route 16: 56 (0 0 720) 76 (0 0 720) 

- route 17: 57 (0 0 720) 77 (0 0 720) 

- route 18: 58 (0 0 720) 78 (0 0 720) 

- route 19: 59 (0 0 720) 79 (0 0 720) 


Data DARP: datafile_20_req.txt
Transfers: 1
Relative MRT: 1
MRT factor: 1.5
Speed factor PT : 1
PT interval: 10
Iterations: 5000
Iter without impr: 500
Max removal pct: 0.3
Max deterior pct: 0.04
Clustered removal: 0
IDARP adapted: 1
Without operator:  0
Terminals per node: 3
Priority non PT: 0
Priority PT: 0
Priority long: 0
Priority short: 0
Current iteration: 0
Total distance: 373.397
Computation time: 0.0374681
Average ride time: 19.9377
Pct PT users: 0.25
Users PT: 1 3 4 10 15 

- route 0: 40 (0 0 39.192) 1 (1 0 43.0199) 81 (0 0 47) 4 (1 0 77.7482) 84 (0 0 81) 10 (1 0 95.9546) 90 (0 0 99) 7 (0 1 110.999) 27 (0 0 116.873) 13 (1 0 125.195) 33 (0 0 134.857) 16 (1 0 140.95) 36 (0 0 146) 60 (0 0 720) 

- route 1: 41 (0 0 92.4892) 103 (1 0 112.589) 23 (0 0 114) 14 (0 1 123.174) 115 (1 1 145.906) 35 (0 1 150.834) 34 (0 0 156) 61 (0 0 720) 

- route 2: 42 (0 0 108.847) 11 (0 1 109.853) 31 (0 0 130.246) 19 (1 0 140.345) 17 (2 0 144.55) 37 (1 0 155) 39 (0 0 168) 62 (0 0 720) 

- route 3: 43 (0 0 720) 63 (0 0 720) 

- route 4: 44 (0 0 720) 64 (0 0 720) 

- route 5: 45 (0 0 54.4822) 3 (1 0 62.3259) 83 (0 0 69) 104 (1 0 103.887) 24 (0 0 107.173) 9 (1 0 111.019) 29 (0 0 117.62) 110 (1 0 123.673) 30 (0 0 127.59) 12 (0 1 134.514) 32 (0 0 142) 65 (0 0 720) 

- route 6: 46 (0 0 720) 66 (0 0 720) 

- route 7: 47 (0 0 720) 67 (0 0 720) 

- route 8: 48 (0 0 720) 68 (0 0 720) 

- route 9: 49 (0 0 720) 69 (0 0 720) 

- route 10: 50 (0 0 52.282) 2 (0 1 54.5902) 6 (1 1 89.5074) 22 (1 0 93.1779) 26 (0 0 122) 70 (0 0 720) 

- route 11: 51 (0 0 50.8587) 0 (1 0 57.6224) 20 (0 0 82.7256) 5 (0 1 92.2885) 25 (0 0 107.164) 15 (1 0 131.392) 95 (0 0 133) 71 (0 0 720) 

- route 12: 52 (0 0 720) 72 (0 0 720) 

- route 13: 53 (0 0 720) 73 (0 0 720) 

- route 14: 54 (0 0 720) 74 (0 0 720) 

- route 15: 55 (0 0 91.3824) 101 (1 0 93.3824) 21 (0 0 95.8337) 8 (1 0 120.951) 28 (0 0 124) 18 (1 0 148.34) 38 (0 0 154) 75 (0 0 720) 

- route 16: 56 (0 0 720) 76 (0 0 720) 

- route 17: 57 (0 0 720) 77 (0 0 720) 

- route 18: 58 (0 0 720) 78 (0 0 720) 

- route 19: 59 (0 0 720) 79 (0 0 720) 


Data DARP: datafile_20_req.txt
Transfers: 1
Relative MRT: 1
MRT factor: 1.5
Speed factor PT : 1
PT interval: 10
Iterations: 5000
Iter without impr: 500
Max removal pct: 0.3
Max deterior pct: 0.04
Clustered removal: 0
IDARP adapted: 1
Without operator:  0
Terminals per node: 3
Priority non PT: 0
Priority PT: 0
Priority long: 0
Priority short: 0
Current iteration: 1000
Total distance: 294.845
Computation time: 1.91441
Average ride time: 21.2732
Pct PT users: 0.2
Users PT: 1 3 6 10 

- route 0: 40 (0 0 103.909) 10 (1 0 105.955) 90 (0 0 109) 60 (0 0 720) 

- route 1: 41 (0 0 107.646) 7 (0 1 111.126) 27 (0 0 117) 13 (1 0 136.338) 33 (0 0 146) 61 (0 0 720) 

- route 2: 42 (0 0 39.192) 1 (1 0 43.0199) 81 (0 0 47) 16 (1 0 140.95) 36 (0 0 146) 62 (0 0 720) 

- route 3: 43 (0 0 720) 63 (0 0 720) 

- route 4: 44 (0 0 720) 64 (0 0 720) 

- route 5: 45 (0 0 720) 65 (0 0 720) 

- route 6: 46 (0 0 44.4822) 3 (1 0 52.3259) 83 (0 0 59) 110 (1 0 135.496) 30 (0 0 137.59) 66 (0 0 720) 

- route 7: 47 (0 0 71.503) 6 (1 0 73.0518) 86 (0 0 75) 5 (0 1 94.7101) 25 (0 0 109.585) 11 (0 1 124.607) 31 (0 0 145) 67 (0 0 720) 

- route 8: 48 (0 0 720) 68 (0 0 720) 

- route 9: 49 (0 0 720) 69 (0 0 720) 

- route 10: 50 (0 0 47.7403) 2 (0 1 50.0485) 0 (1 1 59.933) 4 (2 1 75.2815) 20 (1 1 92) 22 (1 0 97.8233) 24 (0 0 105.114) 9 (1 0 115.432) 29 (0 0 122.032) 12 (0 1 129.205) 19 (1 1 133.803) 32 (1 0 138.622) 17 (2 0 144.55) 37 (1 0 155) 39 (0 0 165.562) 70 (0 0 720) 

- route 11: 51 (0 0 102.587) 103 (1 0 104.587) 23 (0 0 105.998) 106 (1 0 114.211) 26 (0 0 116.217) 14 (0 1 125.58) 15 (1 1 137.705) 35 (0 1 151) 34 (0 0 156) 71 (0 0 720) 

- route 12: 52 (0 0 720) 72 (0 0 720) 

- route 13: 53 (0 0 720) 73 (0 0 720) 

- route 14: 54 (0 0 720) 74 (0 0 720) 

- route 15: 55 (0 0 91.3824) 101 (1 0 93.3824) 21 (0 0 95.8337) 8 (1 0 120.951) 28 (0 0 124) 18 (1 0 148.34) 38 (0 0 154) 75 (0 0 720) 

- route 16: 56 (0 0 720) 76 (0 0 720) 

- route 17: 57 (0 0 720) 77 (0 0 720) 

- route 18: 58 (0 0 720) 78 (0 0 720) 

- route 19: 59 (0 0 720) 79 (0 0 720) 


Data DARP: datafile_20_req.txt
Transfers: 1
Relative MRT: 1
MRT factor: 1.5
Speed factor PT : 1
PT interval: 10
Iterations: 5000
Iter without impr: 500
Max removal pct: 0.3
Max deterior pct: 0.04
Clustered removal: 0
IDARP adapted: 1
Without operator:  0
Terminals per node: 3
Priority non PT: 0
Priority PT: 0
Priority long: 0
Priority short: 0
Current iteration: 2000
Total distance: 294.845
Computation time: 3.78979
Average ride time: 21.2732
Pct PT users: 0.2
Users PT: 1 3 6 10 

- route 0: 40 (0 0 103.909) 10 (1 0 105.955) 90 (0 0 109) 60 (0 0 720) 

- route 1: 41 (0 0 107.646) 7 (0 1 111.126) 27 (0 0 117) 13 (1 0 136.338) 33 (0 0 146) 61 (0 0 720) 

- route 2: 42 (0 0 39.192) 1 (1 0 43.0199) 81 (0 0 47) 16 (1 0 140.95) 36 (0 0 146) 62 (0 0 720) 

- route 3: 43 (0 0 720) 63 (0 0 720) 

- route 4: 44 (0 0 720) 64 (0 0 720) 

- route 5: 45 (0 0 720) 65 (0 0 720) 

- route 6: 46 (0 0 44.4822) 3 (1 0 52.3259) 83 (0 0 59) 110 (1 0 135.496) 30 (0 0 137.59) 66 (0 0 720) 

- route 7: 47 (0 0 71.503) 6 (1 0 73.0518) 86 (0 0 75) 5 (0 1 94.7101) 25 (0 0 109.585) 11 (0 1 124.607) 31 (0 0 145) 67 (0 0 720) 

- route 8: 48 (0 0 720) 68 (0 0 720) 

- route 9: 49 (0 0 720) 69 (0 0 720) 

- route 10: 50 (0 0 47.7403) 2 (0 1 50.0485) 0 (1 1 59.933) 4 (2 1 75.2815) 20 (1 1 92) 22 (1 0 97.8233) 24 (0 0 105.114) 9 (1 0 115.432) 29 (0 0 122.032) 12 (0 1 129.205) 19 (1 1 133.803) 32 (1 0 138.622) 17 (2 0 144.55) 37 (1 0 155) 39 (0 0 165.562) 70 (0 0 720) 

- route 11: 51 (0 0 102.587) 103 (1 0 104.587) 23 (0 0 105.998) 106 (1 0 114.211) 26 (0 0 116.217) 14 (0 1 125.58) 15 (1 1 137.705) 35 (0 1 151) 34 (0 0 156) 71 (0 0 720) 

- route 12: 52 (0 0 720) 72 (0 0 720) 

- route 13: 53 (0 0 720) 73 (0 0 720) 

- route 14: 54 (0 0 720) 74 (0 0 720) 

- route 15: 55 (0 0 91.3824) 101 (1 0 93.3824) 21 (0 0 95.8337) 8 (1 0 120.951) 28 (0 0 124) 18 (1 0 148.34) 38 (0 0 154) 75 (0 0 720) 

- route 16: 56 (0 0 720) 76 (0 0 720) 

- route 17: 57 (0 0 720) 77 (0 0 720) 

- route 18: 58 (0 0 720) 78 (0 0 720) 

- route 19: 59 (0 0 720) 79 (0 0 720) 


Data DARP: datafile_20_req.txt
Transfers: 1
Relative MRT: 1
MRT factor: 1.5
Speed factor PT : 1
PT interval: 10
Iterations: 5000
Iter without impr: 500
Max removal pct: 0.3
Max deterior pct: 0.04
Clustered removal: 0
IDARP adapted: 1
Without operator:  0
Terminals per node: 3
Priority non PT: 0
Priority PT: 0
Priority long: 0
Priority short: 0
Current iteration: 3000
Total distance: 294.845
Computation time: 5.67545
Average ride time: 21.2732
Pct PT users: 0.2
Users PT: 1 3 6 10 

- route 0: 40 (0 0 103.909) 10 (1 0 105.955) 90 (0 0 109) 60 (0 0 720) 

- route 1: 41 (0 0 107.646) 7 (0 1 111.126) 27 (0 0 117) 13 (1 0 136.338) 33 (0 0 146) 61 (0 0 720) 

- route 2: 42 (0 0 39.192) 1 (1 0 43.0199) 81 (0 0 47) 16 (1 0 140.95) 36 (0 0 146) 62 (0 0 720) 

- route 3: 43 (0 0 720) 63 (0 0 720) 

- route 4: 44 (0 0 720) 64 (0 0 720) 

- route 5: 45 (0 0 720) 65 (0 0 720) 

- route 6: 46 (0 0 44.4822) 3 (1 0 52.3259) 83 (0 0 59) 110 (1 0 135.496) 30 (0 0 137.59) 66 (0 0 720) 

- route 7: 47 (0 0 71.503) 6 (1 0 73.0518) 86 (0 0 75) 5 (0 1 94.7101) 25 (0 0 109.585) 11 (0 1 124.607) 31 (0 0 145) 67 (0 0 720) 

- route 8: 48 (0 0 720) 68 (0 0 720) 

- route 9: 49 (0 0 720) 69 (0 0 720) 

- route 10: 50 (0 0 47.7403) 2 (0 1 50.0485) 0 (1 1 59.933) 4 (2 1 75.2815) 20 (1 1 92) 22 (1 0 97.8233) 24 (0 0 105.114) 9 (1 0 115.432) 29 (0 0 122.032) 12 (0 1 129.205) 19 (1 1 133.803) 32 (1 0 138.622) 17 (2 0 144.55) 37 (1 0 155) 39 (0 0 165.562) 70 (0 0 720) 

- route 11: 51 (0 0 102.587) 103 (1 0 104.587) 23 (0 0 105.998) 106 (1 0 114.211) 26 (0 0 116.217) 14 (0 1 125.58) 15 (1 1 137.705) 35 (0 1 151) 34 (0 0 156) 71 (0 0 720) 

- route 12: 52 (0 0 720) 72 (0 0 720) 

- route 13: 53 (0 0 720) 73 (0 0 720) 

- route 14: 54 (0 0 720) 74 (0 0 720) 

- route 15: 55 (0 0 91.3824) 101 (1 0 93.3824) 21 (0 0 95.8337) 8 (1 0 120.951) 28 (0 0 124) 18 (1 0 148.34) 38 (0 0 154) 75 (0 0 720) 

- route 16: 56 (0 0 720) 76 (0 0 720) 

- route 17: 57 (0 0 720) 77 (0 0 720) 

- route 18: 58 (0 0 720) 78 (0 0 720) 

- route 19: 59 (0 0 720) 79 (0 0 720) 


Data DARP: datafile_20_req.txt
Transfers: 1
Relative MRT: 1
MRT factor: 1.5
Speed factor PT : 1
PT interval: 10
Iterations: 5000
Iter without impr: 500
Max removal pct: 0.3
Max deterior pct: 0.04
Clustered removal: 0
IDARP adapted: 1
Without operator:  0
Terminals per node: 3
Priority non PT: 0
Priority PT: 0
Priority long: 0
Priority short: 0
Current iteration: 4000
Total distance: 294.845
Computation time: 7.64745
Average ride time: 21.2732
Pct PT users: 0.2
Users PT: 1 3 6 10 

- route 0: 40 (0 0 103.909) 10 (1 0 105.955) 90 (0 0 109) 60 (0 0 720) 

- route 1: 41 (0 0 107.646) 7 (0 1 111.126) 27 (0 0 117) 13 (1 0 136.338) 33 (0 0 146) 61 (0 0 720) 

- route 2: 42 (0 0 39.192) 1 (1 0 43.0199) 81 (0 0 47) 16 (1 0 140.95) 36 (0 0 146) 62 (0 0 720) 

- route 3: 43 (0 0 720) 63 (0 0 720) 

- route 4: 44 (0 0 720) 64 (0 0 720) 

- route 5: 45 (0 0 720) 65 (0 0 720) 

- route 6: 46 (0 0 44.4822) 3 (1 0 52.3259) 83 (0 0 59) 110 (1 0 135.496) 30 (0 0 137.59) 66 (0 0 720) 

- route 7: 47 (0 0 71.503) 6 (1 0 73.0518) 86 (0 0 75) 5 (0 1 94.7101) 25 (0 0 109.585) 11 (0 1 124.607) 31 (0 0 145) 67 (0 0 720) 

- route 8: 48 (0 0 720) 68 (0 0 720) 

- route 9: 49 (0 0 720) 69 (0 0 720) 

- route 10: 50 (0 0 47.7403) 2 (0 1 50.0485) 0 (1 1 59.933) 4 (2 1 75.2815) 20 (1 1 92) 22 (1 0 97.8233) 24 (0 0 105.114) 9 (1 0 115.432) 29 (0 0 122.032) 12 (0 1 129.205) 19 (1 1 133.803) 32 (1 0 138.622) 17 (2 0 144.55) 37 (1 0 155) 39 (0 0 165.562) 70 (0 0 720) 

- route 11: 51 (0 0 102.587) 103 (1 0 104.587) 23 (0 0 105.998) 106 (1 0 114.211) 26 (0 0 116.217) 14 (0 1 125.58) 15 (1 1 137.705) 35 (0 1 151) 34 (0 0 156) 71 (0 0 720) 

- route 12: 52 (0 0 720) 72 (0 0 720) 

- route 13: 53 (0 0 720) 73 (0 0 720) 

- route 14: 54 (0 0 720) 74 (0 0 720) 

- route 15: 55 (0 0 91.3824) 101 (1 0 93.3824) 21 (0 0 95.8337) 8 (1 0 120.951) 28 (0 0 124) 18 (1 0 148.34) 38 (0 0 154) 75 (0 0 720) 

- route 16: 56 (0 0 720) 76 (0 0 720) 

- route 17: 57 (0 0 720) 77 (0 0 720) 

- route 18: 58 (0 0 720) 78 (0 0 720) 

- route 19: 59 (0 0 720) 79 (0 0 720) 


Data DARP: datafile_20_req.txt
Transfers: 1
Relative MRT: 1
MRT factor: 1.5
Speed factor PT : 1
PT interval: 10
Iterations: 5000
Iter without impr: 500
Max removal pct: 0.3
Max deterior pct: 0.04
Clustered removal: 0
IDARP adapted: 1
Without operator:  0
Terminals per node: 3
Priority non PT: 0
Priority PT: 0
Priority long: 0
Priority short: 0
Current iteration: 5000
Total distance: 294.845
Computation time: 9.58547
Average ride time: 21.2732
Pct PT users: 0.2
Users PT: 1 3 6 10 

- route 0: 40 (0 0 103.909) 10 (1 0 105.955) 90 (0 0 109) 60 (0 0 720) 

- route 1: 41 (0 0 107.646) 7 (0 1 111.126) 27 (0 0 117) 13 (1 0 136.338) 33 (0 0 146) 61 (0 0 720) 

- route 2: 42 (0 0 39.192) 1 (1 0 43.0199) 81 (0 0 47) 16 (1 0 140.95) 36 (0 0 146) 62 (0 0 720) 

- route 3: 43 (0 0 720) 63 (0 0 720) 

- route 4: 44 (0 0 720) 64 (0 0 720) 

- route 5: 45 (0 0 720) 65 (0 0 720) 

- route 6: 46 (0 0 44.4822) 3 (1 0 52.3259) 83 (0 0 59) 110 (1 0 135.496) 30 (0 0 137.59) 66 (0 0 720) 

- route 7: 47 (0 0 71.503) 6 (1 0 73.0518) 86 (0 0 75) 5 (0 1 94.7101) 25 (0 0 109.585) 11 (0 1 124.607) 31 (0 0 145) 67 (0 0 720) 

- route 8: 48 (0 0 720) 68 (0 0 720) 

- route 9: 49 (0 0 720) 69 (0 0 720) 

- route 10: 50 (0 0 47.7403) 2 (0 1 50.0485) 0 (1 1 59.933) 4 (2 1 75.2815) 20 (1 1 92) 22 (1 0 97.8233) 24 (0 0 105.114) 9 (1 0 115.432) 29 (0 0 122.032) 12 (0 1 129.205) 19 (1 1 133.803) 32 (1 0 138.622) 17 (2 0 144.55) 37 (1 0 155) 39 (0 0 165.562) 70 (0 0 720) 

- route 11: 51 (0 0 102.587) 103 (1 0 104.587) 23 (0 0 105.998) 106 (1 0 114.211) 26 (0 0 116.217) 14 (0 1 125.58) 15 (1 1 137.705) 35 (0 1 151) 34 (0 0 156) 71 (0 0 720) 

- route 12: 52 (0 0 720) 72 (0 0 720) 

- route 13: 53 (0 0 720) 73 (0 0 720) 

- route 14: 54 (0 0 720) 74 (0 0 720) 

- route 15: 55 (0 0 91.3824) 101 (1 0 93.3824) 21 (0 0 95.8337) 8 (1 0 120.951) 28 (0 0 124) 18 (1 0 148.34) 38 (0 0 154) 75 (0 0 720) 

- route 16: 56 (0 0 720) 76 (0 0 720) 

- route 17: 57 (0 0 720) 77 (0 0 720) 

- route 18: 58 (0 0 720) 78 (0 0 720) 

- route 19: 59 (0 0 720) 79 (0 0 720) 


