Data DARP: datafile3.txt
Transfers: 1
Relative MRT: 1
MRT factor: 1.5
Speed factor PT : 1
PT interval: 10
Iterations: 25000
Iter without impr: 500
Max removal pct: 0.3
Max deterior pct: 0.04
Clustered removal: 0
IDARP adapted: 1
Without operator:  0
Terminals per node: 3
Priority non PT: 0
Priority PT: 0
Priority long: 0
Priority short: 0
Current iteration: 0
Total distance: 3306.81
Computation time: 0.20013
Average ride time: 19.7612
Pct PT users: 0.23
Users PT: 2 3 4 5 6 12 13 14 15 22 23 26 27 54 62 63 79 88 89 110 111 112 126 127 128 129 130 131 132 133 142 143 144 148 149 156 157 166 167 169 174 175 186 187 191 193 

- route 0: 400 (0 0 81.0377) 44 (1 0 82.5532) 4 (2 0 85.0824) 444 (1 0 87) 244 (0 0 110.897) 32 (1 0 131.957) 232 (0 0 140.057) 766 (1 0 149.409) 326 (0 0 155.163) 2 (1 0 193.768) 442 (0 0 197) 127 (1 0 237.247) 567 (0 0 243) 36 (1 0 310.428) 20 (2 0 320.902) 220 (1 0 324) 236 (0 0 331.175) 39 (1 0 343) 239 (0 0 351.896) 29 (1 0 388.961) 229 (0 0 395.767) 7 (1 0 400.865) 782 (2 0 404.281) 342 (1 0 407.088) 207 (0 0 417.766) 643 (1 0 449.074) 203 (0 0 452.306) 17 (1 0 454.814) 667 (2 0 458.38) 227 (1 0 461.438) 217 (0 0 467.02) 0 (0 1 477.325) 200 (0 0 495) 21 (1 0 527) 221 (0 0 531.147) 129 (1 0 559.632) 569 (0 0 565) 9 (1 0 592.605) 209 (0 0 600.347) 655 (1 0 606.723) 215 (0 0 608.394) 653 (1 0 617.15) 213 (0 0 620.064) 11 (1 0 631) 211 (0 0 641.728) 420 (0 0 720) 

- route 1: 401 (0 0 81.6661) 702 (1 0 81.6661) 262 (0 0 83.6932) 644 (1 0 97.1549) 204 (0 0 102.215) 6 (1 0 177.82) 446 (0 0 185) 22 (1 0 193.341) 462 (0 0 197) 728 (1 0 228.421) 288 (0 0 235.664) 5 (1 0 247.94) 445 (0 0 253) 14 (1 0 271.329) 454 (0 0 273) 25 (1 0 305.126) 225 (0 0 315.164) 750 (1 0 326.577) 310 (0 0 329.771) 19 (1 0 346) 69 (2 0 351) 75 (3 0 363.937) 219 (2 0 377.187) 275 (1 0 397.273) 269 (0 0 402.223) 719 (1 0 416.279) 279 (0 0 419.969) 89 (1 0 439.757) 529 (0 0 447) 55 (1 0 464.091) 255 (0 0 482.579) 48 (0 1 499.915) 663 (1 1 510.748) 223 (0 1 514.407) 248 (0 0 543.353) 145 (1 0 549) 345 (0 0 568.846) 751 (1 0 574.577) 311 (0 0 576.656) 93 (0 1 582.292) 193 (1 1 591.487) 633 (0 1 595) 293 (0 0 625.144) 421 (0 0 720) 

- route 2: 402 (0 0 65.1992) 18 (1 0 69.8756) 218 (0 0 91) 28 (1 0 145.141) 228 (0 0 151.947) 26 (1 0 155.769) 466 (0 0 159) 646 (1 0 190.884) 206 (0 0 194.3) 63 (1 0 198.592) 503 (0 0 201) 38 (1 0 244.736) 238 (0 0 251) 645 (1 0 263.155) 205 (0 0 265.072) 33 (1 0 270) 233 (0 0 281.65) 87 (0 1 304) 287 (0 0 320.758) 45 (1 0 349.878) 245 (0 0 369.107) 40 (1 0 371.392) 240 (0 0 373) 10 (1 0 492.515) 210 (0 0 500) 41 (1 0 544) 241 (0 0 545.912) 422 (0 0 720) 

- route 3: 403 (0 0 81.3575) 42 (0 1 84.1373) 242 (0 0 100) 24 (1 0 133.963) 224 (0 0 144) 43 (0 1 338) 243 (0 0 360.294) 46 (0 1 389.241) 12 (1 1 395.759) 452 (0 1 397) 246 (0 0 414.546) 76 (1 0 426.029) 276 (0 0 451.209) 768 (1 0 471.48) 328 (0 0 476.848) 37 (1 0 482.895) 143 (2 0 486.193) 583 (1 0 489) 237 (0 0 503.642) 111 (1 0 539.807) 551 (0 0 543) 47 (0 1 568) 1 (0 2 591.949) 247 (0 1 596.391) 201 (0 0 616.962) 423 (0 0 720) 

- route 4: 404 (0 0 720) 424 (0 0 720) 

- route 5: 405 (0 0 49.7878) 62 (1 0 52.7657) 502 (0 0 55) 66 (0 1 73.1083) 78 (1 1 77.8165) 266 (1 0 112) 278 (0 0 129.201) 160 (1 0 162.296) 360 (0 0 166) 178 (1 0 173.596) 378 (0 0 177.547) 172 (0 1 179.691) 174 (1 1 192.909) 614 (0 1 194.212) 372 (0 0 196.701) 88 (1 0 210.368) 528 (0 0 213) 163 (0 1 223.142) 363 (0 0 243.783) 116 (1 0 262.955) 316 (0 0 291) 91 (0 1 315.684) 291 (0 0 324.955) 96 (1 0 329.171) 296 (0 0 333) 157 (1 0 353) 81 (1 1 354.992) 597 (0 1 359) 281 (0 0 364.358) 51 (0 1 434.07) 251 (0 0 443.741) 97 (1 0 448) 297 (0 0 453.243) 788 (1 0 468.609) 348 (0 0 472.157) 65 (1 0 559.482) 265 (0 0 567.981) 167 (1 0 571) 95 (2 0 575.534) 607 (1 0 577) 295 (0 0 585.691) 59 (1 0 641) 259 (0 0 651.843) 425 (0 0 720) 

- route 6: 406 (0 0 88.0349) 60 (1 0 89.1736) 260 (0 0 97) 70 (0 1 108.007) 270 (0 0 135.384) 198 (0 1 141.574) 168 (1 1 148.454) 398 (1 0 168.06) 52 (2 0 171.212) 252 (1 0 175) 368 (0 0 180.318) 666 (1 0 183.297) 82 (2 0 185.217) 282 (1 0 187) 226 (0 0 188.798) 74 (1 0 209.182) 274 (0 0 235) 50 (0 1 267.328) 250 (0 0 277) 694 (1 0 308.986) 254 (0 0 319.846) 134 (0 1 335.853) 71 (0 2 347) 334 (0 1 369.169) 271 (0 0 377.917) 85 (0 1 395) 826 (1 1 419.575) 285 (1 0 423.249) 27 (2 0 428.409) 386 (1 0 430.009) 467 (0 0 433) 117 (1 0 456.7) 72 (2 0 459.138) 729 (3 0 462.421) 289 (2 0 465.053) 272 (1 0 470.223) 317 (0 0 498.268) 58 (1 0 540.438) 258 (0 0 548) 131 (1 0 556.843) 571 (0 0 559) 426 (0 0 720) 

- route 7: 407 (0 0 74.1367) 90 (0 1 74.7319) 290 (0 0 84.0033) 86 (0 1 92.8278) 286 (0 0 105) 152 (1 0 159.01) 352 (0 0 178) 102 (1 0 189.851) 302 (0 0 198.976) 67 (0 1 204) 190 (1 1 220.665) 390 (0 1 233.6) 98 (1 1 245.12) 298 (0 1 249.233) 267 (0 0 255.301) 54 (1 0 292.794) 494 (0 0 295) 94 (1 0 330.895) 294 (0 0 338) 61 (1 0 348) 169 (2 0 352.797) 609 (1 0 355.132) 261 (0 0 359.24) 99 (1 0 405.692) 299 (0 0 409.805) 806 (1 0 412.914) 366 (0 0 417.087) 107 (0 1 526) 57 (1 1 546) 257 (0 1 550.786) 307 (0 0 586.306) 77 (1 0 603.478) 277 (0 0 628.658) 49 (0 1 643) 249 (0 0 692.741) 427 (0 0 720) 

- route 8: 408 (0 0 151.239) 68 (1 0 157.431) 80 (1 1 167.466) 280 (1 0 174.71) 268 (0 0 207) 106 (0 1 230.796) 306 (0 0 272) 53 (1 0 290) 253 (0 0 295.183) 770 (1 0 310.437) 330 (0 0 312.594) 56 (1 0 321.476) 256 (0 0 325) 64 (1 0 358.501) 264 (0 0 367) 83 (1 0 437) 283 (0 0 439.174) 187 (1 0 508.009) 627 (0 0 511) 73 (1 0 570) 273 (0 0 581.085) 428 (0 0 720) 

- route 9: 409 (0 0 222.986) 796 (1 0 222.986) 703 (2 0 223.986) 356 (1 0 226) 263 (0 0 229.519) 113 (1 0 291) 313 (0 0 321.579) 120 (1 0 342.013) 320 (0 0 373) 149 (1 0 617.451) 589 (0 0 621) 429 (0 0 720) 

- route 10: 410 (0 0 87.5044) 112 (1 0 87.7522) 552 (0 0 89) 126 (1 0 115.274) 566 (0 0 117) 104 (1 0 155.065) 304 (0 0 159) 123 (1 0 254) 323 (0 0 262.202) 132 (1 0 274.832) 572 (0 0 277) 118 (0 1 302.076) 318 (0 0 309) 142 (1 0 375.118) 582 (0 0 377) 783 (1 0 516.281) 343 (0 0 518.163) 165 (0 1 543.869) 365 (0 0 562.698) 13 (1 0 581.042) 453 (0 0 585) 769 (1 0 594.421) 329 (0 0 596.128) 771 (1 0 600.437) 331 (0 0 601.962) 430 (0 0 720) 

- route 11: 411 (0 0 89.5885) 122 (1 0 92.6482) 322 (0 0 98.4493) 100 (0 1 105.78) 300 (0 0 122) 34 (0 1 200.806) 234 (0 0 224.75) 814 (1 0 231.066) 374 (0 0 234) 136 (0 1 243.948) 336 (0 0 251) 108 (0 1 291.77) 308 (0 0 302) 35 (0 1 319) 16 (1 1 337.687) 216 (0 1 346.158) 235 (0 0 349.502) 92 (0 1 371.393) 144 (1 1 397.593) 584 (0 1 401) 292 (0 0 414.245) 148 (1 0 431.507) 588 (0 0 435) 119 (0 1 456.577) 319 (0 0 463.502) 175 (1 0 471) 615 (0 0 475) 789 (1 0 654.609) 349 (0 0 658.102) 431 (0 0 720) 

- route 12: 412 (0 0 266.951) 130 (1 0 267.475) 570 (0 0 269) 767 (1 0 272.642) 140 (2 0 274.402) 327 (1 0 276.661) 340 (0 0 279) 125 (1 0 303.545) 325 (0 0 313.321) 103 (1 0 321) 303 (0 0 334.188) 79 (1 0 368.585) 519 (0 0 371) 164 (0 1 404.578) 652 (1 1 422.902) 212 (0 1 427.075) 364 (0 0 429.462) 128 (1 0 434.687) 568 (0 0 437) 141 (1 0 506) 341 (0 0 510.883) 147 (0 1 567) 347 (0 0 574.454) 115 (1 0 598) 315 (0 0 608.531) 432 (0 0 720) 

- route 13: 413 (0 0 291.113) 110 (1 0 292.922) 550 (0 0 295) 105 (1 0 381) 305 (0 0 386.402) 114 (1 0 408.646) 314 (0 0 416) 146 (0 1 424.001) 346 (0 0 429.97) 137 (0 1 436) 337 (0 0 445.078) 121 (1 0 513) 139 (2 0 549.691) 339 (1 0 552.569) 321 (0 0 558.981) 773 (1 0 593.794) 333 (0 0 595.963) 433 (0 0 720) 

- route 14: 414 (0 0 359.512) 138 (1 0 361.122) 338 (0 0 364) 109 (0 1 452) 309 (0 0 465.845) 434 (0 0 720) 

- route 15: 415 (0 0 76.4481) 182 (1 0 80.9269) 382 (0 0 101) 124 (1 0 114.224) 324 (0 0 124) 183 (1 0 195) 383 (0 0 224.61) 642 (1 0 239.396) 202 (0 0 241.551) 153 (1 0 276) 353 (0 0 303.984) 654 (1 0 320.723) 214 (0 0 324.882) 173 (0 1 338.893) 150 (1 1 347.493) 350 (0 1 350) 373 (0 0 357.018) 166 (1 0 379.382) 606 (0 0 382.478) 186 (1 0 388.648) 626 (0 0 393) 3 (1 0 404.845) 443 (0 0 407) 784 (1 0 416.193) 344 (0 0 421.606) 170 (0 1 431.303) 370 (0 0 442) 831 (1 0 486.869) 391 (0 0 489.862) 827 (1 0 542.853) 387 (0 0 547.205) 15 (1 0 554.841) 455 (0 0 559) 151 (1 0 578) 351 (0 0 581.261) 807 (1 0 605.428) 367 (0 0 608.705) 435 (0 0 720) 

- route 16: 416 (0 0 231.931) 662 (1 0 231.931) 222 (0 0 235) 185 (1 0 241) 385 (0 0 253.026) 772 (1 0 305.794) 332 (0 0 311.133) 155 (1 0 327) 355 (0 0 331.271) 176 (1 0 362.242) 376 (0 0 367) 797 (1 0 380.556) 357 (0 0 383.437) 188 (1 0 399.806) 388 (0 0 405) 180 (1 0 448.388) 380 (0 0 451) 191 (1 0 470.959) 631 (0 0 475) 135 (0 1 497.734) 815 (1 1 509.372) 375 (0 1 512.21) 335 (0 0 535.691) 31 (1 0 556) 171 (1 1 566.013) 371 (1 0 576.711) 231 (0 0 602.008) 189 (1 0 643) 389 (0 0 650.29) 436 (0 0 720) 

- route 17: 417 (0 0 86.347) 154 (1 0 88.819) 354 (0 0 92) 752 (1 0 115.34) 312 (0 0 118.331) 184 (1 0 154.649) 384 (0 0 163) 158 (1 0 184.521) 358 (0 0 192.56) 156 (1 0 195.672) 596 (0 0 199) 196 (0 1 209.658) 396 (0 0 239) 161 (1 0 285) 361 (0 0 290.056) 809 (1 0 382.694) 369 (0 0 384.66) 199 (0 1 411.315) 192 (1 1 431.976) 399 (1 0 437.636) 392 (0 0 452.972) 8 (1 0 472.896) 208 (0 0 480.638) 195 (0 1 486) 181 (1 1 527) 381 (0 1 530.418) 395 (0 0 542.4) 133 (1 0 559.661) 573 (0 0 565) 833 (1 0 613.203) 393 (0 0 614.461) 177 (1 0 619) 377 (0 0 625.637) 437 (0 0 720) 

- route 18: 418 (0 0 81.2488) 162 (0 1 85.3587) 362 (0 0 106) 84 (0 1 149.257) 284 (0 0 170) 101 (0 1 251.342) 301 (0 0 267.562) 194 (0 1 292.4) 394 (0 0 331) 30 (1 0 356.102) 197 (1 1 372) 230 (0 1 402.11) 397 (0 0 408.321) 159 (1 0 417.259) 359 (0 0 425.297) 179 (1 0 429) 379 (0 0 434.427) 23 (1 0 471.931) 463 (0 0 475) 438 (0 0 720) 

- route 19: 419 (0 0 720) 439 (0 0 720) 


Data DARP: datafile3.txt
Transfers: 1
Relative MRT: 1
MRT factor: 1.5
Speed factor PT : 1
PT interval: 10
Iterations: 25000
Iter without impr: 500
Max removal pct: 0.3
Max deterior pct: 0.04
Clustered removal: 0
IDARP adapted: 1
Without operator:  0
Terminals per node: 3
Priority non PT: 0
Priority PT: 0
Priority long: 0
Priority short: 0
Current iteration: 5000
Total distance: 2439.92
Computation time: 646.372
Average ride time: 20.5549
Pct PT users: 0.235
Users PT: 2 3 4 5 7 12 13 14 15 22 23 26 27 54 55 62 63 78 79 88 89 110 111 112 113 127 128 129 130 131 133 142 143 144 148 149 156 157 166 167 169 174 175 186 187 192 193 

- route 0: 400 (0 0 70.5098) 42 (0 1 73.2895) 242 (0 0 89.1523) 644 (1 0 97.1549) 204 (0 0 102.215) 6 (1 0 189.505) 34 (1 1 199.427) 206 (0 1 206) 234 (0 0 228) 130 (1 0 267.475) 570 (0 0 269) 767 (1 0 273.815) 327 (0 0 275.541) 108 (0 1 291.77) 308 (0 0 302) 753 (1 0 311.34) 313 (0 0 312.587) 35 (0 1 319) 16 (1 1 341.601) 216 (0 1 350.072) 235 (0 0 353.416) 40 (1 0 371.392) 240 (0 0 373) 8 (1 0 471.432) 37 (2 0 474.882) 208 (1 0 481) 237 (0 0 495.629) 111 (1 0 549) 551 (0 0 553) 129 (1 0 566) 569 (0 0 573) 655 (1 0 606.723) 215 (0 0 608.394) 653 (1 0 624.733) 213 (0 0 625.974) 420 (0 0 720) 

- route 1: 401 (0 0 81.0377) 44 (1 0 82.5532) 4 (2 0 85.0824) 444 (1 0 87) 244 (0 0 110.897) 80 (0 1 174.022) 280 (0 0 181.266) 82 (1 0 185.217) 282 (0 0 187) 666 (1 0 192.627) 226 (0 0 194.207) 163 (0 1 212.636) 363 (0 0 233.277) 642 (1 0 239.396) 202 (0 0 241.551) 654 (1 0 328.065) 214 (0 0 332.224) 170 (0 1 431.303) 370 (0 0 442) 171 (0 1 576) 371 (0 0 590.546) 49 (0 1 643) 249 (0 0 692.741) 421 (0 0 720) 

- route 2: 402 (0 0 152.37) 28 (1 0 156.905) 26 (2 0 161.178) 228 (1 0 165) 466 (0 0 169) 2 (1 0 193.768) 442 (0 0 197) 38 (1 0 244.736) 238 (0 0 251) 645 (1 0 263.155) 205 (0 0 265.072) 33 (1 0 270) 233 (0 0 281.65) 36 (1 0 310.428) 20 (2 0 320.902) 220 (1 0 324) 236 (0 0 331.175) 29 (1 0 382.524) 229 (0 0 389.33) 46 (0 1 392.179) 782 (1 1 398.84) 342 (0 1 401.088) 246 (0 0 420.571) 47 (0 1 568) 1 (0 2 591.949) 247 (0 1 596.391) 201 (0 0 616.962) 11 (1 0 631) 211 (0 0 641.728) 422 (0 0 720) 

- route 3: 403 (0 0 65.1992) 18 (1 0 69.8756) 218 (0 0 91) 136 (0 1 243.948) 336 (0 0 251) 125 (1 0 294.295) 110 (2 0 298.922) 550 (1 0 301) 325 (0 0 308.459) 138 (1 0 361.122) 338 (0 0 364) 79 (1 0 367.343) 142 (2 0 369.118) 519 (1 0 371) 582 (0 0 373) 146 (0 1 424.001) 346 (0 0 429.97) 137 (0 1 436) 337 (0 0 445.078) 0 (0 1 467.112) 143 (1 1 482.242) 583 (0 1 484.491) 10 (1 1 489.306) 200 (1 0 491.515) 210 (0 0 500) 21 (1 0 527) 221 (0 0 531.147) 41 (1 0 544) 241 (0 0 545.912) 423 (0 0 720) 

- route 4: 404 (0 0 93.807) 702 (1 0 93.807) 262 (0 0 95.8341) 24 (1 0 133.963) 224 (0 0 144) 25 (1 0 320) 225 (0 0 334.556) 85 (0 1 381.697) 285 (0 0 402.44) 199 (0 1 405.794) 159 (1 1 426) 359 (0 1 434.257) 399 (0 0 441.36) 31 (1 0 544.75) 145 (2 0 549) 345 (1 0 573.013) 231 (0 0 590.759) 9 (1 0 604) 209 (0 0 615.113) 424 (0 0 720) 

- route 5: 405 (0 0 52.9059) 66 (0 1 58.6594) 62 (1 1 64.9066) 502 (0 1 67) 90 (0 2 77.5469) 290 (0 1 86.8183) 266 (0 0 109.96) 67 (0 1 204) 190 (1 1 220.665) 390 (0 1 233.6) 98 (1 1 245.12) 298 (0 1 249.233) 267 (0 0 255.301) 64 (1 0 348.779) 169 (2 0 353.807) 609 (1 0 357) 264 (0 0 361.028) 65 (1 0 559.482) 265 (0 0 567.981) 167 (1 0 571) 95 (2 0 575.534) 607 (1 0 577) 295 (0 0 585.691) 59 (1 0 641) 259 (0 0 651.843) 425 (0 0 720) 

- route 6: 406 (0 0 212.939) 796 (1 0 212.939) 356 (0 0 214.953) 703 (1 0 235.807) 263 (0 0 237.9) 54 (1 0 282.794) 494 (0 0 285) 53 (1 0 290) 253 (0 0 295.183) 770 (1 0 310.437) 330 (0 0 312.594) 99 (1 0 407) 299 (0 0 412.67) 51 (0 1 434.07) 251 (0 0 443.741) 97 (1 0 448) 297 (0 0 453.243) 729 (1 0 462.421) 289 (0 0 465.053) 58 (1 0 535.627) 258 (0 0 543.189) 57 (1 0 546) 257 (0 0 550.786) 131 (1 0 556.843) 571 (0 0 559) 426 (0 0 720) 

- route 7: 407 (0 0 88.0349) 60 (1 0 89.1736) 260 (0 0 97) 68 (1 0 142.061) 84 (1 1 149.257) 284 (1 0 170) 268 (0 0 193.285) 69 (1 0 341.971) 19 (2 0 346) 75 (3 0 358.591) 219 (2 0 371.84) 275 (1 0 388.244) 269 (0 0 393.194) 719 (1 0 414.2) 279 (0 0 418.727) 695 (1 0 485.167) 255 (0 0 487.372) 121 (1 0 498.732) 135 (1 1 503) 335 (1 0 532.168) 321 (0 0 544.713) 93 (0 1 585) 77 (1 1 592.59) 277 (0 1 617.77) 293 (0 0 627.852) 427 (0 0 720) 

- route 8: 408 (0 0 91.1486) 86 (0 1 92.8278) 286 (0 0 105) 22 (1 0 193.341) 462 (0 0 197) 728 (1 0 228.421) 288 (0 0 235.664) 5 (1 0 247.94) 445 (0 0 253) 14 (1 0 278.671) 454 (0 0 281) 43 (0 1 338) 243 (0 0 360.294) 55 (1 0 460.141) 495 (0 0 471) 73 (1 0 570) 273 (0 0 581.085) 428 (0 0 720) 

- route 9: 409 (0 0 77.6269) 78 (1 0 84.4724) 518 (0 0 89) 74 (1 0 187.206) 63 (2 0 206.973) 503 (1 0 209) 274 (0 0 225.434) 101 (0 1 264) 140 (1 1 275.412) 340 (0 1 279) 301 (0 0 286.829) 134 (0 1 335.853) 71 (0 2 347) 334 (0 1 373.81) 271 (0 0 386.565) 788 (1 0 468.609) 348 (0 0 472.157) 149 (1 0 617.451) 589 (0 0 621) 429 (0 0 720) 

- route 10: 410 (0 0 87.5044) 112 (1 0 87.7522) 552 (0 0 89) 124 (1 0 114.224) 324 (0 0 124) 814 (1 0 231.066) 374 (0 0 234) 118 (0 1 302.076) 318 (0 0 309) 105 (1 0 381) 305 (0 0 386.402) 114 (1 0 408.646) 314 (0 0 416) 148 (1 0 431.507) 588 (0 0 435) 789 (1 0 654.609) 349 (0 0 658.102) 430 (0 0 720) 

- route 11: 411 (0 0 131.441) 718 (1 0 133.441) 278 (0 0 135.856) 104 (1 0 155.065) 304 (0 0 159) 123 (1 0 254) 323 (0 0 262.202) 132 (1 0 269.91) 153 (2 0 276) 332 (1 0 298.563) 353 (0 0 303.984) 186 (1 0 374.681) 626 (0 0 379.033) 166 (1 0 384.033) 188 (2 0 386.792) 606 (1 0 389) 388 (0 0 394.082) 76 (1 0 429.23) 109 (1 1 447.079) 309 (1 0 457.308) 276 (0 0 463) 175 (1 0 471) 615 (0 0 475) 147 (0 1 567) 347 (0 0 574.454) 773 (1 0 582.778) 13 (2 0 586.951) 333 (1 0 589.817) 453 (0 0 597) 431 (0 0 720) 

- route 12: 412 (0 0 64.2599) 162 (0 1 81.7303) 362 (0 0 102.372) 70 (0 1 108.007) 270 (0 0 135.384) 198 (0 1 141.574) 168 (1 1 148.454) 398 (1 0 168.06) 52 (2 0 171.212) 252 (1 0 175) 368 (0 0 180.318) 50 (0 1 267.328) 250 (0 0 277) 91 (0 1 315.684) 291 (0 0 324.955) 96 (1 0 329.171) 296 (0 0 333) 157 (1 0 353) 81 (1 1 354.992) 597 (0 1 359) 281 (0 0 364.358) 92 (0 1 371.393) 144 (1 1 397.593) 584 (0 1 401) 292 (0 0 414.245) 128 (1 0 432.334) 568 (0 0 434.042) 652 (1 0 435.042) 212 (0 0 439) 832 (1 0 447.203) 392 (0 0 450.715) 193 (1 0 581.487) 633 (0 0 585) 115 (1 0 596.688) 771 (2 0 600.437) 331 (1 0 601.962) 315 (0 0 607.219) 432 (0 0 720) 

- route 13: 413 (0 0 202.541) 102 (1 0 203.874) 302 (0 0 213) 106 (0 1 226.023) 116 (1 1 240.136) 306 (1 0 272) 316 (0 0 281.703) 806 (1 0 417.565) 366 (0 0 421.738) 107 (0 1 515.227) 187 (1 1 523) 627 (0 1 529) 139 (1 1 560) 339 (0 1 563.817) 307 (0 0 575.533) 769 (1 0 607.14) 329 (0 0 608.848) 433 (0 0 720) 

- route 14: 414 (0 0 87.9367) 122 (1 0 90.9964) 322 (0 0 96.7975) 100 (0 1 104.129) 126 (1 1 112.777) 300 (1 0 122) 32 (2 0 131.901) 232 (1 0 140.001) 326 (0 0 152.666) 127 (1 0 235.652) 567 (0 0 241) 750 (1 0 332.553) 310 (0 0 335) 30 (1 0 352.68) 197 (1 1 368.578) 230 (0 1 398.53) 397 (0 0 400.985) 3 (1 0 404.757) 443 (0 0 406.912) 164 (0 1 410.504) 784 (1 1 416.193) 344 (0 1 421.606) 364 (0 0 437) 119 (0 1 466) 319 (0 0 474.886) 751 (1 0 583.771) 311 (0 0 585.849) 434 (0 0 720) 

- route 15: 415 (0 0 149.957) 152 (1 0 159.01) 352 (0 0 178) 103 (1 0 311.473) 303 (0 0 320.598) 120 (1 0 324.067) 45 (2 0 351) 320 (1 0 359.766) 245 (0 0 379.343) 7 (1 0 395.584) 447 (0 0 399) 12 (1 0 405.759) 452 (0 0 407) 643 (1 0 449.308) 203 (0 0 452.54) 17 (1 0 459.825) 667 (2 0 463.391) 227 (1 0 466.449) 217 (0 0 472.031) 195 (0 1 484.438) 815 (1 1 510.907) 375 (0 1 512.21) 395 (0 0 540.838) 133 (1 0 553.516) 573 (0 0 559) 827 (1 0 563.024) 387 (0 0 567.377) 807 (1 0 605.609) 367 (0 0 608.705) 435 (0 0 720) 

- route 16: 416 (0 0 161.664) 160 (1 0 162.296) 360 (0 0 166) 178 (1 0 174.049) 378 (0 0 178) 172 (0 1 180.448) 196 (0 2 186.167) 372 (0 1 196.701) 88 (1 1 210.368) 528 (0 1 213) 396 (0 0 228.68) 87 (0 1 302.1) 287 (0 0 314.272) 56 (1 0 318.704) 256 (0 0 322.228) 94 (1 0 329.384) 61 (2 0 333.604) 294 (1 0 338) 261 (0 0 344.844) 826 (1 0 417.958) 386 (0 0 419.058) 27 (1 0 433.419) 467 (0 0 435) 83 (1 0 437) 283 (0 0 439.174) 72 (1 0 458.471) 117 (2 0 460.909) 272 (1 0 467.635) 191 (2 0 475) 391 (1 0 487.989) 317 (0 0 502.476) 141 (1 0 506) 341 (0 0 509.669) 783 (1 0 511.43) 343 (0 0 514.213) 165 (0 1 550) 365 (0 0 576.743) 833 (1 0 603.203) 393 (0 0 604.461) 177 (1 0 619) 377 (0 0 625.637) 436 (0 0 720) 

- route 17: 417 (0 0 86.347) 154 (1 0 88.819) 354 (0 0 92) 752 (1 0 115.34) 312 (0 0 118.331) 174 (1 0 193.696) 614 (0 0 195) 113 (1 0 282.008) 553 (0 0 285) 173 (0 1 338.893) 150 (1 1 347.493) 350 (0 1 350) 373 (0 0 357.018) 179 (1 0 429) 379 (0 0 434.427) 23 (1 0 477.931) 463 (0 0 481) 437 (0 0 720) 

- route 18: 418 (0 0 76.4481) 182 (1 0 80.9269) 382 (0 0 101) 183 (1 0 195) 383 (0 0 224.61) 662 (1 0 231.931) 222 (0 0 235) 161 (1 0 285) 361 (0 0 290.056) 155 (1 0 327) 355 (0 0 331.271) 176 (1 0 362.242) 376 (0 0 367) 797 (1 0 378.562) 809 (2 0 379.562) 357 (1 0 382.443) 369 (0 0 385.671) 192 (1 0 427.742) 632 (0 0 429) 180 (1 0 448.388) 380 (0 0 451) 181 (1 0 527) 381 (0 0 530.418) 189 (1 0 643) 389 (0 0 650.29) 438 (0 0 720) 

- route 19: 419 (0 0 147.107) 184 (1 0 154.649) 384 (0 0 163) 156 (1 0 184.516) 596 (0 0 187) 158 (1 0 193.961) 358 (0 0 202) 185 (1 0 241) 385 (0 0 253.026) 194 (0 1 276.744) 694 (1 1 299.167) 254 (0 1 310.026) 394 (0 0 331) 39 (1 0 343) 239 (0 0 351.896) 647 (1 0 405.305) 207 (0 0 412.485) 89 (1 0 439.757) 529 (0 0 447) 768 (1 0 469.814) 328 (0 0 475.182) 48 (0 1 507.14) 663 (1 1 516.941) 223 (0 1 520.407) 248 (0 0 549.658) 15 (1 0 554.841) 455 (0 0 559) 151 (1 0 578) 351 (0 0 581.261) 439 (0 0 720) 


Data DARP: datafile3.txt
Transfers: 1
Relative MRT: 1
MRT factor: 1.5
Speed factor PT : 1
PT interval: 10
Iterations: 25000
Iter without impr: 500
Max removal pct: 0.3
Max deterior pct: 0.04
Clustered removal: 0
IDARP adapted: 1
Without operator:  0
Terminals per node: 3
Priority non PT: 0
Priority PT: 0
Priority long: 0
Priority short: 0
Current iteration: 10000
Total distance: 2439.92
Computation time: 1294.71
Average ride time: 20.5549
Pct PT users: 0.235
Users PT: 2 3 4 5 7 12 13 14 15 22 23 26 27 54 55 62 63 78 79 88 89 110 111 112 113 127 128 129 130 131 133 142 143 144 148 149 156 157 166 167 169 174 175 186 187 192 193 

- route 0: 400 (0 0 70.5098) 42 (0 1 73.2895) 242 (0 0 89.1523) 644 (1 0 97.1549) 204 (0 0 102.215) 6 (1 0 189.505) 34 (1 1 199.427) 206 (0 1 206) 234 (0 0 228) 130 (1 0 267.475) 570 (0 0 269) 767 (1 0 273.815) 327 (0 0 275.541) 108 (0 1 291.77) 308 (0 0 302) 753 (1 0 311.34) 313 (0 0 312.587) 35 (0 1 319) 16 (1 1 341.601) 216 (0 1 350.072) 235 (0 0 353.416) 40 (1 0 371.392) 240 (0 0 373) 8 (1 0 471.432) 37 (2 0 474.882) 208 (1 0 481) 237 (0 0 495.629) 111 (1 0 549) 551 (0 0 553) 129 (1 0 566) 569 (0 0 573) 655 (1 0 606.723) 215 (0 0 608.394) 653 (1 0 624.733) 213 (0 0 625.974) 420 (0 0 720) 

- route 1: 401 (0 0 81.0377) 44 (1 0 82.5532) 4 (2 0 85.0824) 444 (1 0 87) 244 (0 0 110.897) 80 (0 1 174.022) 280 (0 0 181.266) 82 (1 0 185.217) 282 (0 0 187) 666 (1 0 192.627) 226 (0 0 194.207) 163 (0 1 212.636) 363 (0 0 233.277) 642 (1 0 239.396) 202 (0 0 241.551) 654 (1 0 328.065) 214 (0 0 332.224) 170 (0 1 431.303) 370 (0 0 442) 171 (0 1 576) 371 (0 0 590.546) 49 (0 1 643) 249 (0 0 692.741) 421 (0 0 720) 

- route 2: 402 (0 0 152.37) 28 (1 0 156.905) 26 (2 0 161.178) 228 (1 0 165) 466 (0 0 169) 2 (1 0 193.768) 442 (0 0 197) 38 (1 0 244.736) 238 (0 0 251) 645 (1 0 263.155) 205 (0 0 265.072) 33 (1 0 270) 233 (0 0 281.65) 36 (1 0 310.428) 20 (2 0 320.902) 220 (1 0 324) 236 (0 0 331.175) 29 (1 0 382.524) 229 (0 0 389.33) 46 (0 1 392.179) 782 (1 1 398.84) 342 (0 1 401.088) 246 (0 0 420.571) 47 (0 1 568) 1 (0 2 591.949) 247 (0 1 596.391) 201 (0 0 616.962) 11 (1 0 631) 211 (0 0 641.728) 422 (0 0 720) 

- route 3: 403 (0 0 65.1992) 18 (1 0 69.8756) 218 (0 0 91) 136 (0 1 243.948) 336 (0 0 251) 125 (1 0 294.295) 110 (2 0 298.922) 550 (1 0 301) 325 (0 0 308.459) 138 (1 0 361.122) 338 (0 0 364) 79 (1 0 367.343) 142 (2 0 369.118) 519 (1 0 371) 582 (0 0 373) 146 (0 1 424.001) 346 (0 0 429.97) 137 (0 1 436) 337 (0 0 445.078) 0 (0 1 467.112) 143 (1 1 482.242) 583 (0 1 484.491) 10 (1 1 489.306) 200 (1 0 491.515) 210 (0 0 500) 21 (1 0 527) 221 (0 0 531.147) 41 (1 0 544) 241 (0 0 545.912) 423 (0 0 720) 

- route 4: 404 (0 0 93.807) 702 (1 0 93.807) 262 (0 0 95.8341) 24 (1 0 133.963) 224 (0 0 144) 25 (1 0 320) 225 (0 0 334.556) 85 (0 1 381.697) 285 (0 0 402.44) 199 (0 1 405.794) 159 (1 1 426) 359 (0 1 434.257) 399 (0 0 441.36) 31 (1 0 544.75) 145 (2 0 549) 345 (1 0 573.013) 231 (0 0 590.759) 9 (1 0 604) 209 (0 0 615.113) 424 (0 0 720) 

- route 5: 405 (0 0 52.9059) 66 (0 1 58.6594) 62 (1 1 64.9066) 502 (0 1 67) 90 (0 2 77.5469) 290 (0 1 86.8183) 266 (0 0 109.96) 67 (0 1 204) 190 (1 1 220.665) 390 (0 1 233.6) 98 (1 1 245.12) 298 (0 1 249.233) 267 (0 0 255.301) 64 (1 0 348.779) 169 (2 0 353.807) 609 (1 0 357) 264 (0 0 361.028) 65 (1 0 559.482) 265 (0 0 567.981) 167 (1 0 571) 95 (2 0 575.534) 607 (1 0 577) 295 (0 0 585.691) 59 (1 0 641) 259 (0 0 651.843) 425 (0 0 720) 

- route 6: 406 (0 0 212.939) 796 (1 0 212.939) 356 (0 0 214.953) 703 (1 0 235.807) 263 (0 0 237.9) 54 (1 0 282.794) 494 (0 0 285) 53 (1 0 290) 253 (0 0 295.183) 770 (1 0 310.437) 330 (0 0 312.594) 99 (1 0 407) 299 (0 0 412.67) 51 (0 1 434.07) 251 (0 0 443.741) 97 (1 0 448) 297 (0 0 453.243) 729 (1 0 462.421) 289 (0 0 465.053) 58 (1 0 535.627) 258 (0 0 543.189) 57 (1 0 546) 257 (0 0 550.786) 131 (1 0 556.843) 571 (0 0 559) 426 (0 0 720) 

- route 7: 407 (0 0 88.0349) 60 (1 0 89.1736) 260 (0 0 97) 68 (1 0 142.061) 84 (1 1 149.257) 284 (1 0 170) 268 (0 0 193.285) 69 (1 0 341.971) 19 (2 0 346) 75 (3 0 358.591) 219 (2 0 371.84) 275 (1 0 388.244) 269 (0 0 393.194) 719 (1 0 414.2) 279 (0 0 418.727) 695 (1 0 485.167) 255 (0 0 487.372) 121 (1 0 498.732) 135 (1 1 503) 335 (1 0 532.168) 321 (0 0 544.713) 93 (0 1 585) 77 (1 1 592.59) 277 (0 1 617.77) 293 (0 0 627.852) 427 (0 0 720) 

- route 8: 408 (0 0 91.1486) 86 (0 1 92.8278) 286 (0 0 105) 22 (1 0 193.341) 462 (0 0 197) 728 (1 0 228.421) 288 (0 0 235.664) 5 (1 0 247.94) 445 (0 0 253) 14 (1 0 278.671) 454 (0 0 281) 43 (0 1 338) 243 (0 0 360.294) 55 (1 0 460.141) 495 (0 0 471) 73 (1 0 570) 273 (0 0 581.085) 428 (0 0 720) 

- route 9: 409 (0 0 77.6269) 78 (1 0 84.4724) 518 (0 0 89) 74 (1 0 187.206) 63 (2 0 206.973) 503 (1 0 209) 274 (0 0 225.434) 101 (0 1 264) 140 (1 1 275.412) 340 (0 1 279) 301 (0 0 286.829) 134 (0 1 335.853) 71 (0 2 347) 334 (0 1 373.81) 271 (0 0 386.565) 788 (1 0 468.609) 348 (0 0 472.157) 149 (1 0 617.451) 589 (0 0 621) 429 (0 0 720) 

- route 10: 410 (0 0 87.5044) 112 (1 0 87.7522) 552 (0 0 89) 124 (1 0 114.224) 324 (0 0 124) 814 (1 0 231.066) 374 (0 0 234) 118 (0 1 302.076) 318 (0 0 309) 105 (1 0 381) 305 (0 0 386.402) 114 (1 0 408.646) 314 (0 0 416) 148 (1 0 431.507) 588 (0 0 435) 789 (1 0 654.609) 349 (0 0 658.102) 430 (0 0 720) 

- route 11: 411 (0 0 131.441) 718 (1 0 133.441) 278 (0 0 135.856) 104 (1 0 155.065) 304 (0 0 159) 123 (1 0 254) 323 (0 0 262.202) 132 (1 0 269.91) 153 (2 0 276) 332 (1 0 298.563) 353 (0 0 303.984) 186 (1 0 374.681) 626 (0 0 379.033) 166 (1 0 384.033) 188 (2 0 386.792) 606 (1 0 389) 388 (0 0 394.082) 76 (1 0 429.23) 109 (1 1 447.079) 309 (1 0 457.308) 276 (0 0 463) 175 (1 0 471) 615 (0 0 475) 147 (0 1 567) 347 (0 0 574.454) 773 (1 0 582.778) 13 (2 0 586.951) 333 (1 0 589.817) 453 (0 0 597) 431 (0 0 720) 

- route 12: 412 (0 0 64.2599) 162 (0 1 81.7303) 362 (0 0 102.372) 70 (0 1 108.007) 270 (0 0 135.384) 198 (0 1 141.574) 168 (1 1 148.454) 398 (1 0 168.06) 52 (2 0 171.212) 252 (1 0 175) 368 (0 0 180.318) 50 (0 1 267.328) 250 (0 0 277) 91 (0 1 315.684) 291 (0 0 324.955) 96 (1 0 329.171) 296 (0 0 333) 157 (1 0 353) 81 (1 1 354.992) 597 (0 1 359) 281 (0 0 364.358) 92 (0 1 371.393) 144 (1 1 397.593) 584 (0 1 401) 292 (0 0 414.245) 128 (1 0 432.334) 568 (0 0 434.042) 652 (1 0 435.042) 212 (0 0 439) 832 (1 0 447.203) 392 (0 0 450.715) 193 (1 0 581.487) 633 (0 0 585) 115 (1 0 596.688) 771 (2 0 600.437) 331 (1 0 601.962) 315 (0 0 607.219) 432 (0 0 720) 

- route 13: 413 (0 0 202.541) 102 (1 0 203.874) 302 (0 0 213) 106 (0 1 226.023) 116 (1 1 240.136) 306 (1 0 272) 316 (0 0 281.703) 806 (1 0 417.565) 366 (0 0 421.738) 107 (0 1 515.227) 187 (1 1 523) 627 (0 1 529) 139 (1 1 560) 339 (0 1 563.817) 307 (0 0 575.533) 769 (1 0 607.14) 329 (0 0 608.848) 433 (0 0 720) 

- route 14: 414 (0 0 87.9367) 122 (1 0 90.9964) 322 (0 0 96.7975) 100 (0 1 104.129) 126 (1 1 112.777) 300 (1 0 122) 32 (2 0 131.901) 232 (1 0 140.001) 326 (0 0 152.666) 127 (1 0 235.652) 567 (0 0 241) 750 (1 0 332.553) 310 (0 0 335) 30 (1 0 352.68) 197 (1 1 368.578) 230 (0 1 398.53) 397 (0 0 400.985) 3 (1 0 404.757) 443 (0 0 406.912) 164 (0 1 410.504) 784 (1 1 416.193) 344 (0 1 421.606) 364 (0 0 437) 119 (0 1 466) 319 (0 0 474.886) 751 (1 0 583.771) 311 (0 0 585.849) 434 (0 0 720) 

- route 15: 415 (0 0 149.957) 152 (1 0 159.01) 352 (0 0 178) 103 (1 0 311.473) 303 (0 0 320.598) 120 (1 0 324.067) 45 (2 0 351) 320 (1 0 359.766) 245 (0 0 379.343) 7 (1 0 395.584) 447 (0 0 399) 12 (1 0 405.759) 452 (0 0 407) 643 (1 0 449.308) 203 (0 0 452.54) 17 (1 0 459.825) 667 (2 0 463.391) 227 (1 0 466.449) 217 (0 0 472.031) 195 (0 1 484.438) 815 (1 1 510.907) 375 (0 1 512.21) 395 (0 0 540.838) 133 (1 0 553.516) 573 (0 0 559) 827 (1 0 563.024) 387 (0 0 567.377) 807 (1 0 605.609) 367 (0 0 608.705) 435 (0 0 720) 

- route 16: 416 (0 0 161.664) 160 (1 0 162.296) 360 (0 0 166) 178 (1 0 174.049) 378 (0 0 178) 172 (0 1 180.448) 196 (0 2 186.167) 372 (0 1 196.701) 88 (1 1 210.368) 528 (0 1 213) 396 (0 0 228.68) 87 (0 1 302.1) 287 (0 0 314.272) 56 (1 0 318.704) 256 (0 0 322.228) 94 (1 0 329.384) 61 (2 0 333.604) 294 (1 0 338) 261 (0 0 344.844) 826 (1 0 417.958) 386 (0 0 419.058) 27 (1 0 433.419) 467 (0 0 435) 83 (1 0 437) 283 (0 0 439.174) 72 (1 0 458.471) 117 (2 0 460.909) 272 (1 0 467.635) 191 (2 0 475) 391 (1 0 487.989) 317 (0 0 502.476) 141 (1 0 506) 341 (0 0 509.669) 783 (1 0 511.43) 343 (0 0 514.213) 165 (0 1 550) 365 (0 0 576.743) 833 (1 0 603.203) 393 (0 0 604.461) 177 (1 0 619) 377 (0 0 625.637) 436 (0 0 720) 

- route 17: 417 (0 0 86.347) 154 (1 0 88.819) 354 (0 0 92) 752 (1 0 115.34) 312 (0 0 118.331) 174 (1 0 193.696) 614 (0 0 195) 113 (1 0 282.008) 553 (0 0 285) 173 (0 1 338.893) 150 (1 1 347.493) 350 (0 1 350) 373 (0 0 357.018) 179 (1 0 429) 379 (0 0 434.427) 23 (1 0 477.931) 463 (0 0 481) 437 (0 0 720) 

- route 18: 418 (0 0 76.4481) 182 (1 0 80.9269) 382 (0 0 101) 183 (1 0 195) 383 (0 0 224.61) 662 (1 0 231.931) 222 (0 0 235) 161 (1 0 285) 361 (0 0 290.056) 155 (1 0 327) 355 (0 0 331.271) 176 (1 0 362.242) 376 (0 0 367) 797 (1 0 378.562) 809 (2 0 379.562) 357 (1 0 382.443) 369 (0 0 385.671) 192 (1 0 427.742) 632 (0 0 429) 180 (1 0 448.388) 380 (0 0 451) 181 (1 0 527) 381 (0 0 530.418) 189 (1 0 643) 389 (0 0 650.29) 438 (0 0 720) 

- route 19: 419 (0 0 147.107) 184 (1 0 154.649) 384 (0 0 163) 156 (1 0 184.516) 596 (0 0 187) 158 (1 0 193.961) 358 (0 0 202) 185 (1 0 241) 385 (0 0 253.026) 194 (0 1 276.744) 694 (1 1 299.167) 254 (0 1 310.026) 394 (0 0 331) 39 (1 0 343) 239 (0 0 351.896) 647 (1 0 405.305) 207 (0 0 412.485) 89 (1 0 439.757) 529 (0 0 447) 768 (1 0 469.814) 328 (0 0 475.182) 48 (0 1 507.14) 663 (1 1 516.941) 223 (0 1 520.407) 248 (0 0 549.658) 15 (1 0 554.841) 455 (0 0 559) 151 (1 0 578) 351 (0 0 581.261) 439 (0 0 720) 


Data DARP: datafile3.txt
Transfers: 1
Relative MRT: 1
MRT factor: 1.5
Speed factor PT : 1
PT interval: 10
Iterations: 25000
Iter without impr: 500
Max removal pct: 0.3
Max deterior pct: 0.04
Clustered removal: 0
IDARP adapted: 1
Without operator:  0
Terminals per node: 3
Priority non PT: 0
Priority PT: 0
Priority long: 0
Priority short: 0
Current iteration: 15000
Total distance: 2439.92
Computation time: 1955.55
Average ride time: 20.5549
Pct PT users: 0.235
Users PT: 2 3 4 5 7 12 13 14 15 22 23 26 27 54 55 62 63 78 79 88 89 110 111 112 113 127 128 129 130 131 133 142 143 144 148 149 156 157 166 167 169 174 175 186 187 192 193 

- route 0: 400 (0 0 70.5098) 42 (0 1 73.2895) 242 (0 0 89.1523) 644 (1 0 97.1549) 204 (0 0 102.215) 6 (1 0 189.505) 34 (1 1 199.427) 206 (0 1 206) 234 (0 0 228) 130 (1 0 267.475) 570 (0 0 269) 767 (1 0 273.815) 327 (0 0 275.541) 108 (0 1 291.77) 308 (0 0 302) 753 (1 0 311.34) 313 (0 0 312.587) 35 (0 1 319) 16 (1 1 341.601) 216 (0 1 350.072) 235 (0 0 353.416) 40 (1 0 371.392) 240 (0 0 373) 8 (1 0 471.432) 37 (2 0 474.882) 208 (1 0 481) 237 (0 0 495.629) 111 (1 0 549) 551 (0 0 553) 129 (1 0 566) 569 (0 0 573) 655 (1 0 606.723) 215 (0 0 608.394) 653 (1 0 624.733) 213 (0 0 625.974) 420 (0 0 720) 

- route 1: 401 (0 0 81.0377) 44 (1 0 82.5532) 4 (2 0 85.0824) 444 (1 0 87) 244 (0 0 110.897) 80 (0 1 174.022) 280 (0 0 181.266) 82 (1 0 185.217) 282 (0 0 187) 666 (1 0 192.627) 226 (0 0 194.207) 163 (0 1 212.636) 363 (0 0 233.277) 642 (1 0 239.396) 202 (0 0 241.551) 654 (1 0 328.065) 214 (0 0 332.224) 170 (0 1 431.303) 370 (0 0 442) 171 (0 1 576) 371 (0 0 590.546) 49 (0 1 643) 249 (0 0 692.741) 421 (0 0 720) 

- route 2: 402 (0 0 152.37) 28 (1 0 156.905) 26 (2 0 161.178) 228 (1 0 165) 466 (0 0 169) 2 (1 0 193.768) 442 (0 0 197) 38 (1 0 244.736) 238 (0 0 251) 645 (1 0 263.155) 205 (0 0 265.072) 33 (1 0 270) 233 (0 0 281.65) 36 (1 0 310.428) 20 (2 0 320.902) 220 (1 0 324) 236 (0 0 331.175) 29 (1 0 382.524) 229 (0 0 389.33) 46 (0 1 392.179) 782 (1 1 398.84) 342 (0 1 401.088) 246 (0 0 420.571) 47 (0 1 568) 1 (0 2 591.949) 247 (0 1 596.391) 201 (0 0 616.962) 11 (1 0 631) 211 (0 0 641.728) 422 (0 0 720) 

- route 3: 403 (0 0 65.1992) 18 (1 0 69.8756) 218 (0 0 91) 136 (0 1 243.948) 336 (0 0 251) 125 (1 0 294.295) 110 (2 0 298.922) 550 (1 0 301) 325 (0 0 308.459) 138 (1 0 361.122) 338 (0 0 364) 79 (1 0 367.343) 142 (2 0 369.118) 519 (1 0 371) 582 (0 0 373) 146 (0 1 424.001) 346 (0 0 429.97) 137 (0 1 436) 337 (0 0 445.078) 0 (0 1 467.112) 143 (1 1 482.242) 583 (0 1 484.491) 10 (1 1 489.306) 200 (1 0 491.515) 210 (0 0 500) 21 (1 0 527) 221 (0 0 531.147) 41 (1 0 544) 241 (0 0 545.912) 423 (0 0 720) 

- route 4: 404 (0 0 93.807) 702 (1 0 93.807) 262 (0 0 95.8341) 24 (1 0 133.963) 224 (0 0 144) 25 (1 0 320) 225 (0 0 334.556) 85 (0 1 381.697) 285 (0 0 402.44) 199 (0 1 405.794) 159 (1 1 426) 359 (0 1 434.257) 399 (0 0 441.36) 31 (1 0 544.75) 145 (2 0 549) 345 (1 0 573.013) 231 (0 0 590.759) 9 (1 0 604) 209 (0 0 615.113) 424 (0 0 720) 

- route 5: 405 (0 0 52.9059) 66 (0 1 58.6594) 62 (1 1 64.9066) 502 (0 1 67) 90 (0 2 77.5469) 290 (0 1 86.8183) 266 (0 0 109.96) 67 (0 1 204) 190 (1 1 220.665) 390 (0 1 233.6) 98 (1 1 245.12) 298 (0 1 249.233) 267 (0 0 255.301) 64 (1 0 348.779) 169 (2 0 353.807) 609 (1 0 357) 264 (0 0 361.028) 65 (1 0 559.482) 265 (0 0 567.981) 167 (1 0 571) 95 (2 0 575.534) 607 (1 0 577) 295 (0 0 585.691) 59 (1 0 641) 259 (0 0 651.843) 425 (0 0 720) 

- route 6: 406 (0 0 212.939) 796 (1 0 212.939) 356 (0 0 214.953) 703 (1 0 235.807) 263 (0 0 237.9) 54 (1 0 282.794) 494 (0 0 285) 53 (1 0 290) 253 (0 0 295.183) 770 (1 0 310.437) 330 (0 0 312.594) 99 (1 0 407) 299 (0 0 412.67) 51 (0 1 434.07) 251 (0 0 443.741) 97 (1 0 448) 297 (0 0 453.243) 729 (1 0 462.421) 289 (0 0 465.053) 58 (1 0 535.627) 258 (0 0 543.189) 57 (1 0 546) 257 (0 0 550.786) 131 (1 0 556.843) 571 (0 0 559) 426 (0 0 720) 

- route 7: 407 (0 0 88.0349) 60 (1 0 89.1736) 260 (0 0 97) 68 (1 0 142.061) 84 (1 1 149.257) 284 (1 0 170) 268 (0 0 193.285) 69 (1 0 341.971) 19 (2 0 346) 75 (3 0 358.591) 219 (2 0 371.84) 275 (1 0 388.244) 269 (0 0 393.194) 719 (1 0 414.2) 279 (0 0 418.727) 695 (1 0 485.167) 255 (0 0 487.372) 121 (1 0 498.732) 135 (1 1 503) 335 (1 0 532.168) 321 (0 0 544.713) 93 (0 1 585) 77 (1 1 592.59) 277 (0 1 617.77) 293 (0 0 627.852) 427 (0 0 720) 

- route 8: 408 (0 0 91.1486) 86 (0 1 92.8278) 286 (0 0 105) 22 (1 0 193.341) 462 (0 0 197) 728 (1 0 228.421) 288 (0 0 235.664) 5 (1 0 247.94) 445 (0 0 253) 14 (1 0 278.671) 454 (0 0 281) 43 (0 1 338) 243 (0 0 360.294) 55 (1 0 460.141) 495 (0 0 471) 73 (1 0 570) 273 (0 0 581.085) 428 (0 0 720) 

- route 9: 409 (0 0 77.6269) 78 (1 0 84.4724) 518 (0 0 89) 74 (1 0 187.206) 63 (2 0 206.973) 503 (1 0 209) 274 (0 0 225.434) 101 (0 1 264) 140 (1 1 275.412) 340 (0 1 279) 301 (0 0 286.829) 134 (0 1 335.853) 71 (0 2 347) 334 (0 1 373.81) 271 (0 0 386.565) 788 (1 0 468.609) 348 (0 0 472.157) 149 (1 0 617.451) 589 (0 0 621) 429 (0 0 720) 

- route 10: 410 (0 0 87.5044) 112 (1 0 87.7522) 552 (0 0 89) 124 (1 0 114.224) 324 (0 0 124) 814 (1 0 231.066) 374 (0 0 234) 118 (0 1 302.076) 318 (0 0 309) 105 (1 0 381) 305 (0 0 386.402) 114 (1 0 408.646) 314 (0 0 416) 148 (1 0 431.507) 588 (0 0 435) 789 (1 0 654.609) 349 (0 0 658.102) 430 (0 0 720) 

- route 11: 411 (0 0 131.441) 718 (1 0 133.441) 278 (0 0 135.856) 104 (1 0 155.065) 304 (0 0 159) 123 (1 0 254) 323 (0 0 262.202) 132 (1 0 269.91) 153 (2 0 276) 332 (1 0 298.563) 353 (0 0 303.984) 186 (1 0 374.681) 626 (0 0 379.033) 166 (1 0 384.033) 188 (2 0 386.792) 606 (1 0 389) 388 (0 0 394.082) 76 (1 0 429.23) 109 (1 1 447.079) 309 (1 0 457.308) 276 (0 0 463) 175 (1 0 471) 615 (0 0 475) 147 (0 1 567) 347 (0 0 574.454) 773 (1 0 582.778) 13 (2 0 586.951) 333 (1 0 589.817) 453 (0 0 597) 431 (0 0 720) 

- route 12: 412 (0 0 64.2599) 162 (0 1 81.7303) 362 (0 0 102.372) 70 (0 1 108.007) 270 (0 0 135.384) 198 (0 1 141.574) 168 (1 1 148.454) 398 (1 0 168.06) 52 (2 0 171.212) 252 (1 0 175) 368 (0 0 180.318) 50 (0 1 267.328) 250 (0 0 277) 91 (0 1 315.684) 291 (0 0 324.955) 96 (1 0 329.171) 296 (0 0 333) 157 (1 0 353) 81 (1 1 354.992) 597 (0 1 359) 281 (0 0 364.358) 92 (0 1 371.393) 144 (1 1 397.593) 584 (0 1 401) 292 (0 0 414.245) 128 (1 0 432.334) 568 (0 0 434.042) 652 (1 0 435.042) 212 (0 0 439) 832 (1 0 447.203) 392 (0 0 450.715) 193 (1 0 581.487) 633 (0 0 585) 115 (1 0 596.688) 771 (2 0 600.437) 331 (1 0 601.962) 315 (0 0 607.219) 432 (0 0 720) 

- route 13: 413 (0 0 202.541) 102 (1 0 203.874) 302 (0 0 213) 106 (0 1 226.023) 116 (1 1 240.136) 306 (1 0 272) 316 (0 0 281.703) 806 (1 0 417.565) 366 (0 0 421.738) 107 (0 1 515.227) 187 (1 1 523) 627 (0 1 529) 139 (1 1 560) 339 (0 1 563.817) 307 (0 0 575.533) 769 (1 0 607.14) 329 (0 0 608.848) 433 (0 0 720) 

- route 14: 414 (0 0 87.9367) 122 (1 0 90.9964) 322 (0 0 96.7975) 100 (0 1 104.129) 126 (1 1 112.777) 300 (1 0 122) 32 (2 0 131.901) 232 (1 0 140.001) 326 (0 0 152.666) 127 (1 0 235.652) 567 (0 0 241) 750 (1 0 332.553) 310 (0 0 335) 30 (1 0 352.68) 197 (1 1 368.578) 230 (0 1 398.53) 397 (0 0 400.985) 3 (1 0 404.757) 443 (0 0 406.912) 164 (0 1 410.504) 784 (1 1 416.193) 344 (0 1 421.606) 364 (0 0 437) 119 (0 1 466) 319 (0 0 474.886) 751 (1 0 583.771) 311 (0 0 585.849) 434 (0 0 720) 

- route 15: 415 (0 0 149.957) 152 (1 0 159.01) 352 (0 0 178) 103 (1 0 311.473) 303 (0 0 320.598) 120 (1 0 324.067) 45 (2 0 351) 320 (1 0 359.766) 245 (0 0 379.343) 7 (1 0 395.584) 447 (0 0 399) 12 (1 0 405.759) 452 (0 0 407) 643 (1 0 449.308) 203 (0 0 452.54) 17 (1 0 459.825) 667 (2 0 463.391) 227 (1 0 466.449) 217 (0 0 472.031) 195 (0 1 484.438) 815 (1 1 510.907) 375 (0 1 512.21) 395 (0 0 540.838) 133 (1 0 553.516) 573 (0 0 559) 827 (1 0 563.024) 387 (0 0 567.377) 807 (1 0 605.609) 367 (0 0 608.705) 435 (0 0 720) 

- route 16: 416 (0 0 161.664) 160 (1 0 162.296) 360 (0 0 166) 178 (1 0 174.049) 378 (0 0 178) 172 (0 1 180.448) 196 (0 2 186.167) 372 (0 1 196.701) 88 (1 1 210.368) 528 (0 1 213) 396 (0 0 228.68) 87 (0 1 302.1) 287 (0 0 314.272) 56 (1 0 318.704) 256 (0 0 322.228) 94 (1 0 329.384) 61 (2 0 333.604) 294 (1 0 338) 261 (0 0 344.844) 826 (1 0 417.958) 386 (0 0 419.058) 27 (1 0 433.419) 467 (0 0 435) 83 (1 0 437) 283 (0 0 439.174) 72 (1 0 458.471) 117 (2 0 460.909) 272 (1 0 467.635) 191 (2 0 475) 391 (1 0 487.989) 317 (0 0 502.476) 141 (1 0 506) 341 (0 0 509.669) 783 (1 0 511.43) 343 (0 0 514.213) 165 (0 1 550) 365 (0 0 576.743) 833 (1 0 603.203) 393 (0 0 604.461) 177 (1 0 619) 377 (0 0 625.637) 436 (0 0 720) 

- route 17: 417 (0 0 86.347) 154 (1 0 88.819) 354 (0 0 92) 752 (1 0 115.34) 312 (0 0 118.331) 174 (1 0 193.696) 614 (0 0 195) 113 (1 0 282.008) 553 (0 0 285) 173 (0 1 338.893) 150 (1 1 347.493) 350 (0 1 350) 373 (0 0 357.018) 179 (1 0 429) 379 (0 0 434.427) 23 (1 0 477.931) 463 (0 0 481) 437 (0 0 720) 

- route 18: 418 (0 0 76.4481) 182 (1 0 80.9269) 382 (0 0 101) 183 (1 0 195) 383 (0 0 224.61) 662 (1 0 231.931) 222 (0 0 235) 161 (1 0 285) 361 (0 0 290.056) 155 (1 0 327) 355 (0 0 331.271) 176 (1 0 362.242) 376 (0 0 367) 797 (1 0 378.562) 809 (2 0 379.562) 357 (1 0 382.443) 369 (0 0 385.671) 192 (1 0 427.742) 632 (0 0 429) 180 (1 0 448.388) 380 (0 0 451) 181 (1 0 527) 381 (0 0 530.418) 189 (1 0 643) 389 (0 0 650.29) 438 (0 0 720) 

- route 19: 419 (0 0 147.107) 184 (1 0 154.649) 384 (0 0 163) 156 (1 0 184.516) 596 (0 0 187) 158 (1 0 193.961) 358 (0 0 202) 185 (1 0 241) 385 (0 0 253.026) 194 (0 1 276.744) 694 (1 1 299.167) 254 (0 1 310.026) 394 (0 0 331) 39 (1 0 343) 239 (0 0 351.896) 647 (1 0 405.305) 207 (0 0 412.485) 89 (1 0 439.757) 529 (0 0 447) 768 (1 0 469.814) 328 (0 0 475.182) 48 (0 1 507.14) 663 (1 1 516.941) 223 (0 1 520.407) 248 (0 0 549.658) 15 (1 0 554.841) 455 (0 0 559) 151 (1 0 578) 351 (0 0 581.261) 439 (0 0 720) 


Data DARP: datafile3.txt
Transfers: 1
Relative MRT: 1
MRT factor: 1.5
Speed factor PT : 1
PT interval: 10
Iterations: 25000
Iter without impr: 500
Max removal pct: 0.3
Max deterior pct: 0.04
Clustered removal: 0
IDARP adapted: 1
Without operator:  0
Terminals per node: 3
Priority non PT: 0
Priority PT: 0
Priority long: 0
Priority short: 0
Current iteration: 20000
Total distance: 2439.92
Computation time: 2581.87
Average ride time: 20.5549
Pct PT users: 0.235
Users PT: 2 3 4 5 7 12 13 14 15 22 23 26 27 54 55 62 63 78 79 88 89 110 111 112 113 127 128 129 130 131 133 142 143 144 148 149 156 157 166 167 169 174 175 186 187 192 193 

- route 0: 400 (0 0 70.5098) 42 (0 1 73.2895) 242 (0 0 89.1523) 644 (1 0 97.1549) 204 (0 0 102.215) 6 (1 0 189.505) 34 (1 1 199.427) 206 (0 1 206) 234 (0 0 228) 130 (1 0 267.475) 570 (0 0 269) 767 (1 0 273.815) 327 (0 0 275.541) 108 (0 1 291.77) 308 (0 0 302) 753 (1 0 311.34) 313 (0 0 312.587) 35 (0 1 319) 16 (1 1 341.601) 216 (0 1 350.072) 235 (0 0 353.416) 40 (1 0 371.392) 240 (0 0 373) 8 (1 0 471.432) 37 (2 0 474.882) 208 (1 0 481) 237 (0 0 495.629) 111 (1 0 549) 551 (0 0 553) 129 (1 0 566) 569 (0 0 573) 655 (1 0 606.723) 215 (0 0 608.394) 653 (1 0 624.733) 213 (0 0 625.974) 420 (0 0 720) 

- route 1: 401 (0 0 81.0377) 44 (1 0 82.5532) 4 (2 0 85.0824) 444 (1 0 87) 244 (0 0 110.897) 80 (0 1 174.022) 280 (0 0 181.266) 82 (1 0 185.217) 282 (0 0 187) 666 (1 0 192.627) 226 (0 0 194.207) 163 (0 1 212.636) 363 (0 0 233.277) 642 (1 0 239.396) 202 (0 0 241.551) 654 (1 0 328.065) 214 (0 0 332.224) 170 (0 1 431.303) 370 (0 0 442) 171 (0 1 576) 371 (0 0 590.546) 49 (0 1 643) 249 (0 0 692.741) 421 (0 0 720) 

- route 2: 402 (0 0 152.37) 28 (1 0 156.905) 26 (2 0 161.178) 228 (1 0 165) 466 (0 0 169) 2 (1 0 193.768) 442 (0 0 197) 38 (1 0 244.736) 238 (0 0 251) 645 (1 0 263.155) 205 (0 0 265.072) 33 (1 0 270) 233 (0 0 281.65) 36 (1 0 310.428) 20 (2 0 320.902) 220 (1 0 324) 236 (0 0 331.175) 29 (1 0 382.524) 229 (0 0 389.33) 46 (0 1 392.179) 782 (1 1 398.84) 342 (0 1 401.088) 246 (0 0 420.571) 47 (0 1 568) 1 (0 2 591.949) 247 (0 1 596.391) 201 (0 0 616.962) 11 (1 0 631) 211 (0 0 641.728) 422 (0 0 720) 

- route 3: 403 (0 0 65.1992) 18 (1 0 69.8756) 218 (0 0 91) 136 (0 1 243.948) 336 (0 0 251) 125 (1 0 294.295) 110 (2 0 298.922) 550 (1 0 301) 325 (0 0 308.459) 138 (1 0 361.122) 338 (0 0 364) 79 (1 0 367.343) 142 (2 0 369.118) 519 (1 0 371) 582 (0 0 373) 146 (0 1 424.001) 346 (0 0 429.97) 137 (0 1 436) 337 (0 0 445.078) 0 (0 1 467.112) 143 (1 1 482.242) 583 (0 1 484.491) 10 (1 1 489.306) 200 (1 0 491.515) 210 (0 0 500) 21 (1 0 527) 221 (0 0 531.147) 41 (1 0 544) 241 (0 0 545.912) 423 (0 0 720) 

- route 4: 404 (0 0 93.807) 702 (1 0 93.807) 262 (0 0 95.8341) 24 (1 0 133.963) 224 (0 0 144) 25 (1 0 320) 225 (0 0 334.556) 85 (0 1 381.697) 285 (0 0 402.44) 199 (0 1 405.794) 159 (1 1 426) 359 (0 1 434.257) 399 (0 0 441.36) 31 (1 0 544.75) 145 (2 0 549) 345 (1 0 573.013) 231 (0 0 590.759) 9 (1 0 604) 209 (0 0 615.113) 424 (0 0 720) 

- route 5: 405 (0 0 52.9059) 66 (0 1 58.6594) 62 (1 1 64.9066) 502 (0 1 67) 90 (0 2 77.5469) 290 (0 1 86.8183) 266 (0 0 109.96) 67 (0 1 204) 190 (1 1 220.665) 390 (0 1 233.6) 98 (1 1 245.12) 298 (0 1 249.233) 267 (0 0 255.301) 64 (1 0 348.779) 169 (2 0 353.807) 609 (1 0 357) 264 (0 0 361.028) 65 (1 0 559.482) 265 (0 0 567.981) 167 (1 0 571) 95 (2 0 575.534) 607 (1 0 577) 295 (0 0 585.691) 59 (1 0 641) 259 (0 0 651.843) 425 (0 0 720) 

- route 6: 406 (0 0 212.939) 796 (1 0 212.939) 356 (0 0 214.953) 703 (1 0 235.807) 263 (0 0 237.9) 54 (1 0 282.794) 494 (0 0 285) 53 (1 0 290) 253 (0 0 295.183) 770 (1 0 310.437) 330 (0 0 312.594) 99 (1 0 407) 299 (0 0 412.67) 51 (0 1 434.07) 251 (0 0 443.741) 97 (1 0 448) 297 (0 0 453.243) 729 (1 0 462.421) 289 (0 0 465.053) 58 (1 0 535.627) 258 (0 0 543.189) 57 (1 0 546) 257 (0 0 550.786) 131 (1 0 556.843) 571 (0 0 559) 426 (0 0 720) 

- route 7: 407 (0 0 88.0349) 60 (1 0 89.1736) 260 (0 0 97) 68 (1 0 142.061) 84 (1 1 149.257) 284 (1 0 170) 268 (0 0 193.285) 69 (1 0 341.971) 19 (2 0 346) 75 (3 0 358.591) 219 (2 0 371.84) 275 (1 0 388.244) 269 (0 0 393.194) 719 (1 0 414.2) 279 (0 0 418.727) 695 (1 0 485.167) 255 (0 0 487.372) 121 (1 0 498.732) 135 (1 1 503) 335 (1 0 532.168) 321 (0 0 544.713) 93 (0 1 585) 77 (1 1 592.59) 277 (0 1 617.77) 293 (0 0 627.852) 427 (0 0 720) 

- route 8: 408 (0 0 91.1486) 86 (0 1 92.8278) 286 (0 0 105) 22 (1 0 193.341) 462 (0 0 197) 728 (1 0 228.421) 288 (0 0 235.664) 5 (1 0 247.94) 445 (0 0 253) 14 (1 0 278.671) 454 (0 0 281) 43 (0 1 338) 243 (0 0 360.294) 55 (1 0 460.141) 495 (0 0 471) 73 (1 0 570) 273 (0 0 581.085) 428 (0 0 720) 

- route 9: 409 (0 0 77.6269) 78 (1 0 84.4724) 518 (0 0 89) 74 (1 0 187.206) 63 (2 0 206.973) 503 (1 0 209) 274 (0 0 225.434) 101 (0 1 264) 140 (1 1 275.412) 340 (0 1 279) 301 (0 0 286.829) 134 (0 1 335.853) 71 (0 2 347) 334 (0 1 373.81) 271 (0 0 386.565) 788 (1 0 468.609) 348 (0 0 472.157) 149 (1 0 617.451) 589 (0 0 621) 429 (0 0 720) 

- route 10: 410 (0 0 87.5044) 112 (1 0 87.7522) 552 (0 0 89) 124 (1 0 114.224) 324 (0 0 124) 814 (1 0 231.066) 374 (0 0 234) 118 (0 1 302.076) 318 (0 0 309) 105 (1 0 381) 305 (0 0 386.402) 114 (1 0 408.646) 314 (0 0 416) 148 (1 0 431.507) 588 (0 0 435) 789 (1 0 654.609) 349 (0 0 658.102) 430 (0 0 720) 

- route 11: 411 (0 0 131.441) 718 (1 0 133.441) 278 (0 0 135.856) 104 (1 0 155.065) 304 (0 0 159) 123 (1 0 254) 323 (0 0 262.202) 132 (1 0 269.91) 153 (2 0 276) 332 (1 0 298.563) 353 (0 0 303.984) 186 (1 0 374.681) 626 (0 0 379.033) 166 (1 0 384.033) 188 (2 0 386.792) 606 (1 0 389) 388 (0 0 394.082) 76 (1 0 429.23) 109 (1 1 447.079) 309 (1 0 457.308) 276 (0 0 463) 175 (1 0 471) 615 (0 0 475) 147 (0 1 567) 347 (0 0 574.454) 773 (1 0 582.778) 13 (2 0 586.951) 333 (1 0 589.817) 453 (0 0 597) 431 (0 0 720) 

- route 12: 412 (0 0 64.2599) 162 (0 1 81.7303) 362 (0 0 102.372) 70 (0 1 108.007) 270 (0 0 135.384) 198 (0 1 141.574) 168 (1 1 148.454) 398 (1 0 168.06) 52 (2 0 171.212) 252 (1 0 175) 368 (0 0 180.318) 50 (0 1 267.328) 250 (0 0 277) 91 (0 1 315.684) 291 (0 0 324.955) 96 (1 0 329.171) 296 (0 0 333) 157 (1 0 353) 81 (1 1 354.992) 597 (0 1 359) 281 (0 0 364.358) 92 (0 1 371.393) 144 (1 1 397.593) 584 (0 1 401) 292 (0 0 414.245) 128 (1 0 432.334) 568 (0 0 434.042) 652 (1 0 435.042) 212 (0 0 439) 832 (1 0 447.203) 392 (0 0 450.715) 193 (1 0 581.487) 633 (0 0 585) 115 (1 0 596.688) 771 (2 0 600.437) 331 (1 0 601.962) 315 (0 0 607.219) 432 (0 0 720) 

- route 13: 413 (0 0 202.541) 102 (1 0 203.874) 302 (0 0 213) 106 (0 1 226.023) 116 (1 1 240.136) 306 (1 0 272) 316 (0 0 281.703) 806 (1 0 417.565) 366 (0 0 421.738) 107 (0 1 515.227) 187 (1 1 523) 627 (0 1 529) 139 (1 1 560) 339 (0 1 563.817) 307 (0 0 575.533) 769 (1 0 607.14) 329 (0 0 608.848) 433 (0 0 720) 

- route 14: 414 (0 0 87.9367) 122 (1 0 90.9964) 322 (0 0 96.7975) 100 (0 1 104.129) 126 (1 1 112.777) 300 (1 0 122) 32 (2 0 131.901) 232 (1 0 140.001) 326 (0 0 152.666) 127 (1 0 235.652) 567 (0 0 241) 750 (1 0 332.553) 310 (0 0 335) 30 (1 0 352.68) 197 (1 1 368.578) 230 (0 1 398.53) 397 (0 0 400.985) 3 (1 0 404.757) 443 (0 0 406.912) 164 (0 1 410.504) 784 (1 1 416.193) 344 (0 1 421.606) 364 (0 0 437) 119 (0 1 466) 319 (0 0 474.886) 751 (1 0 583.771) 311 (0 0 585.849) 434 (0 0 720) 

- route 15: 415 (0 0 149.957) 152 (1 0 159.01) 352 (0 0 178) 103 (1 0 311.473) 303 (0 0 320.598) 120 (1 0 324.067) 45 (2 0 351) 320 (1 0 359.766) 245 (0 0 379.343) 7 (1 0 395.584) 447 (0 0 399) 12 (1 0 405.759) 452 (0 0 407) 643 (1 0 449.308) 203 (0 0 452.54) 17 (1 0 459.825) 667 (2 0 463.391) 227 (1 0 466.449) 217 (0 0 472.031) 195 (0 1 484.438) 815 (1 1 510.907) 375 (0 1 512.21) 395 (0 0 540.838) 133 (1 0 553.516) 573 (0 0 559) 827 (1 0 563.024) 387 (0 0 567.377) 807 (1 0 605.609) 367 (0 0 608.705) 435 (0 0 720) 

- route 16: 416 (0 0 161.664) 160 (1 0 162.296) 360 (0 0 166) 178 (1 0 174.049) 378 (0 0 178) 172 (0 1 180.448) 196 (0 2 186.167) 372 (0 1 196.701) 88 (1 1 210.368) 528 (0 1 213) 396 (0 0 228.68) 87 (0 1 302.1) 287 (0 0 314.272) 56 (1 0 318.704) 256 (0 0 322.228) 94 (1 0 329.384) 61 (2 0 333.604) 294 (1 0 338) 261 (0 0 344.844) 826 (1 0 417.958) 386 (0 0 419.058) 27 (1 0 433.419) 467 (0 0 435) 83 (1 0 437) 283 (0 0 439.174) 72 (1 0 458.471) 117 (2 0 460.909) 272 (1 0 467.635) 191 (2 0 475) 391 (1 0 487.989) 317 (0 0 502.476) 141 (1 0 506) 341 (0 0 509.669) 783 (1 0 511.43) 343 (0 0 514.213) 165 (0 1 550) 365 (0 0 576.743) 833 (1 0 603.203) 393 (0 0 604.461) 177 (1 0 619) 377 (0 0 625.637) 436 (0 0 720) 

- route 17: 417 (0 0 86.347) 154 (1 0 88.819) 354 (0 0 92) 752 (1 0 115.34) 312 (0 0 118.331) 174 (1 0 193.696) 614 (0 0 195) 113 (1 0 282.008) 553 (0 0 285) 173 (0 1 338.893) 150 (1 1 347.493) 350 (0 1 350) 373 (0 0 357.018) 179 (1 0 429) 379 (0 0 434.427) 23 (1 0 477.931) 463 (0 0 481) 437 (0 0 720) 

- route 18: 418 (0 0 76.4481) 182 (1 0 80.9269) 382 (0 0 101) 183 (1 0 195) 383 (0 0 224.61) 662 (1 0 231.931) 222 (0 0 235) 161 (1 0 285) 361 (0 0 290.056) 155 (1 0 327) 355 (0 0 331.271) 176 (1 0 362.242) 376 (0 0 367) 797 (1 0 378.562) 809 (2 0 379.562) 357 (1 0 382.443) 369 (0 0 385.671) 192 (1 0 427.742) 632 (0 0 429) 180 (1 0 448.388) 380 (0 0 451) 181 (1 0 527) 381 (0 0 530.418) 189 (1 0 643) 389 (0 0 650.29) 438 (0 0 720) 

- route 19: 419 (0 0 147.107) 184 (1 0 154.649) 384 (0 0 163) 156 (1 0 184.516) 596 (0 0 187) 158 (1 0 193.961) 358 (0 0 202) 185 (1 0 241) 385 (0 0 253.026) 194 (0 1 276.744) 694 (1 1 299.167) 254 (0 1 310.026) 394 (0 0 331) 39 (1 0 343) 239 (0 0 351.896) 647 (1 0 405.305) 207 (0 0 412.485) 89 (1 0 439.757) 529 (0 0 447) 768 (1 0 469.814) 328 (0 0 475.182) 48 (0 1 507.14) 663 (1 1 516.941) 223 (0 1 520.407) 248 (0 0 549.658) 15 (1 0 554.841) 455 (0 0 559) 151 (1 0 578) 351 (0 0 581.261) 439 (0 0 720) 


Data DARP: datafile3.txt
Transfers: 1
Relative MRT: 1
MRT factor: 1.5
Speed factor PT : 1
PT interval: 10
Iterations: 25000
Iter without impr: 500
Max removal pct: 0.3
Max deterior pct: 0.04
Clustered removal: 0
IDARP adapted: 1
Without operator:  0
Terminals per node: 3
Priority non PT: 0
Priority PT: 0
Priority long: 0
Priority short: 0
Current iteration: 25000
Total distance: 2439.92
Computation time: 3265.55
Average ride time: 20.5549
Pct PT users: 0.235
Users PT: 2 3 4 5 7 12 13 14 15 22 23 26 27 54 55 62 63 78 79 88 89 110 111 112 113 127 128 129 130 131 133 142 143 144 148 149 156 157 166 167 169 174 175 186 187 192 193 

- route 0: 400 (0 0 70.5098) 42 (0 1 73.2895) 242 (0 0 89.1523) 644 (1 0 97.1549) 204 (0 0 102.215) 6 (1 0 189.505) 34 (1 1 199.427) 206 (0 1 206) 234 (0 0 228) 130 (1 0 267.475) 570 (0 0 269) 767 (1 0 273.815) 327 (0 0 275.541) 108 (0 1 291.77) 308 (0 0 302) 753 (1 0 311.34) 313 (0 0 312.587) 35 (0 1 319) 16 (1 1 341.601) 216 (0 1 350.072) 235 (0 0 353.416) 40 (1 0 371.392) 240 (0 0 373) 8 (1 0 471.432) 37 (2 0 474.882) 208 (1 0 481) 237 (0 0 495.629) 111 (1 0 549) 551 (0 0 553) 129 (1 0 566) 569 (0 0 573) 655 (1 0 606.723) 215 (0 0 608.394) 653 (1 0 624.733) 213 (0 0 625.974) 420 (0 0 720) 

- route 1: 401 (0 0 81.0377) 44 (1 0 82.5532) 4 (2 0 85.0824) 444 (1 0 87) 244 (0 0 110.897) 80 (0 1 174.022) 280 (0 0 181.266) 82 (1 0 185.217) 282 (0 0 187) 666 (1 0 192.627) 226 (0 0 194.207) 163 (0 1 212.636) 363 (0 0 233.277) 642 (1 0 239.396) 202 (0 0 241.551) 654 (1 0 328.065) 214 (0 0 332.224) 170 (0 1 431.303) 370 (0 0 442) 171 (0 1 576) 371 (0 0 590.546) 49 (0 1 643) 249 (0 0 692.741) 421 (0 0 720) 

- route 2: 402 (0 0 152.37) 28 (1 0 156.905) 26 (2 0 161.178) 228 (1 0 165) 466 (0 0 169) 2 (1 0 193.768) 442 (0 0 197) 38 (1 0 244.736) 238 (0 0 251) 645 (1 0 263.155) 205 (0 0 265.072) 33 (1 0 270) 233 (0 0 281.65) 36 (1 0 310.428) 20 (2 0 320.902) 220 (1 0 324) 236 (0 0 331.175) 29 (1 0 382.524) 229 (0 0 389.33) 46 (0 1 392.179) 782 (1 1 398.84) 342 (0 1 401.088) 246 (0 0 420.571) 47 (0 1 568) 1 (0 2 591.949) 247 (0 1 596.391) 201 (0 0 616.962) 11 (1 0 631) 211 (0 0 641.728) 422 (0 0 720) 

- route 3: 403 (0 0 65.1992) 18 (1 0 69.8756) 218 (0 0 91) 136 (0 1 243.948) 336 (0 0 251) 125 (1 0 294.295) 110 (2 0 298.922) 550 (1 0 301) 325 (0 0 308.459) 138 (1 0 361.122) 338 (0 0 364) 79 (1 0 367.343) 142 (2 0 369.118) 519 (1 0 371) 582 (0 0 373) 146 (0 1 424.001) 346 (0 0 429.97) 137 (0 1 436) 337 (0 0 445.078) 0 (0 1 467.112) 143 (1 1 482.242) 583 (0 1 484.491) 10 (1 1 489.306) 200 (1 0 491.515) 210 (0 0 500) 21 (1 0 527) 221 (0 0 531.147) 41 (1 0 544) 241 (0 0 545.912) 423 (0 0 720) 

- route 4: 404 (0 0 93.807) 702 (1 0 93.807) 262 (0 0 95.8341) 24 (1 0 133.963) 224 (0 0 144) 25 (1 0 320) 225 (0 0 334.556) 85 (0 1 381.697) 285 (0 0 402.44) 199 (0 1 405.794) 159 (1 1 426) 359 (0 1 434.257) 399 (0 0 441.36) 31 (1 0 544.75) 145 (2 0 549) 345 (1 0 573.013) 231 (0 0 590.759) 9 (1 0 604) 209 (0 0 615.113) 424 (0 0 720) 

- route 5: 405 (0 0 52.9059) 66 (0 1 58.6594) 62 (1 1 64.9066) 502 (0 1 67) 90 (0 2 77.5469) 290 (0 1 86.8183) 266 (0 0 109.96) 67 (0 1 204) 190 (1 1 220.665) 390 (0 1 233.6) 98 (1 1 245.12) 298 (0 1 249.233) 267 (0 0 255.301) 64 (1 0 348.779) 169 (2 0 353.807) 609 (1 0 357) 264 (0 0 361.028) 65 (1 0 559.482) 265 (0 0 567.981) 167 (1 0 571) 95 (2 0 575.534) 607 (1 0 577) 295 (0 0 585.691) 59 (1 0 641) 259 (0 0 651.843) 425 (0 0 720) 

- route 6: 406 (0 0 212.939) 796 (1 0 212.939) 356 (0 0 214.953) 703 (1 0 235.807) 263 (0 0 237.9) 54 (1 0 282.794) 494 (0 0 285) 53 (1 0 290) 253 (0 0 295.183) 770 (1 0 310.437) 330 (0 0 312.594) 99 (1 0 407) 299 (0 0 412.67) 51 (0 1 434.07) 251 (0 0 443.741) 97 (1 0 448) 297 (0 0 453.243) 729 (1 0 462.421) 289 (0 0 465.053) 58 (1 0 535.627) 258 (0 0 543.189) 57 (1 0 546) 257 (0 0 550.786) 131 (1 0 556.843) 571 (0 0 559) 426 (0 0 720) 

- route 7: 407 (0 0 88.0349) 60 (1 0 89.1736) 260 (0 0 97) 68 (1 0 142.061) 84 (1 1 149.257) 284 (1 0 170) 268 (0 0 193.285) 69 (1 0 341.971) 19 (2 0 346) 75 (3 0 358.591) 219 (2 0 371.84) 275 (1 0 388.244) 269 (0 0 393.194) 719 (1 0 414.2) 279 (0 0 418.727) 695 (1 0 485.167) 255 (0 0 487.372) 121 (1 0 498.732) 135 (1 1 503) 335 (1 0 532.168) 321 (0 0 544.713) 93 (0 1 585) 77 (1 1 592.59) 277 (0 1 617.77) 293 (0 0 627.852) 427 (0 0 720) 

- route 8: 408 (0 0 91.1486) 86 (0 1 92.8278) 286 (0 0 105) 22 (1 0 193.341) 462 (0 0 197) 728 (1 0 228.421) 288 (0 0 235.664) 5 (1 0 247.94) 445 (0 0 253) 14 (1 0 278.671) 454 (0 0 281) 43 (0 1 338) 243 (0 0 360.294) 55 (1 0 460.141) 495 (0 0 471) 73 (1 0 570) 273 (0 0 581.085) 428 (0 0 720) 

- route 9: 409 (0 0 77.6269) 78 (1 0 84.4724) 518 (0 0 89) 74 (1 0 187.206) 63 (2 0 206.973) 503 (1 0 209) 274 (0 0 225.434) 101 (0 1 264) 140 (1 1 275.412) 340 (0 1 279) 301 (0 0 286.829) 134 (0 1 335.853) 71 (0 2 347) 334 (0 1 373.81) 271 (0 0 386.565) 788 (1 0 468.609) 348 (0 0 472.157) 149 (1 0 617.451) 589 (0 0 621) 429 (0 0 720) 

- route 10: 410 (0 0 87.5044) 112 (1 0 87.7522) 552 (0 0 89) 124 (1 0 114.224) 324 (0 0 124) 814 (1 0 231.066) 374 (0 0 234) 118 (0 1 302.076) 318 (0 0 309) 105 (1 0 381) 305 (0 0 386.402) 114 (1 0 408.646) 314 (0 0 416) 148 (1 0 431.507) 588 (0 0 435) 789 (1 0 654.609) 349 (0 0 658.102) 430 (0 0 720) 

- route 11: 411 (0 0 131.441) 718 (1 0 133.441) 278 (0 0 135.856) 104 (1 0 155.065) 304 (0 0 159) 123 (1 0 254) 323 (0 0 262.202) 132 (1 0 269.91) 153 (2 0 276) 332 (1 0 298.563) 353 (0 0 303.984) 186 (1 0 374.681) 626 (0 0 379.033) 166 (1 0 384.033) 188 (2 0 386.792) 606 (1 0 389) 388 (0 0 394.082) 76 (1 0 429.23) 109 (1 1 447.079) 309 (1 0 457.308) 276 (0 0 463) 175 (1 0 471) 615 (0 0 475) 147 (0 1 567) 347 (0 0 574.454) 773 (1 0 582.778) 13 (2 0 586.951) 333 (1 0 589.817) 453 (0 0 597) 431 (0 0 720) 

- route 12: 412 (0 0 64.2599) 162 (0 1 81.7303) 362 (0 0 102.372) 70 (0 1 108.007) 270 (0 0 135.384) 198 (0 1 141.574) 168 (1 1 148.454) 398 (1 0 168.06) 52 (2 0 171.212) 252 (1 0 175) 368 (0 0 180.318) 50 (0 1 267.328) 250 (0 0 277) 91 (0 1 315.684) 291 (0 0 324.955) 96 (1 0 329.171) 296 (0 0 333) 157 (1 0 353) 81 (1 1 354.992) 597 (0 1 359) 281 (0 0 364.358) 92 (0 1 371.393) 144 (1 1 397.593) 584 (0 1 401) 292 (0 0 414.245) 128 (1 0 432.334) 568 (0 0 434.042) 652 (1 0 435.042) 212 (0 0 439) 832 (1 0 447.203) 392 (0 0 450.715) 193 (1 0 581.487) 633 (0 0 585) 115 (1 0 596.688) 771 (2 0 600.437) 331 (1 0 601.962) 315 (0 0 607.219) 432 (0 0 720) 

- route 13: 413 (0 0 202.541) 102 (1 0 203.874) 302 (0 0 213) 106 (0 1 226.023) 116 (1 1 240.136) 306 (1 0 272) 316 (0 0 281.703) 806 (1 0 417.565) 366 (0 0 421.738) 107 (0 1 515.227) 187 (1 1 523) 627 (0 1 529) 139 (1 1 560) 339 (0 1 563.817) 307 (0 0 575.533) 769 (1 0 607.14) 329 (0 0 608.848) 433 (0 0 720) 

- route 14: 414 (0 0 87.9367) 122 (1 0 90.9964) 322 (0 0 96.7975) 100 (0 1 104.129) 126 (1 1 112.777) 300 (1 0 122) 32 (2 0 131.901) 232 (1 0 140.001) 326 (0 0 152.666) 127 (1 0 235.652) 567 (0 0 241) 750 (1 0 332.553) 310 (0 0 335) 30 (1 0 352.68) 197 (1 1 368.578) 230 (0 1 398.53) 397 (0 0 400.985) 3 (1 0 404.757) 443 (0 0 406.912) 164 (0 1 410.504) 784 (1 1 416.193) 344 (0 1 421.606) 364 (0 0 437) 119 (0 1 466) 319 (0 0 474.886) 751 (1 0 583.771) 311 (0 0 585.849) 434 (0 0 720) 

- route 15: 415 (0 0 149.957) 152 (1 0 159.01) 352 (0 0 178) 103 (1 0 311.473) 303 (0 0 320.598) 120 (1 0 324.067) 45 (2 0 351) 320 (1 0 359.766) 245 (0 0 379.343) 7 (1 0 395.584) 447 (0 0 399) 12 (1 0 405.759) 452 (0 0 407) 643 (1 0 449.308) 203 (0 0 452.54) 17 (1 0 459.825) 667 (2 0 463.391) 227 (1 0 466.449) 217 (0 0 472.031) 195 (0 1 484.438) 815 (1 1 510.907) 375 (0 1 512.21) 395 (0 0 540.838) 133 (1 0 553.516) 573 (0 0 559) 827 (1 0 563.024) 387 (0 0 567.377) 807 (1 0 605.609) 367 (0 0 608.705) 435 (0 0 720) 

- route 16: 416 (0 0 161.664) 160 (1 0 162.296) 360 (0 0 166) 178 (1 0 174.049) 378 (0 0 178) 172 (0 1 180.448) 196 (0 2 186.167) 372 (0 1 196.701) 88 (1 1 210.368) 528 (0 1 213) 396 (0 0 228.68) 87 (0 1 302.1) 287 (0 0 314.272) 56 (1 0 318.704) 256 (0 0 322.228) 94 (1 0 329.384) 61 (2 0 333.604) 294 (1 0 338) 261 (0 0 344.844) 826 (1 0 417.958) 386 (0 0 419.058) 27 (1 0 433.419) 467 (0 0 435) 83 (1 0 437) 283 (0 0 439.174) 72 (1 0 458.471) 117 (2 0 460.909) 272 (1 0 467.635) 191 (2 0 475) 391 (1 0 487.989) 317 (0 0 502.476) 141 (1 0 506) 341 (0 0 509.669) 783 (1 0 511.43) 343 (0 0 514.213) 165 (0 1 550) 365 (0 0 576.743) 833 (1 0 603.203) 393 (0 0 604.461) 177 (1 0 619) 377 (0 0 625.637) 436 (0 0 720) 

- route 17: 417 (0 0 86.347) 154 (1 0 88.819) 354 (0 0 92) 752 (1 0 115.34) 312 (0 0 118.331) 174 (1 0 193.696) 614 (0 0 195) 113 (1 0 282.008) 553 (0 0 285) 173 (0 1 338.893) 150 (1 1 347.493) 350 (0 1 350) 373 (0 0 357.018) 179 (1 0 429) 379 (0 0 434.427) 23 (1 0 477.931) 463 (0 0 481) 437 (0 0 720) 

- route 18: 418 (0 0 76.4481) 182 (1 0 80.9269) 382 (0 0 101) 183 (1 0 195) 383 (0 0 224.61) 662 (1 0 231.931) 222 (0 0 235) 161 (1 0 285) 361 (0 0 290.056) 155 (1 0 327) 355 (0 0 331.271) 176 (1 0 362.242) 376 (0 0 367) 797 (1 0 378.562) 809 (2 0 379.562) 357 (1 0 382.443) 369 (0 0 385.671) 192 (1 0 427.742) 632 (0 0 429) 180 (1 0 448.388) 380 (0 0 451) 181 (1 0 527) 381 (0 0 530.418) 189 (1 0 643) 389 (0 0 650.29) 438 (0 0 720) 

- route 19: 419 (0 0 147.107) 184 (1 0 154.649) 384 (0 0 163) 156 (1 0 184.516) 596 (0 0 187) 158 (1 0 193.961) 358 (0 0 202) 185 (1 0 241) 385 (0 0 253.026) 194 (0 1 276.744) 694 (1 1 299.167) 254 (0 1 310.026) 394 (0 0 331) 39 (1 0 343) 239 (0 0 351.896) 647 (1 0 405.305) 207 (0 0 412.485) 89 (1 0 439.757) 529 (0 0 447) 768 (1 0 469.814) 328 (0 0 475.182) 48 (0 1 507.14) 663 (1 1 516.941) 223 (0 1 520.407) 248 (0 0 549.658) 15 (1 0 554.841) 455 (0 0 559) 151 (1 0 578) 351 (0 0 581.261) 439 (0 0 720) 


