Solution format is:
total_distance
predecessor[0..n_nodes-1]
successor[0..n_nodes-1]
map_to_node[0..n_nodes-1]
map_to_request[0..n_nodes-1]
map_to_vehicle[0..n_nodes-1]
load_mobile[0..n_nodes-1]
load_wheelchair[0..n_nodes-1]
service_start[0..n_nodes-1]
earliest_time[0..n_nodes-1]
latest_time[0..n_nodes-1]
best_insertion_cost[0..n_nodes-1]
second_best_insertion_cost[0..n_nodes-1]
best_predecessor[0..n_nodes-1]
best_successor[0..n_nodes-1]
best_vehicle1[0..n_nodes-1]
best_vehicle2[0..n_nodes-1]
second_best_vehicle1[0..n_nodes-1]
second_best_vehicle2[0..n_nodes-1]
best_terminal1[0..n_nodes-1]
best_terminal2[0..n_nodes-1]
request_bank_prior (list)
request_bank_non_prior (list)

total_distance : 105.017939
predecessor : 49 59 44 4 51 10 0 13 1 7 12 32 22 21 24 27 17 23 31 115 26 8 2 94 3 30 6 9 29 33 5 11 25 95 114 19 37 16 18 35 60 61 62 63 64 65 66 67 68 69 70 71 72 73 74 75 76 77 78 79 40 41 42 43 38 45 46 47 48 39 34 36 52 53 54 55 56 57 58 28 -1 -1 -1 -1 -1 -1 -1 -1 -1 -1 -1 -1 -1 -1 14 15 -1 -1 -1 -1 -1 -1 -1 -1 -1 -1 -1 -1 -1 -1 -1 -1 -1 -1 50 20 -1 -1 -1 -1 0 0 -2126977050 -1879045632 49 59 44 4 51 10 0 13 1 7 12 32 22 21 24 27
successor : 6 8 22 24 3 30 26 9 21 27 5 31 10 7 94 95 37 16 38 35 115 13 12 17 14 32 20 15 79 28 25 18 11 29 70 39 71 36 64 69 60 61 62 63 2 65 66 67 68 0 114 4 72 73 74 75 76 77 78 1 40 41 42 43 44 45 46 47 48 49 50 51 52 53 54 55 56 57 58 59 -1 -1 -1 -1 -1 -1 -1 -1 -1 -1 -1 -1 -1 -1 23 33 -1 -1 -1 -1 -1 -1 -1 -1 -1 -1 -1 -1 -1 -1 -1 -1 -1 -1 34 19 -1 -1 -1 -1 0 1078296576 -2090146380 -1879041024 -1 -1 -1 -1 -1 -1 -1 -1 -1 -1 -1 -1 -1 -1 -1 -1
map_to_node : 0 1 2 3 4 5 6 7 8 9 10 11 12 13 14 15 16 17 18 19 20 21 22 23 24 25 26 27 28 29 30 31 32 33 34 35 36 37 38 39 40 41 42 43 44 45 46 47 48 49 50 51 52 53 54 55 56 57 58 59 40 41 42 43 44 45 46 47 48 49 50 51 52 53 54 55 56 57 58 59 -1 -1 -1 -1 -1 -1 -1 -1 -1 -1 -1 -1 -1 -1 74 115 -1 -1 -1 -1 -1 -1 -1 -1 -1 -1 -1 -1 -1 -1 -1 -1 -1 -1 108 63 -1 -1 -1 -1 0 0 -2141067073 -2147482880 0 0 0 0 0 0 0 0 0 0 0 0 0 0 0 0
map_to_request : 0 1 2 3 4 5 6 7 8 9 10 11 12 13 14 15 16 17 18 19 0 1 2 3 4 5 6 7 8 9 10 11 12 13 14 15 16 17 18 19 -1 -1 -1 -1 -1 -1 -1 -1 -1 -1 -1 -1 -1 -1 -1 -1 -1 -1 -1 -1 -1 -1 -1 -1 -1 -1 -1 -1 -1 -1 -1 -1 -1 -1 -1 -1 -1 -1 -1 -1 0 1 2 3 4 5 6 7 8 9 10 11 12 13 14 15 16 17 18 19 0 1 2 3 4 5 6 7 8 9 10 11 12 13 14 15 16 17 18 19 -1246291064 1076952877 -2108561713 -1879043328 -1 -1 -1 -1 -1 -1 -1 -1 -1 -1 -1 -1 -1 -1 -1 -1
map_to_vehicle : 9 19 4 11 11 4 9 19 19 19 4 4 4 19 11 19 11 11 4 9 9 19 4 11 11 4 9 19 19 19 4 4 4 19 10 9 11 11 4 9 0 1 2 3 4 5 6 7 8 9 10 11 12 13 14 15 16 17 18 19 0 1 2 3 4 5 6 7 8 9 10 11 12 13 14 15 16 17 18 19 -1 -1 -1 -1 -1 -1 -1 -1 -1 -1 -1 -1 -1 -1 11 19 -1 -1 -1 -1 -1 -1 -1 -1 -1 -1 -1 -1 -1 -1 -1 -1 -1 -1 10 9 -1 -1 -1 -1 0 0 -2136742019 -1879046912 -1 -1 -1 -1 -1 -1 -1 -1 -1 -1 -1 -1 -1 -1 -1 -1
load_mobile : 0 1 1 2 1 2 1 2 1 3 1 1 0 1 2 3 2 1 0 2 0 0 0 0 1 0 0 2 0 0 1 0 0 1 0 1 0 1 0 0 0 0 0 0 0 0 0 0 0 0 0 0 0 0 0 0 0 0 0 0 0 0 0 0 0 0 0 0 0 0 0 0 0 0 0 0 0 0 0 0 0 0 0 0 0 0 0 0 0 0 0 0 0 0 1 2 0 0 0 0 0 0 0 0 0 0 0 0 0 0 0 0 0 0 1 1 0 0 0 0 0 1073741824 -2084182957 -1879040256 -1 -1 -1 -1 -1 -1 -1 -1 -1 -1 -1 -1 10 -1 94 -1
load_wheelchair : 1 0 0 0 0 1 1 1 1 1 1 0 1 1 0 1 0 0 1 0 0 1 0 0 0 1 1 1 0 1 1 0 0 1 0 0 0 0 0 0 0 0 0 0 0 0 0 0 0 0 0 0 0 0 0 0 0 0 0 0 0 0 0 0 0 0 0 0 0 0 0 0 0 0 0 0 0 0 0 0 0 0 0 0 0 0 0 0 0 0 0 0 0 0 0 1 0 0 0 0 0 0 0 0 0 0 0 0 0 0 0 0 0 0 0 0 0 0 0 0 0 1078001664 -2086345614 -1879040512 0 1 1 2 1 2 1 2 1 3 1 1 0 1 2 3
service_start : 539.000000 547.000000 555.981769 557.000000 556.000000 563.661607 563.753064 560.000000 550.000000 561.000000 562.661607 577.000000 559.661607 559.000000 565.119685 576.000000 601.000000 588.000000 606.000000 606.000000 580.000000 558.000000 558.661607 574.000000 562.504814 570.221187 572.521720 565.094063 613.000000 602.000000 568.619573 586.000000 574.000000 593.805862 595.944146 612.000000 612.000000 608.164419 617.000000 619.000000 515.000000 424.623465 482.000000 497.435414 525.000000 391.724549 557.000000 511.724193 421.189517 484.810339 369.000000 380.486401 321.000000 498.798928 557.000000 350.000000 547.432678 548.000000 547.818433 487.000000 720.000000 720.000000 720.000000 720.000000 720.000000 720.000000 720.000000 720.000000 720.000000 720.000000 720.000000 720.000000 720.000000 720.000000 720.000000 720.000000 720.000000 720.000000 720.000000 720.000000 0.000000 0.000000 0.000000 0.000000 0.000000 0.000000 0.000000 0.000000 0.000000 0.000000 0.000000 0.000000 0.000000 0.000000 569.133233 581.000000 0.000000 0.000000 0.000000 0.000000 0.000000 0.000000 0.000000 0.000000 0.000000 0.000000 0.000000 0.000000 0.000000 0.000000 0.000000 0.000000 0.000000 0.000000 594.207054 605.000000 0.000000 0.000000 0.000000 0.000000 0.000000 -0.000000 2.000488 0.000000 0.000000 555.000001 0.000000 563.661134 0.000000 560.000004 0.000000 561.000000 0.000000 577.000000 0.000000 559.000001 0.000000 576.000000 0.000000 573.000000
earliest_time : 524.000000 532.000000 546.000000 555.000000 554.000000 561.000000 553.000000 557.000000 535.000000 558.000000 560.000000 574.338393 557.000000 556.000000 560.000000 562.282869 586.000000 573.000000 591.000000 591.000000 569.246936 555.000000 548.679839 568.880315 558.636857 567.559580 561.768655 561.282869 595.815839 585.593279 565.957965 580.757318 571.338393 578.000000 579.000000 596.039400 604.835581 601.000000 600.765124 601.397214 515.000000 424.623465 482.000000 497.435414 525.000000 391.724549 557.000000 511.724193 421.189517 484.810339 369.000000 380.486401 321.000000 498.798928 557.000000 350.000000 547.432678 548.000000 547.818433 487.000000 516.000000 425.623465 483.000000 498.435414 606.028438 392.724549 558.000000 514.724193 422.189517 607.867250 581.602389 606.930282 322.000000 499.798928 558.000000 351.000000 548.432678 549.000000 548.818433 604.548773 0.000000 0.000000 0.000000 0.000000 0.000000 0.000000 0.000000 0.000000 0.000000 0.000000 0.000000 0.000000 0.000000 0.000000 564.013548 563.879028 0.000000 0.000000 0.000000 0.000000 0.000000 0.000000 0.000000 0.000000 0.000000 0.000000 0.000000 0.000000 0.000000 0.000000 0.000000 0.000000 0.000000 0.000000 534.429414 573.348902 0.000000 0.000000 0.000000 0.000000 0.000000 -0.000000 539.000000 547.000000 555.981769 557.000000 556.000000 563.661607 563.753064 560.000000 550.000000 561.000000 562.661607 577.000000 559.661607 559.000000 565.119685 576.000000 601.000000 588.000000
latest_time : 539.000000 547.000000 555.981769 557.000000 556.000000 563.661607 563.753064 560.000000 550.000000 561.000000 562.661607 577.000000 559.661607 559.000000 565.119685 576.000000 601.000000 588.000000 606.000000 606.000000 580.000000 558.000000 558.661607 574.000000 564.119685 570.221187 572.521720 575.000000 613.000000 602.000000 568.619573 586.000000 574.000000 594.406721 605.000000 612.000000 612.000000 608.164419 617.000000 619.000000 719.000000 719.000000 719.000000 719.000000 554.981769 719.000000 719.000000 717.000000 719.000000 538.000000 598.014321 555.000000 719.000000 719.000000 719.000000 719.000000 719.000000 719.000000 719.000000 546.000000 720.000000 720.000000 720.000000 720.000000 720.000000 720.000000 720.000000 720.000000 720.000000 720.000000 720.000000 720.000000 720.000000 720.000000 720.000000 720.000000 720.000000 720.000000 720.000000 720.000000 1440.000000 1440.000000 1440.000000 1440.000000 1440.000000 1440.000000 1440.000000 1440.000000 1440.000000 1440.000000 1440.000000 1440.000000 1440.000000 1440.000000 569.133233 590.731044 1440.000000 1440.000000 1440.000000 1440.000000 1440.000000 1440.000000 1440.000000 1440.000000 1440.000000 1440.000000 1440.000000 1440.000000 1440.000000 1440.000000 1440.000000 1440.000000 1440.000000 1440.000000 603.262908 605.000000 1440.000000 1440.000000 1440.000000 1440.000000 0.000000 -0.000000 539.000000 534.545521 555.981769 557.000000 556.000000 563.661607 563.753064 560.000000 550.000000 561.000000 562.661607 577.000000 559.661607 559.000000 565.119685 576.000000 601.000000 588.000000
best_insertion_cost : 1000.000000 1000.000000 1000.000000 1000.000000 1000.000000 1000.000000 1000.000000 1000.000000 1000.000000 1000.000000 1000.000000 1000.000000 1000.000000 1000.000000 1000.000000 1000.000000 1000.000000 1000.000000 1000.000000 1000.000000 158456325028530751065041141760.000000 -0.000000 2951280107730783811503171422287652952774906640816988848273678265403724702360063616915499381402842719697804397889167844785243552484889975259022665352638443033190752502102837183496005869274360591376568708366667818895432220672.000000 0.000000 2595772935336981172544926398419832168754818983956127455887190850511845148331914767534887701117292597259872591129494896514728192932894981875443405785314865684309593572882023106854677132909603668755264426710526792345614962539932144805969082578556912307857554014551932928.000000 0.000000 0.000000 171439353999200940158348123320392185987432946703053487162227579556665192292170817647551282654343371372115486984654181073341167739338581353606335748694330727989248.000000 36204823500631764649195717450617760714214726605286198541626684137516254253420757720584454484271934623904844084521751390035760844967538425404090542170116248984403706362756038034232220143968274176046708161478586810689523041251448884005313047117635485657849013469184.000000 0.000000 11285566333732930028973188189277889977366160233611555045103918619847815913961094663278154662986068319245821022307517308668751633442093109096106573931906609821510005693360599865004929316439011121706840982533703509116028548183854529347606664206747468756848601679530689912629100544.000000 11647794053640510336818983510093186900085726598581063921561868816632656673318367316377234583699685132829895618919473690469311661042881001513531939487744.000000 41734011269589572527444084777261148503945724443796622378802781814909430766378850049523093359234233904825688827032218656495885137707278999611093319340477998440227265627557698749265639734156222651170816.000000 52530112958070291580863634451555561597838875316346638948648268032791198621832343502791275523480345378816.000000 259459196081543599141029834769752493467836026935243989129555305102434060980912668311428806775278945260938673427512712088336011988488122010232332760781302366470144.000000 129148970806140741706892176624881074037644563968037373368665906202472873984.000000 5719866883324519162160244771653561034415805192155408853912486669956103385421179338222363030268728665597111844204469633310359968108057193867863811409927623540088826535268123163692486863492410755732302574453165104460331768382226432.000000 21168642581315719785564393763039529191481990889431692053647536940664655031692540526985216.000000 50475870900951068923607914056293355296335725320545629998881255175784659312080632879942429760391460065849747647014375613923229415049328596885130727785905727703011826479688263087103624570291620492541485718173361033568722092032.000000 0.000000 5709378132463698067892644153598312370404425770792651041231131237770640538250493573113503696569432465764222903225117853818863005283688002987100447716698393750610073275317631913942587634067389451658383620548879543601238797791002624.000000 0.000444 158456325028530751065041141760.000000 -0.000000 1000.000000 0.057093 0.098198 1000.000000 1000.000000 0.023329 0.041738 1000.000000 0.208381 0.145412 0.052974 0.070574 1000.000000 1000.000000 0.048598 0.064755 0.026064 0.156566 0.080846 0.082125 0.000000 0.000000 0.000000 0.000000 0.000000 0.000000 0.000000 0.000000 -53465618062651983749498078116721479944467172935136598975641385180192623712729298973092612315150921760094156183547618152946066770599020665410370317881325053665108329680972414895105524869548221600816756728444871176284816590023539344539648.000000 0.000000 0.000000 0.000000 nan 0.000000 0.000000 -0.000000 539.000000 547.000000 555.981769 557.000000 556.000000 563.661607 563.753064 560.000000 550.000000 561.000000 562.661607 577.000000 559.661607 559.000000 565.119685 576.000000 601.000000 588.000000 606.000000 606.000000 580.000000 558.000000 558.661607 574.000000 564.119685 570.221187 572.521720 575.000000 613.000000 602.000000 568.619573 586.000000 574.000000 594.406721 605.000000 612.000000 612.000000 608.164419 617.000000 619.000000 719.000000 719.000000 719.000000 719.000000 554.981769 719.000000 719.000000 717.000000 719.000000 538.000000 598.014321 555.000000 719.000000 719.000000 719.000000 719.000000 719.000000 719.000000 719.000000 546.000000
second_best_insertion_cost : 1000.000000 1000.000000 1000.000000 1000.000000 1000.000000 1000.000000 1000.000000 1000.000000 1000.000000 1000.000000 1000.000000 1000.000000 1000.000000 1000.000000 1000.000000 1000.000000 1000.000000 1000.000000 1000.000000 1000.000000 0.000000 -0.000000 1000.000000 1000.000000 1000.000000 1000.000000 1000.000000 1000.000000 1000.000000 1000.000000 1000.000000 1000.000000 1000.000000 1000.000000 1000.000000 1000.000000 1000.000000 1000.000000 1000.000000 1000.000000 1000.000000 1000.000000 0.000000 -0.000000 2951280107730783811503171422287652952774906640816988848273678265403724702360063616915499381402842719697804397889167844785243552484889975259022665352638443033190752502102837183496005869274360591376568708366667818895432220672.000000 0.000000 2595772935336981172544926398419832168754818983956127455887190850511845148331914767534887701117292597259872591129494896514728192932894981875443405785314865684309593572882023106854677132909603668755264426710526792345614962539932144805969082578556912307857554014551932928.000000 0.000000 0.000000 171439353999200940158348123320392185987432946703053487162227579556665192292170817647551282654343371372115486984654181073341167739338581353606335748694330727989248.000000 36204823500631764649195717450617760714214726605286198541626684137516254253420757720584454484271934623904844084521751390035760844967538425404090542170116248984403706362756038034232220143968274176046708161478586810689523041251448884005313047117635485657849013469184.000000 0.000000 11285566333732930028973188189277889977366160233611555045103918619847815913961094663278154662986068319245821022307517308668751633442093109096106573931906609821510005693360599865004929316439011121706840982533703509116028548183854529347606664206747468756848601679530689912629100544.000000 11647794053640510336818983510093186900085726598581063921561868816632656673318367316377234583699685132829895618919473690469311661042881001513531939487744.000000 41734011269589572527444084777261148503945724443796622378802781814909430766378850049523093359234233904825688827032218656495885137707278999611093319340477998440227265627557698749265639734156222651170816.000000 52530112958070291580863634451555561597838875316346638948648268032791198621832343502791275523480345378816.000000 259459196081543599141029834769752493467836026935243989129555305102434060980912668311428806775278945260938673427512712088336011988488122010232332760781302366470144.000000 129148970806140741706892176624881074037644563968037373368665906202472873984.000000 5719866883324519162160244771653561034415805192155408853912486669956103385421179338222363030268728665597111844204469633310359968108057193867863811409927623540088826535268123163692486863492410755732302574453165104460331768382226432.000000 21168642581315719785564393763039529191481990889431692053647536940664655031692540526985216.000000 50475870900951068923607914056293355296335725320545629998881255175784659312080632879942429760391460065849747647014375613923229415049328596885130727785905727703011826479688263087103624570291620492541485718173361033568722092032.000000 0.000000 5709378132463698067892644153598312370404425770792651041231131237770640538250493573113503696569432465764222903225117853818863005283688002987100447716698393750610073275317631913942587634067389451658383620548879543601238797791002624.000000 0.000444 0.000000 -0.000000 2951280107730783811503171422287652952774906640816988848273678265403724702360063616915499381402842719697804397889167844785243552484889975259022665352638443033190752502102837183496005869274360591376568708366667818895432220672.000000 0.000000 2595772935336981172544926398419832168754818983956127455887190850511845148331914767534887701117292597259872591129494896514728192932894981875443405785314865684309593572882023106854677132909603668755264426710526792345614962539932144805969082578556912307857554014551932928.000000 0.000000 0.000000 171439353999200940158348123320392185987432946703053487162227579556665192292170817647551282654343371372115486984654181073341167739338581353606335748694330727989248.000000 36204823500631764649195717450617760714214726605286198541626684137516254253420757720584454484271934623904844084521751390035760844967538425404090542170116248984403706362756038034232220143968274176046708161478586810689523041251448884005313047117635485657849013469184.000000 0.000000 11285566333732930028973188189277889977366160233611555045103918619847815913961094663278154662986068319245821022307517308668751633442093109096106573931906609821510005693360599865004929316439011121706840982533703509116028548183854529347606664206747468756848601679530689912629100544.000000 11647794053640510336818983510093186900085726598581063921561868816632656673318367316377234583699685132829895618919473690469311661042881001513531939487744.000000 41734011269589572527444084777261148503945724443796622378802781814909430766378850049523093359234233904825688827032218656495885137707278999611093319340477998440227265627557698749265639734156222651170816.000000 52530112958070291580863634451555561597838875316346638948648268032791198621832343502791275523480345378816.000000 259459196081543599141029834769752493467836026935243989129555305102434060980912668311428806775278945260938673427512712088336011988488122010232332760781302366470144.000000 129148970806140741706892176624881074037644563968037373368665906202472873984.000000 5719866883324519162160244771653561034415805192155408853912486669956103385421179338222363030268728665597111844204469633310359968108057193867863811409927623540088826535268123163692486863492410755732302574453165104460331768382226432.000000 21168642581315719785564393763039529191481990889431692053647536940664655031692540526985216.000000 50475870900951068923607914056293355296335725320545629998881255175784659312080632879942429760391460065849747647014375613923229415049328596885130727785905727703011826479688263087103624570291620492541485718173361033568722092032.000000 0.000000 5709378132463698067892644153598312370404425770792651041231131237770640538250493573113503696569432465764222903225117853818863005283688002987100447716698393750610073275317631913942587634067389451658383620548879543601238797791002624.000000 0.000444 0.000000 -0.000000 2.065692 2.270593 0.862566 3.274945 2.691780 0.994641 -5.689051 2.747643 0.000000 1.394530 0.152234 2.040701 3.096349 0.000000 4.614322 0.990908 0.155925 0.599715 -6.268622 0.000000 0.000000 -0.000000 1000.000000 1000.000000 1000.000000 1000.000000 1000.000000 1000.000000 1000.000000 1000.000000 1000.000000 1000.000000 1000.000000 1000.000000 1000.000000 1000.000000 1000.000000 1000.000000 1000.000000 1000.000000 1000.000000 1000.000000 0.000000 -0.000000 2951280107730783811503171422287652952774906640816988848273678265403724702360063616915499381402842719697804397889167844785243552484889975259022665352638443033190752502102837183496005869274360591376568708366667818895432220672.000000 0.000000 2595772935336981172544926398419832168754818983956127455887190850511845148331914767534887701117292597259872591129494896514728192932894981875443405785314865684309593572882023106854677132909603668755264426710526792345614962539932144805969082578556912307857554014551932928.000000 0.000000 0.000000 171439353999200940158348123320392185987432946703053487162227579556665192292170817647551282654343371372115486984654181073341167739338581353606335748694330727989248.000000 36204823500631764649195717450617760714214726605286198541626684137516254253420757720584454484271934623904844084521751390035760844967538425404090542170116248984403706362756038034232220143968274176046708161478586810689523041251448884005313047117635485657849013469184.000000 0.000000
best_predecessor : -1 -1 -1 -1 -1 -1 -1 -1 -1 -1 -1 -1 -1 -1 -1 -1 -1 -1 -1 -1 -1 -1 -1 -1 -1 -1 -1 -1 -1 -1 -1 -1 -1 -1 -1 -1 -1 -1 -1 -1 -1 -1 -1 -1 -1 -1 -1 -1 -1 -1 -1 -1 -1 -1 -1 -1 -1 -1 -1 -1 -1 -1 -1 -1 -1 -1 -1 -1 -1 -1 -1 -1 -1 -1 -1 -1 -1 -1 -1 -1 -1 -1 -1 -1 -1 -1 -1 -1 -1 -1 -1 -1 -1 -1 -1 -1 -1 -1 -1 -1 -1 -1 -1 -1 -1 -1 -1 -1 -1 -1 -1 -1 -1 -1 -1 -1 -1 -1 -1 -1 0 0 -2092309033 -1879041280 6 8 22 24 3 30 26 9 21 27 5 31 10 7 94 95
best_successor : -1 -1 -1 -1 -1 -1 -1 -1 -1 -1 -1 -1 -1 -1 -1 -1 -1 -1 -1 -1 -1 -1 -1 -1 -1 -1 -1 -1 -1 -1 -1 -1 -1 -1 -1 -1 -1 -1 -1 -1 -1 -1 -1 -1 -1 -1 -1 -1 -1 -1 -1 -1 -1 -1 -1 -1 -1 -1 -1 -1 -1 -1 -1 -1 -1 -1 -1 -1 -1 -1 -1 -1 -1 -1 -1 -1 -1 -1 -1 -1 -1 -1 -1 -1 -1 -1 -1 -1 -1 -1 -1 -1 -1 -1 -1 -1 -1 -1 -1 -1 -1 -1 -1 -1 -1 -1 -1 -1 -1 -1 -1 -1 -1 -1 -1 -1 -1 -1 -1 -1 0 0 -2135103654 -1879046656 -1 -1 -1 -1 -1 -1 -1 -1 -1 -1 -1 -1 -1 -1 9 -1
best_vehicle1 : -1 -1 -1 -1 -1 -1 -1 -1 -1 -1 -1 -1 -1 -1 -1 -1 -1 -1 -1 -1 0 0 0 0 0 0 0 0 0 0 0 0 0 0 0 0 0 0 0 0 0 0 0 0 0 0 0 0 0 0 0 0 0 0 0 0 0 0 0 0 0 0 0 0 0 0 0 0 0 0 0 0 0 0 0 0 0 0 0 0 0 0 0 0 0 0 0 0 0 0 0 0 0 0 0 0 0 0 0 0 0 0 0 0 0 0 0 0 0 0 0 0 0 0 0 0 0 0 0 0 0 0 -2130778344 -1879046144 -1 -1 -1 -1 -1 -1 -1 -1 -1 -1 -1 -1 -1 -1 -1 -1
best_vehicle2 : -1 -1 -1 -1 -1 -1 -1 -1 -1 -1 -1 -1 -1 -1 -1 -1 -1 -1 -1 -1 0 0 0 0 0 0 0 0 0 0 0 0 0 0 0 0 -1690901812 1075905415 -168774808 1077106013 -406697057 1076987226 -2098511316 1074513158 19016718 1073756868 372164083 1077819594 -632241796 1077401823 599369815 1076708997 -1879382761 1072622106 1619611271 1076922615 -1580340277 1077084511 1240785078 1077594700 -471771569 1073060112 -338866008 1077791749 -1516348140 1077300324 1983960190 1077593914 1242816476 1076759842 -378742713 1076464115 -22360177 1077510040 0 0 0 0 587268897 271718028 0 0 0 1075576832 0 1076363264 0 1077215232 0 1076101120 0 1077542912 0 1077018624 0 1077018624 0 1078394880 0 1078394880 0 1078460416 0 1078460416 0 1078591488 0 1077936128 0 1079574528 0 1079345152 0 1079705600 0 1079443456 0 1080082432 0 1080180736 0 1077215232 -2094471690 -1879041536 -1 -1 -1 -1 -1 -1 -1 -1 -1 -1 -1 -1 -1 -1 -1 -1
second_best_vehicle1 : -1 -1 -1 -1 -1 -1 -1 -1 -1 -1 -1 -1 -1 -1 -1 -1 -1 -1 -1 -1 0 1078394880 0 1078296576 0 1078329344 0 1076363264 0 1072693248 0 1078099968 0 1077542912 0 1078296576 0 1078755328 0 1078919168 0 1079345152 0 1079459840 0 1079541760 0 1079001088 0 1079508992 0 1078853632 0 1079050240 0 1079050240 0 1078198272 0 1078198272 0 1078132736 0 1078132736 0 1078001664 0 1078657024 0 1076625408 0 0 0 1077280768 0 1075314688 0 1078460416 0 1078853632 0 1079001088 0 1078329344 0 1077936128 0 1078788096 0 1077280768 0 1078263808 0 1076756480 0 1075970048 0 1078001664 0 1077870592 0 1077936128 0 1077739520 0 1077805056 0 1073741824 0 1076756480 0 1078558720 0 1078198272 0 1078755328 0 1079099392 0 1079181312 0 1079705600 -2073893700 -2147474432 0 1079902208 0 1079361536 0 1079869440 0 1079279616 0 1079410688 0 1079410688 0 1078919168 0 1078919168
second_best_vehicle2 : -1 -1 -1 -1 -1 -1 -1 -1 -1 -1 -1 -1 -1 -1 -1 -1 -1 -1 -1 -1 0 1079656448 0 1079934976 0 1080098816 0 1080139776 0 1076101120 0 1074266112 0 1073741824 0 1077870592 0 0 0 1078067200 0 1077673984 0 1077673984 0 1078722560 0 1078722560 0 1078788096 0 1078788096 0 1078919168 0 1078263808 0 1079738368 0 1079508992 0 1079869440 0 1079607296 0 1080164352 0 1080262656 0 1077870592 0 1078591488 0 1078984704 0 1078132736 0 1079148544 0 1078657024 0 1079263232 0 1079361536 0 1078919168 0 1079001088 0 1078984704 0 1079033856 0 1079017472 0 1079541760 0 1079754752 0 1080188928 0 1080098816 0 1080238080 0 1080352768 0 1080393728 0 1077542912 0 1077968896 0 1078132736 0 1075052544 0 1078067200 0 0 0 1075838976 -2087983723 -1879040768 1 0 0 0 0 1 1 1 1 1 1 0 1 1 0 1
best_terminal1 : -1 -1 -1 -1 -1 -1 -1 -1 -1 -1 -1 -1 -1 -1 -1 -1 -1 -1 -1 -1 975778365 757932064 -2146876212 -1879047896 -1 -1 -1 -1 -1 -1 -1 -1 -1 -1 -1 -1 -1 -1 -1 -1 -1 -1 -1 -1 757932073 674242622 -2146220862 -2147483079 -1 -1 -1 -1 1048604 8200 1200 0 0 0 -65536 453987684 0 0 0 0 0 0 0 0 0 0 -2146089800 -2147482825 757082421 857751085 909453365 892808754 757082419 824196653 909453366 892808755 757082419 857751085 926230582 842346034 757082418 857751085 943007792 757082416 874528301 842475572 1980377392 1667852389 891315564 1701586976 -2145434434 -1879047110 -1 -1 -1 -1 -1 -1 -1 -1 -1 -1 -1 -1 -1 -1 -1 -1 -1 -1 -1 -1 892417320 825505070 -2145303372 -2147482306 775303477 691090485 1043148064 925905184 925971752 892745518 757932073 909254718 858928424 842085166 757932073 926031934 959591720 892876846 757932073 674766910 774910773 691353656 1043148064 674771488
best_terminal2 : -1 -1 -1 -1 -1 -1 -1 -1 -1 -1 -1 -1 -1 -1 -1 -1 -1 -1 -1 -1 757932073 674242622 -2146220862 -2147483079 -1 -1 -1 -1 1048604 8200 1200 0 0 0 -65536 453987684 0 0 0 0 0 0 0 0 0 0 -2146089800 -2147482825 757082421 857751085 909453365 892808754 757082419 824196653 909453366 892808755 757082419 857751085 926230582 842346034 757082418 857751085 943007792 757082416 874528301 842475572 1980377392 1667852389 891315564 1701586976 -2145434434 -1879047110 -1 -1 -1 -1 -1 -1 -1 -1 -1 -1 -1 -1 -1 -1 -1 -1 -1 -1 -1 -1 892417320 825505070 -2145303372 -2147482306 775303477 691090485 1043148064 925905184 925971752 892745518 757932073 909254718 858928424 842085166 757932073 926031934 959591720 892876846 757932073 674766910 774910773 691353656 1043148064 674771488 691221557 1043148064 -2144648022 -2147482059 1043148064 891828512 539572020 540945709 891828530 539572021 540945709 891826483 539570231 540945709 891828017 539570487 540945709 891828019 539571767 540945709 925382196 170471474 1768449398 543517795
request_bank_prior : 
request_bank_non_prior : 
------------------------------------------------------------

