Solution format is:
total_distance
predecessor[0..n_nodes-1]
successor[0..n_nodes-1]
map_to_node[0..n_nodes-1]
map_to_request[0..n_nodes-1]
map_to_vehicle[0..n_nodes-1]
load_mobile[0..n_nodes-1]
load_wheelchair[0..n_nodes-1]
service_start[0..n_nodes-1]
earliest_time[0..n_nodes-1]
latest_time[0..n_nodes-1]
best_insertion_cost[0..n_nodes-1]
second_best_insertion_cost[0..n_nodes-1]
best_predecessor[0..n_nodes-1]
best_successor[0..n_nodes-1]
best_vehicle1[0..n_nodes-1]
best_vehicle2[0..n_nodes-1]
second_best_vehicle1[0..n_nodes-1]
second_best_vehicle2[0..n_nodes-1]
best_terminal1[0..n_nodes-1]
best_terminal2[0..n_nodes-1]
request_bank_prior (list)
request_bank_non_prior (list)

total_distance : 87.582147
predecessor : 43 44 52 47 6 2 21 3 9 12 11 22 20 23 28 13 17 32 34 31 0 1 25 87 26 5 4 107 8 14 19 10 29 35 37 15 16 36 18 30 60 61 62 63 64 65 66 67 68 69 70 71 72 73 74 75 76 77 78 79 40 41 42 38 27 45 46 33 48 49 50 51 39 53 54 55 56 57 58 59 -1 -1 -1 -1 -1 -1 -1 7 -1 -1 -1 -1 -1 -1 -1 -1 -1 -1 -1 -1 -1 -1 -1 -1 -1 -1 -1 24 -1 -1 -1 -1 -1 -1 -1 -1 -1 -1 -1 -1 0 0 -2142778401 -1879047680 20 21 5 7 26 25 4 87 28 8 31 10 9 15 29 35
successor : 20 21 5 7 26 25 4 87 28 8 31 10 9 15 29 35 36 16 38 30 12 6 11 13 107 22 24 64 14 32 39 19 17 67 18 33 37 34 63 72 60 61 62 0 1 65 66 3 68 69 70 71 2 73 74 75 76 77 78 79 40 41 42 43 44 45 46 47 48 49 50 51 52 53 54 55 56 57 58 59 -1 -1 -1 -1 -1 -1 -1 23 -1 -1 -1 -1 -1 -1 -1 -1 -1 -1 -1 -1 -1 -1 -1 -1 -1 -1 -1 27 -1 -1 -1 -1 -1 -1 -1 -1 -1 -1 -1 -1 0 0 -2140877892 -1879047424 -1 -1 -1 -1 -1 -1 -1 -1 -1 -1 -1 -1 -1 -1 -1 -1
map_to_node : 0 1 2 3 4 5 6 7 8 9 10 11 12 13 14 15 16 17 18 19 20 21 22 23 24 25 26 27 28 29 30 31 32 33 34 35 36 37 38 39 40 41 42 43 44 45 46 47 48 49 50 51 52 53 54 55 56 57 58 59 40 41 42 43 44 45 46 47 48 49 50 51 52 53 54 55 56 57 58 59 -1 -1 -1 -1 -1 -1 -1 98 -1 -1 -1 -1 -1 -1 -1 -1 -1 -1 -1 -1 -1 -1 -1 -1 -1 -1 -1 126 -1 -1 -1 -1 -1 -1 -1 -1 -1 -1 -1 -1 1851880020 1919247987 -2126527940 -1879045531 1 1 1 1 1 1 1 2 2 1 2 1 1 1 2 2
map_to_request : 0 1 2 3 4 5 6 7 8 9 10 11 12 13 14 15 16 17 18 19 0 1 2 3 4 5 6 7 8 9 10 11 12 13 14 15 16 17 18 19 -1 -1 -1 -1 -1 -1 -1 -1 -1 -1 -1 -1 -1 -1 -1 -1 -1 -1 -1 -1 -1 -1 -1 -1 -1 -1 -1 -1 -1 -1 -1 -1 -1 -1 -1 -1 -1 -1 -1 -1 0 1 2 3 4 5 6 7 8 9 10 11 12 13 14 15 16 17 18 19 0 1 2 3 4 5 6 7 8 9 10 11 12 13 14 15 16 17 18 19 0 0 -2122464518 -1879045120 -1 -1 -1 -1 -1 -1 -1 -1 -1 -1 -1 -1 -1 -1 -1 -1
map_to_vehicle : 3 4 12 7 4 12 4 7 3 3 12 12 3 7 3 7 3 3 3 12 3 4 12 7 4 12 4 4 3 3 12 12 3 7 3 7 3 3 3 12 0 1 2 3 4 5 6 7 8 9 10 11 12 13 14 15 16 17 18 19 0 1 2 3 4 5 6 7 8 9 10 11 12 13 14 15 16 17 18 19 -1 -1 -1 -1 -1 -1 -1 7 -1 -1 -1 -1 -1 -1 -1 -1 -1 -1 -1 -1 -1 -1 -1 -1 -1 -1 -1 4 -1 -1 -1 -1 -1 -1 -1 -1 -1 -1 -1 -1 143377632 685 -2142780620 -2147483136 1851880020 1919247987 -2142846153 -2147482779 0 0 0 0 426 0 0 -1071644672 0 1076101120 0 0
load_mobile : 1 1 1 1 1 1 1 2 2 1 2 1 1 1 2 2 3 2 0 2 0 0 0 0 0 1 0 0 1 2 1 1 1 0 0 1 2 1 0 0 0 0 0 0 0 0 0 0 0 0 0 0 0 0 0 0 0 0 0 0 0 0 0 0 0 0 0 0 0 0 0 0 0 0 0 0 0 0 0 0 0 0 0 0 0 0 0 1 0 0 0 0 0 0 0 0 0 0 0 0 0 0 0 0 0 0 0 1 0 0 0 0 0 0 0 0 0 0 0 0 0 1072693248 -2124627427 -1879045203 0 1 2 3 4 5 6 7 8 9 10 11 12 13 14 15
load_wheelchair : 0 0 0 0 1 1 0 0 1 1 0 0 0 0 1 0 0 0 1 0 0 0 0 0 0 0 1 0 1 0 0 0 0 0 0 0 0 0 0 0 0 0 0 0 0 0 0 0 0 0 0 0 0 0 0 0 0 0 0 0 0 0 0 0 0 0 0 0 0 0 0 0 0 0 0 0 0 0 0 0 0 0 0 0 0 0 0 0 0 0 0 0 0 0 0 0 0 0 0 0 0 0 0 0 0 0 0 0 0 0 0 0 0 0 0 0 0 0 0 0 0 0 -2137340973 -1879046912 -1 -1 -1 -1 -1 -1 -1 -1 -1 -1 -1 -1 -1 -1 -1 -1
service_start : 236.168627 226.122422 232.000000 231.000000 231.000000 241.125781 230.000000 246.906666 250.801831 247.801831 269.923002 260.000000 246.801831 270.000000 256.000000 275.969837 267.292731 266.292731 278.000000 272.642658 238.000000 229.000000 254.000000 257.000000 258.000000 247.000000 253.691341 278.541721 255.000000 262.268215 274.000000 271.642658 265.292731 283.000000 277.000000 278.425519 271.775252 274.948000 296.000000 279.602517 158.230201 226.058913 278.541721 235.168627 211.863676 150.542397 109.585308 0.000000 0.000000 0.000000 249.000000 122.032456 177.378950 156.000000 211.863676 237.000000 0.000000 0.000000 0.000000 0.000000 720.000000 720.000000 720.000000 720.000000 720.000000 720.000000 720.000000 720.000000 720.000000 720.000000 720.000000 720.000000 720.000000 720.000000 720.000000 720.000000 720.000000 720.000000 720.000000 720.000000 0.000000 0.000000 0.000000 0.000000 0.000000 0.000000 0.000000 249.000000 0.000000 0.000000 0.000000 0.000000 0.000000 0.000000 0.000000 0.000000 0.000000 0.000000 0.000000 0.000000 0.000000 0.000000 0.000000 0.000000 0.000000 0.000000 0.000000 275.834175 0.000000 0.000000 0.000000 0.000000 0.000000 0.000000 0.000000 0.000000 0.000000 0.000000 0.000000 0.000000 0.000000 -0.000000 236.168627 226.122422 232.000000 231.000000 231.000000 241.125781 230.000000 248.377177 250.801831 247.801831 269.923002 260.000000 246.801831 270.000000 256.000000 275.969837 267.292731 266.292731
earliest_time : 236.168627 221.000000 205.000000 202.000000 229.000000 227.000000 228.000000 236.000000 249.000000 245.000000 251.000000 245.000000 242.000000 255.000000 255.000000 261.000000 267.024515 266.024515 277.731785 267.000000 238.000000 224.000000 239.000000 244.622823 251.308659 232.874219 247.000000 258.158226 254.000000 262.000000 268.357342 262.000000 265.024515 268.574481 276.731785 264.000000 271.507037 274.679784 292.606991 273.687738 158.230201 226.058913 278.541721 235.168627 211.863676 150.542397 109.585308 0.000000 0.000000 0.000000 249.000000 122.032456 177.378950 156.000000 211.863676 237.000000 0.000000 0.000000 0.000000 0.000000 159.230201 227.058913 279.541721 299.926287 264.010325 151.542397 112.585308 271.574481 0.000000 0.000000 250.000000 123.032456 282.632223 159.000000 212.863676 238.000000 0.000000 0.000000 0.000000 0.000000 0.000000 0.000000 0.000000 0.000000 0.000000 0.000000 0.000000 238.093334 0.000000 0.000000 0.000000 0.000000 0.000000 0.000000 0.000000 0.000000 0.000000 0.000000 0.000000 0.000000 0.000000 0.000000 0.000000 0.000000 0.000000 0.000000 0.000000 255.450679 0.000000 0.000000 0.000000 0.000000 0.000000 0.000000 0.000000 0.000000 0.000000 0.000000 0.000000 0.000000 15.000000 -0.000000 147.000000 154.000000 186.000000 197.000000 190.000000 196.000000 199.000000 191.000000 185.000000 216.000000 226.000000 221.000000 205.000000 202.000000 229.000000 227.000000 228.000000 236.000000
latest_time : 236.168627 226.122422 232.000000 231.000000 231.000000 241.125781 230.000000 248.377177 250.801831 247.801831 269.923002 260.000000 246.801831 270.000000 256.000000 275.969837 267.292731 266.292731 278.000000 272.642658 238.000000 229.000000 254.000000 257.000000 258.000000 247.000000 253.691341 282.000000 255.000000 262.268215 274.000000 271.642658 265.292731 283.000000 277.000000 278.425519 271.775252 274.948000 296.000000 288.000000 719.000000 719.000000 719.000000 235.168627 225.122422 719.000000 717.000000 231.000000 720.000000 720.000000 719.000000 719.000000 231.000000 717.000000 719.000000 719.000000 720.000000 720.000000 720.000000 720.000000 720.000000 720.000000 720.000000 720.000000 720.000000 720.000000 720.000000 720.000000 720.000000 720.000000 720.000000 720.000000 720.000000 720.000000 720.000000 720.000000 720.000000 720.000000 720.000000 720.000000 1440.000000 1440.000000 1440.000000 1440.000000 1440.000000 1440.000000 1440.000000 250.470511 1440.000000 1440.000000 1440.000000 1440.000000 1440.000000 1440.000000 1440.000000 1440.000000 1440.000000 1440.000000 1440.000000 1440.000000 1440.000000 1440.000000 1440.000000 1440.000000 1440.000000 1440.000000 1440.000000 279.292454 1440.000000 1440.000000 1440.000000 1440.000000 1440.000000 1440.000000 1440.000000 1440.000000 1440.000000 1440.000000 1440.000000 1440.000000 0.000000 -0.000000 2.000488 0.000000 0.000000 231.000000 0.000000 241.125733 0.000000 246.906617 0.000000 247.801758 0.000000 260.000000 0.000000 270.000000 0.000000 275.969727 0.000000 266.292731
best_insertion_cost : 1000.000000 1000.000000 1000.000000 1000.000000 1000.000000 1000.000000 1000.000000 1000.000000 1000.000000 1000.000000 1000.000000 1000.000000 1000.000000 1000.000000 1000.000000 1000.000000 1000.000000 1000.000000 1000.000000 1000.000000 158456325028535430586528956416.000000 -0.000000 1000.000000 1000.000000 1000.000000 1000.000000 1000.000000 1000.000000 1000.000000 1000.000000 1000.000000 1000.000000 1000.000000 1000.000000 1000.000000 1000.000000 1000.000000 1000.000000 1000.000000 1000.000000 1000.000000 1000.000000 72.000000 -0.000000 2951280107730783811503171422287652952774906640816988848273678265403724702360063616915499381402842719697804397889167844785243552484889975259022665352638443033190752502102837183496005869274360591376568708366667818895432220672.000000 0.000000 2595772935336981172544926398419832168754818983956127455887190850511845148331914767534887701117292597259872591129494896514728192932894981875443405785314865684309593572882023106854677132909603668755264426710526792345614962539932144805969082578556912307857554014551932928.000000 0.000000 0.000000 171439353999200940158348123320392185987432946703053487162227579556665192292170817647551282654343371372115486984654181073341167739338581353606335748694330727989248.000000 36204823500631764649195717450617760714214726605286198541626684137516254253420757720584454484271934623904844084521751390035760844967538425404090542170116248984403706362756038034232220143968274176046708161478586810689523041251448884005313047117635485657849013469184.000000 0.000000 11285566333732930028973188189277889977366160233611555045103918619847815913961094663278154662986068319245821022307517308668751633442093109096106573931906609821510005693360599865004929316439011121706840982533703509116028548183854529347606664206747468756848601679530689912629100544.000000 11647794053640510336818983510093186900085726598581063921561868816632656673318367316377234583699685132829895618919473690469311661042881001513531939487744.000000 41734011269589572527444084777261148503945724443796622378802781814909430766378850049523093359234233904825688827032218656495885137707278999611093319340477998440227265627557698749265639734156222651170816.000000 52530112958070291580863634451555561597838875316346638948648268032791198621832343502791275523480345378816.000000 259459196081543599141029834769752493467836026935243989129555305102434060980912668311428806775278945260938673427512712088336011988488122010232332760781302366470144.000000 129148970806140741706892176624881074037644563968037373368665906202472873984.000000 5719866883324519162160244771653561034415805192155408853912486669956103385421179338222363030268728665597111844204469633310359968108057193867863811409927623540088826535268123163692486863492410755732302574453165104460331768382226432.000000 21168642581315719785564393763039529191481990889431692053647536940664655031692540526985216.000000 50475870900951068923607914056293355296335725320545629998881255175784659312080632879942429760391460065849747647014375613923229415049328596885130727785905727703011826479688263087103624570291620492541485718173361033568722092032.000000 0.000000 5709378132463698067892644153598312370404425770792651041231131237770640538250493573113503696569432465764222903225117853818863005283688002987100447716698393750610073275317631913942587634067389451658383620548879543601238797791002624.000000 0.000444 158456325028530751065041141760.000000 -0.000000 0.366595 1.150874 1.686879 0.000000 2.336586 -10.195391 0.253999 0.000000 1.313141 0.000049 0.641474 0.758115 0.021679 0.000000 0.757378 -1.273368 -1.208290 0.572072 -3.359126 0.000000 87.000000 -0.000000 0.453419 0.417003 0.298976 0.250882 0.373764 0.438154 0.113739 1000.000000 0.137284 1000.000000 0.043894 0.073217 0.103732 0.055829 0.266662 1000.000000 1000.000000 1000.000000 1000.000000 0.053910 100.000000 -0.000000 2951280107730783811503171422287652952774906640816988848273678265403724702360063616915499381402842719697804397889167844785243552484889975259022665352638443033190752502102837183496005869274360591376568708366667818895432220672.000000 0.000000 2595772935336981172544926398419832168754818983956127455887190850511845148331914767534887701117292597259872591129494896514728192932894981875443405785314865684309593572882023106854677132909603668755264426710526792345614962539932144805969082578556912307857554014551932928.000000 0.000000 0.000000 171439353999200940158348123320392185987432946703053487162227579556665192292170817647551282654343371372115486984654181073341167739338581353606335748694330727989248.000000 36204823500631764649195717450617760714214726605286198541626684137516254253420757720584454484271934623904844084521751390035760844967538425404090542170116248984403706362756038034232220143968274176046708161478586810689523041251448884005313047117635485657849013469184.000000 0.000000 11285566333732930028973188189277889977366160233611555045103918619847815913961094663278154662986068319245821022307517308668751633442093109096106573931906609821510005693360599865004929316439011121706840982533703509116028548183854529347606664206747468756848601679530689912629100544.000000 11647794053640510336818983510093186900085726598581063921561868816632656673318367316377234583699685132829895618919473690469311661042881001513531939487744.000000 41734011269589572527444084777261148503945724443796622378802781814909430766378850049523093359234233904825688827032218656495885137707278999611093319340477998440227265627557698749265639734156222651170816.000000 52530112958070291580863634451555561597838875316346638948648268032791198621832343502791275523480345378816.000000 259459196081543599141029834769752493467836026935243989129555305102434060980912668311428806775278945260938673427512712088336011988488122010232332760781302366470144.000000 129148970806140741706892176624881074037644563968037373368665906202472873984.000000 5719866883324519162160244771653561034415805192155408853912486669956103385421179338222363030268728665597111844204469633310359968108057193867863811409927623540088826535268123163692486863492410755732302574453165104460331768382226432.000000 21168642581315719785564393763039529191481990889431692053647536940664655031692540526985216.000000 50475870900951068923607914056293355296335725320545629998881255175784659312080632879942429760391460065849747647014375613923229415049328596885130727785905727703011826479688263087103624570291620492541485718173361033568722092032.000000 0.000000 5709378132463698067892644153598312370404425770792651041231131237770640538250493573113503696569432465764222903225117853818863005283688002987100447716698393750610073275317631913942587634067389451658383620548879543601238797791002624.000000 0.000444 139.000000 -0.000000 1000.000000 1000.000000 1000.000000 1000.000000 1000.000000 1000.000000 1000.000000 1000.000000
second_best_insertion_cost : 1000.000000 1000.000000 1000.000000 1000.000000 1000.000000 1000.000000 1000.000000 1000.000000 1000.000000 1000.000000 1000.000000 1000.000000 1000.000000 1000.000000 1000.000000 1000.000000 1000.000000 1000.000000 1000.000000 1000.000000 22.000000 -0.000000 2951280107730783811503171422287652952774906640816988848273678265403724702360063616915499381402842719697804397889167844785243552484889975259022665352638443033190752502102837183496005869274360591376568708366667818895432220672.000000 0.000000 2595772935336981172544926398419832168754818983956127455887190850511845148331914767534887701117292597259872591129494896514728192932894981875443405785314865684309593572882023106854677132909603668755264426710526792345614962539932144805969082578556912307857554014551932928.000000 0.000000 0.000000 171439353999200940158348123320392185987432946703053487162227579556665192292170817647551282654343371372115486984654181073341167739338581353606335748694330727989248.000000 36204823500631764649195717450617760714214726605286198541626684137516254253420757720584454484271934623904844084521751390035760844967538425404090542170116248984403706362756038034232220143968274176046708161478586810689523041251448884005313047117635485657849013469184.000000 0.000000 11285566333732930028973188189277889977366160233611555045103918619847815913961094663278154662986068319245821022307517308668751633442093109096106573931906609821510005693360599865004929316439011121706840982533703509116028548183854529347606664206747468756848601679530689912629100544.000000 11647794053640510336818983510093186900085726598581063921561868816632656673318367316377234583699685132829895618919473690469311661042881001513531939487744.000000 41734011269589572527444084777261148503945724443796622378802781814909430766378850049523093359234233904825688827032218656495885137707278999611093319340477998440227265627557698749265639734156222651170816.000000 52530112958070291580863634451555561597838875316346638948648268032791198621832343502791275523480345378816.000000 259459196081543599141029834769752493467836026935243989129555305102434060980912668311428806775278945260938673427512712088336011988488122010232332760781302366470144.000000 129148970806140741706892176624881074037644563968037373368665906202472873984.000000 5719866883324519162160244771653561034415805192155408853912486669956103385421179338222363030268728665597111844204469633310359968108057193867863811409927623540088826535268123163692486863492410755732302574453165104460331768382226432.000000 21168642581315719785564393763039529191481990889431692053647536940664655031692540526985216.000000 50475870900951068923607914056293355296335725320545629998881255175784659312080632879942429760391460065849747647014375613923229415049328596885130727785905727703011826479688263087103624570291620492541485718173361033568722092032.000000 0.000000 5709378132463698067892644153598312370404425770792651041231131237770640538250493573113503696569432465764222903225117853818863005283688002987100447716698393750610073275317631913942587634067389451658383620548879543601238797791002624.000000 0.000444 158456325028530751065041141760.000000 -0.000000 1000.000000 1000.000000 1000.000000 1000.000000 1000.000000 1000.000000 1000.000000 1000.000000 1000.000000 1000.000000 1000.000000 1000.000000 1000.000000 1000.000000 1000.000000 1000.000000 1000.000000 1000.000000 1000.000000 1000.000000 19.000000 -0.000000 2951280107730783811503171422287652952774906640816988848273678265403724702360063616915499381402842719697804397889167844785243552484889975259022665352638443033190752502102837183496005869274360591376568708366667818895432220672.000000 0.000000 2595772935336981172544926398419832168754818983956127455887190850511845148331914767534887701117292597259872591129494896514728192932894981875443405785314865684309593572882023106854677132909603668755264426710526792345614962539932144805969082578556912307857554014551932928.000000 0.000000 0.000000 171439353999200940158348123320392185987432946703053487162227579556665192292170817647551282654343371372115486984654181073341167739338581353606335748694330727989248.000000 36204823500631764649195717450617760714214726605286198541626684137516254253420757720584454484271934623904844084521751390035760844967538425404090542170116248984403706362756038034232220143968274176046708161478586810689523041251448884005313047117635485657849013469184.000000 0.000000 11285566333732930028973188189277889977366160233611555045103918619847815913961094663278154662986068319245821022307517308668751633442093109096106573931906609821510005693360599865004929316439011121706840982533703509116028548183854529347606664206747468756848601679530689912629100544.000000 11647794053640510336818983510093186900085726598581063921561868816632656673318367316377234583699685132829895618919473690469311661042881001513531939487744.000000 41734011269589572527444084777261148503945724443796622378802781814909430766378850049523093359234233904825688827032218656495885137707278999611093319340477998440227265627557698749265639734156222651170816.000000 52530112958070291580863634451555561597838875316346638948648268032791198621832343502791275523480345378816.000000 259459196081543599141029834769752493467836026935243989129555305102434060980912668311428806775278945260938673427512712088336011988488122010232332760781302366470144.000000 129148970806140741706892176624881074037644563968037373368665906202472873984.000000 5719866883324519162160244771653561034415805192155408853912486669956103385421179338222363030268728665597111844204469633310359968108057193867863811409927623540088826535268123163692486863492410755732302574453165104460331768382226432.000000 21168642581315719785564393763039529191481990889431692053647536940664655031692540526985216.000000 50475870900951068923607914056293355296335725320545629998881255175784659312080632879942429760391460065849747647014375613923229415049328596885130727785905727703011826479688263087103624570291620492541485718173361033568722092032.000000 0.000000 5709378132463698067892644153598312370404425770792651041231131237770640538250493573113503696569432465764222903225117853818863005283688002987100447716698393750610073275317631913942587634067389451658383620548879543601238797791002624.000000 0.000444 17.000000 -0.000000 1000.000000 1000.000000 1000.000000 1000.000000 1000.000000 1000.000000 1000.000000 1000.000000 1000.000000 1000.000000 1000.000000 1000.000000 1000.000000 1000.000000 1000.000000 1000.000000 1000.000000 1000.000000 1000.000000 1000.000000 38.000000 -0.000000 -16.725678 1000.000000 1000.000000 1000.000000 1000.000000 1000.000000 1000.000000 1000.000000 1000.000000 1000.000000 1000.000000 1000.000000 1000.000000 1000.000000 1000.000000 1000.000000 1000.000000 1000.000000 1000.000000 1000.000000 18.000000 -0.000000 1000.000000 1000.000000 1000.000000 1000.000000 1000.000000 1000.000000 1000.000000 1000.000000
best_predecessor : -1 -1 -1 -1 -1 -1 -1 -1 -1 -1 -1 -1 -1 -1 -1 -1 -1 -1 -1 -1 -1 -1 -1 -1 -1 -1 -1 -1 -1 -1 -1 -1 -1 -1 -1 -1 -1 -1 -1 -1 -1 -1 -1 -1 -1 -1 -1 -1 -1 -1 -1 -1 -1 -1 -1 -1 -1 -1 -1 -1 -1 -1 -1 -1 -1 -1 -1 -1 -1 -1 -1 -1 -1 -1 -1 -1 -1 -1 -1 -1 -1 -1 -1 -1 -1 -1 -1 -1 -1 -1 -1 -1 -1 -1 -1 -1 -1 -1 -1 -1 -1 -1 -1 -1 -1 -1 -1 -1 -1 -1 -1 -1 -1 -1 -1 -1 -1 -1 -1 -1 478 0 -2121088293 -1879044864 -1 -1 -1 -1 -1 -1 -1 -1 -1 -1 -1 -1 -1 -1 -1 -1
best_successor : -1 -1 -1 -1 -1 -1 -1 -1 -1 -1 -1 -1 -1 -1 -1 -1 -1 -1 -1 -1 -1 -1 -1 -1 -1 -1 -1 -1 -1 -1 -1 -1 -1 -1 -1 -1 -1 -1 -1 -1 -1 -1 -1 -1 -1 -1 -1 -1 -1 -1 -1 -1 -1 -1 -1 -1 -1 -1 -1 -1 -1 -1 -1 -1 -1 -1 -1 -1 -1 -1 -1 -1 -1 -1 -1 -1 -1 -1 -1 -1 -1 -1 -1 -1 -1 -1 -1 -1 -1 -1 -1 -1 -1 -1 -1 -1 -1 -1 -1 -1 -1 -1 -1 -1 -1 -1 -1 -1 -1 -1 -1 -1 -1 -1 -1 -1 -1 -1 -1 -1 13 0 -2135178320 -1879046541 -1 -1 -1 -1 -1 -1 -1 -1 -1 -1 -1 -1 -1 -1 -1 -1
best_vehicle1 : -1 -1 -1 -1 -1 -1 -1 -1 -1 -1 -1 -1 -1 -1 -1 -1 -1 -1 -1 -1 0 0 479 0 0 -1071382528 0 -1070465024 0 0 0 1082556416 0 0 0 1072693248 143383248 685 13 0 1851880020 1919247987 1685016096 101 0 0 0 0 480 0 0 -1071382528 0 -1070333952 0 0 0 1082556416 0 0 0 1072693248 143383352 685 13 0 -2119318838 -2147478413 40 101 -824589828 1080280925 41 0 -1660185003 1080836578 37 1076101120 -471728622 1081174186 28 0 1686654603 1080911205 44 0 992314710 1080720291 45 685 1347656226 1080217947 46 1919247987 -1312811370 1079731573 47 0 0 0 48 0 0 0 49 1077018624 0 0 97 1082556416 0 1081024512 51 1072693248 -1066296942 1079935507 52 0 1525226742 1080437792 53 101 -2118925640 -1879044608 -1 -1 -1 -1 -1 -1 -1 -1 -1 -1 -1 -1 -1 -1 -1 -1
best_vehicle2 : -1 -1 -1 -1 -1 -1 -1 -1 -1 -1 -1 -1 -1 -1 -1 -1 -1 -1 -1 -1 0 1075838976 0 -1071382528 0 0 0 1082556416 0 0 0 1072693248 143380752 685 13 0 1851880020 1919247987 1685016096 101 0 0 0 0 456 0 0 1076101120 0 -1071382528 0 0 0 1082556416 0 0 0 1072693248 143380856 685 13 0 1851880020 1919247987 1685016096 101 0 0 0 0 457 0 0 1076363264 0 -1071382528 0 0 0 1082556416 0 0 0 1072693248 143380960 685 13 0 1851880020 1919247987 1685016096 101 0 0 0 0 458 0 -2129608103 -2147480320 0 -1071382528 0 0 0 1082556416 0 0 0 1072693248 143381064 685 13 0 1851880020 1919247987 1685016096 101 0 0 0 0 -2128690593 -1879045888 0 1 2 3 4 5 6 7 8 9 10 11 12 13 14 15
second_best_vehicle1 : -1 -1 -1 -1 -1 -1 -1 -1 -1 -1 -1 -1 -1 -1 -1 -1 -1 -1 -1 -1 59 1919247987 0 0 0 0 -2118597967 -2147478272 484 0 0 1076101120 0 1076625408 0 0 0 1082556416 0 0 0 1072693248 143383768 685 13 0 1851880020 1919247987 1685016096 101 0 0 0 0 485 0 0 1076101120 0 1076363264 0 0 0 1082556416 0 0 0 1072693248 143383872 685 13 0 1851880020 1919247987 1685016096 101 0 0 0 0 486 0 0 1076101120 0 1075838976 0 0 0 1082556416 0 0 0 1072693248 143383976 685 13 0 1851880020 1919247987 1685016096 101 0 0 0 0 487 0 0 1076101120 -2116566364 -2147478016 0 0 0 1082556416 0 0 0 1072693248 143384080 685 -2117025127 -2147479808 1851880020 1919247987 1685016096 101 0 0 0 0 488 0 0 1076101120 0 1074790400 0 0
second_best_vehicle2 : -1 -1 -1 -1 -1 -1 -1 -1 -1 -1 -1 -1 -1 -1 -1 -1 -1 -1 -1 -1 143379712 685 13 0 1851880020 1919247987 1685016096 101 0 0 0 0 446 0 0 -1071382528 0 -1071382528 0 0 0 1082556416 0 0 0 1072693248 143379816 685 13 0 1851880020 1919247987 1685016096 101 0 0 0 0 447 0 0 -1071644672 0 -1071382528 0 0 0 1082556416 0 0 0 1072693248 143379920 685 13 0 1851880020 1919247987 1685016096 101 0 0 0 0 448 0 0 -1072168960 0 -1071382528 0 0 0 1082556416 -2133605480 -2147481088 0 1072693248 143380024 685 13 0 1851880020 1919247987 1685016096 101 0 0 0 0 449 0 0 -1072693248 0 -1071382528 0 0 0 1082556416 0 0 -2133277807 -2147481856 -1 -1 2 2 128 0 0 -1 -1 2 4 64 0 0 -1 -1
best_terminal1 : -1 -1 -1 -1 -1 -1 -1 -1 -1 -1 -1 -1 -1 -1 -1 -1 -1 -1 -1 -1 154481162 959458869 -2142568655 -2147481042 -1 -1 -1 -1 1048604 8200 1200 1703936 33022 0 2039733426 718722713 0 0 0 0 0 0 0 0 0 0 -2142437577 -2147480786 959656201 875901193 822685961 909521673 154743306 842018357 775293239 154613042 154350897 154678833 154208561 171456818 956903475 892548142 858665225 822688050 822687029 822685751 856240393 856305718 775424305 154480691 -2142830803 -1879045066 -1 -1 -1 -1 -1 -1 -1 -1 -1 -1 -1 -1 -1 -1 -1 -1 -1 -1 -1 -1 0 0 -2141651165 -1879044811 -1 -1 -1 -1 -1 -1 -1 -1 -1 -1 -1 -1 -1 -1 -1 -1 -1 -1 -1 -1 856240393 856306743 -2142044391 -1979707856 42478391 655361 2888 0 142083632 685 142083642 685 5505102 5046348 5111808 4980820 2097229 6619219 7667811 6881394 7929972 5242912 6488161 6357099
best_terminal2 : -1 -1 -1 -1 -1 -1 -1 -1 -1 -1 -1 -1 -1 -1 -1 -1 -1 -1 -1 -1 841889073 755578674 -2143355067 -1979709388 42478391 655361 2888 0 142083056 685 142083066 685 5505102 5046348 5111808 4980820 2097229 6619219 7667811 6881394 7929972 5242912 6488161 6357099 6619239 0 -2144272581 -1879045837 -1 -1 -1 -1 -1 -1 -1 -1 -1 -1 -1 -1 -1 -1 -1 -1 -1 -1 -1 -1 154481162 959458869 -2142568655 -2147481042 -1 -1 -1 -1 1048604 8200 1200 1703936 33022 0 2039733426 718722713 0 0 0 0 0 0 0 0 0 0 -2142437577 -2147480786 959656201 875901193 822685961 909521673 154743306 842018357 775293239 154613042 154350897 154678833 154208561 171456818 956903475 892548142 858665225 822688050 822687029 822685751 856240393 856305718 775424305 154480691 -2142830803 -1879045066 -1 -1 -1 -1 -1 -1 -1 -1 -1 -1 -1 -1 -1 -1 -1 -1 -1 -1 -1 -1
request_bank_prior : 
request_bank_non_prior : 
------------------------------------------------------------

