Solution format is:
total_distance
predecessor[0..n_nodes-1]
successor[0..n_nodes-1]
map_to_node[0..n_nodes-1]
map_to_request[0..n_nodes-1]
map_to_vehicle[0..n_nodes-1]
load_mobile[0..n_nodes-1]
load_wheelchair[0..n_nodes-1]
service_start[0..n_nodes-1]
earliest_time[0..n_nodes-1]
latest_time[0..n_nodes-1]
best_insertion_cost[0..n_nodes-1]
second_best_insertion_cost[0..n_nodes-1]
best_predecessor[0..n_nodes-1]
best_successor[0..n_nodes-1]
best_vehicle1[0..n_nodes-1]
best_vehicle2[0..n_nodes-1]
second_best_vehicle1[0..n_nodes-1]
second_best_vehicle2[0..n_nodes-1]
best_terminal1[0..n_nodes-1]
best_terminal2[0..n_nodes-1]
request_bank_prior (list)
request_bank_non_prior (list)

total_distance : 102.102787
predecessor : 26 54 41 48 82 7 45 49 23 18 -1 1 -1 3 4 -1 -1 11 42 31 0 39 102 13 14 5 6 25 33 109 -1 97 -1 8 114 -1 -1 117 -1 22 60 61 62 63 64 65 66 67 68 69 70 71 72 73 74 75 76 77 78 79 40 94 34 43 44 37 46 47 28 27 50 51 52 53 21 55 56 57 58 29 -1 -1 2 -1 -1 -1 -1 -1 -1 9 -1 -1 -1 -1 24 -1 -1 17 -1 -1 -1 -1 19 -1 -1 -1 -1 -1 -1 59 -1 -1 -1 -1 89 -1 -1 20 -1 -1 0 1078034432 -2077945420 -1879039488 26 54 41 48 82 7 45 49 23 18 32 1 94 3 4 27
successor : 20 11 82 13 14 25 26 5 33 89 -1 17 -1 23 24 -1 -1 97 9 102 117 74 39 8 94 27 0 69 68 79 -1 19 -1 28 62 -1 -1 65 -1 21 60 2 18 63 64 6 66 67 3 7 70 71 72 73 1 75 76 77 78 109 40 41 42 43 44 45 46 47 48 49 50 51 52 53 54 55 56 57 58 59 -1 -1 4 -1 -1 -1 -1 -1 -1 114 -1 -1 -1 -1 61 -1 -1 31 -1 -1 -1 -1 22 -1 -1 -1 -1 -1 -1 29 -1 -1 -1 -1 34 -1 -1 37 -1 -1 0 1077280768 -2073620366 -1879038976 0 1 2 3 4 5 6 7 8 9 10 11 12 13 14 15
map_to_node : 0 1 2 3 4 5 6 7 8 9 10 11 12 13 14 15 16 17 18 19 20 21 22 23 24 25 26 27 28 29 30 31 32 33 34 35 36 37 38 39 40 41 42 43 44 45 46 47 48 49 50 51 52 53 54 55 56 57 58 59 40 41 42 43 44 45 46 47 48 49 50 51 52 53 54 55 56 57 58 59 -1 -1 106 -1 -1 -1 -1 -1 -1 107 -1 -1 -1 -1 126 -1 -1 86 -1 -1 -1 -1 74 -1 -1 -1 -1 -1 -1 86 -1 -1 -1 -1 65 -1 -1 136 -1 -1 0 1078165504 -2072506285 -1879038720 5 14 1 8 1 9 5 9 8 2 -1 14 -1 8 1 -1
map_to_request : 0 1 2 3 4 5 6 7 8 9 10 11 12 13 14 15 16 17 18 19 0 1 2 3 4 5 6 7 8 9 10 11 12 13 14 15 16 17 18 19 -1 -1 -1 -1 -1 -1 -1 -1 -1 -1 -1 -1 -1 -1 -1 -1 -1 -1 -1 -1 -1 -1 -1 -1 -1 -1 -1 -1 -1 -1 -1 -1 -1 -1 -1 -1 -1 -1 -1 -1 0 1 2 3 4 5 6 7 8 9 10 11 12 13 14 15 16 17 18 19 0 1 2 3 4 5 6 7 8 9 10 11 12 13 14 15 16 17 18 19 0 0 -2138631086 -1879047168 0 1 1 0 1 1 1 1 2 1 1 1 1 1 2 1
map_to_vehicle : 5 14 1 8 1 9 5 9 8 2 -1 14 -1 8 1 -1 -1 14 2 14 5 14 14 8 1 9 5 9 8 19 -1 14 -1 8 2 -1 -1 5 -1 14 0 1 2 3 4 5 6 7 8 9 10 11 12 13 14 15 16 17 18 19 0 1 2 3 4 5 6 7 8 9 10 11 12 13 14 15 16 17 18 19 -1 -1 1 -1 -1 -1 -1 -1 -1 2 -1 -1 -1 -1 1 -1 -1 14 -1 -1 -1 -1 14 -1 -1 -1 -1 -1 -1 19 -1 -1 -1 -1 2 -1 -1 5 -1 -1 0 1078558720 -2070343632 -1879038464 -1 -1 -1 -1 -1 -1 -1 -1 -1 -1 -1 -1 -1 -1 -1 -1
load_mobile : 0 1 1 0 1 1 1 1 2 1 1 1 1 1 2 1 2 2 0 1 0 0 1 1 1 1 0 0 0 0 0 1 0 1 0 0 1 0 0 1 0 0 0 0 0 0 0 0 0 0 0 0 0 0 0 0 0 0 0 0 0 0 0 0 0 0 0 0 0 0 0 0 0 0 0 0 0 0 0 0 0 0 0 0 0 0 0 0 0 0 0 0 0 0 0 0 0 1 0 0 0 0 2 0 0 0 0 0 0 1 0 0 0 0 1 0 0 1 0 0 0 0 -2137517005 -1879046912 -1 -1 -1 -1 -1 -1 -1 -1 -1 -1 -1 -1 -1 -1 -1 -1
load_wheelchair : 1 0 0 1 0 1 0 0 0 1 0 1 0 1 0 0 0 1 1 1 0 0 1 0 0 0 0 0 0 0 0 0 0 0 0 0 0 0 0 0 0 0 0 0 0 0 0 0 0 0 0 0 0 0 0 0 0 0 0 0 0 0 0 0 0 0 0 0 0 0 0 0 0 0 0 0 0 0 0 0 0 0 0 0 0 0 0 0 0 1 0 0 0 0 0 0 0 1 0 0 0 0 1 0 0 0 0 0 0 0 0 0 0 0 0 0 0 0 0 0 0 0 -2033512946 -2147469312 0 0 0 0 0 0 0 0 0 0 0 0 0 0 0 0
service_start : 360.513712 345.000000 355.000000 359.662506 360.703021 355.085134 354.843836 354.085134 368.140432 358.462453 -1.000000 353.773760 -1.000000 362.662506 361.703021 -1.000000 -1.000000 356.773760 355.462453 374.146098 368.000000 393.000000 384.000000 365.140432 363.234857 365.126643 359.513712 372.000000 377.000000 385.000000 -1.000000 371.146098 -1.000000 373.759871 393.741254 -1.000000 -1.000000 391.724549 -1.000000 388.447118 288.543557 354.000000 325.000000 347.602600 365.000000 150.542397 109.585308 257.000000 337.918592 0.000000 369.000000 122.032456 321.000000 312.000000 308.000000 350.000000 369.000000 375.000000 385.000000 0.000000 720.000000 720.000000 720.000000 720.000000 720.000000 720.000000 720.000000 720.000000 720.000000 720.000000 720.000000 720.000000 720.000000 720.000000 720.000000 720.000000 720.000000 720.000000 720.000000 720.000000 0.000000 0.000000 357.000000 0.000000 0.000000 0.000000 0.000000 0.000000 0.000000 361.000000 0.000000 0.000000 0.000000 0.000000 364.784930 0.000000 0.000000 359.000000 0.000000 0.000000 0.000000 0.000000 381.571979 0.000000 0.000000 0.000000 0.000000 0.000000 0.000000 383.536751 0.000000 0.000000 0.000000 0.000000 390.593117 0.000000 0.000000 388.141255 0.000000 0.000000 32.000000 -0.000000 2.000488 0.000000 0.000000 359.662354 0.000000 355.084961 0.000000 354.084963 0.000000 358.462403 0.000000 353.773682 0.000000 362.662354 0.000000 373.000000 0.000000 356.773760
earliest_time : 359.000000 330.000000 355.000000 346.000000 357.311096 349.000000 352.000000 339.000000 361.477926 357.000000 368.830613 353.000000 362.393006 356.000000 358.311096 371.000000 372.000000 356.000000 354.000000 369.725740 366.486288 386.861582 379.579642 358.477926 359.842933 360.000000 358.000000 370.000000 370.337494 370.000000 373.608076 366.725740 367.830613 367.097365 392.236941 383.141290 378.600739 378.000000 385.000000 382.685571 288.543557 354.000000 325.000000 347.602600 365.000000 150.542397 109.585308 257.000000 337.918592 0.000000 369.000000 122.032456 321.000000 312.000000 308.000000 350.000000 369.000000 375.000000 385.000000 0.000000 291.543557 374.608076 397.547253 348.602600 368.000000 394.994297 112.585308 258.000000 372.921318 386.561624 372.000000 123.032456 322.000000 315.000000 389.497823 351.000000 372.000000 378.000000 386.000000 371.463249 0.000000 0.000000 356.311096 0.000000 0.000000 0.000000 0.000000 0.000000 0.000000 359.537547 0.000000 0.000000 0.000000 0.000000 361.393006 0.000000 0.000000 358.226240 0.000000 0.000000 0.000000 0.000000 377.151621 0.000000 0.000000 0.000000 0.000000 0.000000 0.000000 335.537857 0.000000 0.000000 0.000000 0.000000 389.088803 0.000000 0.000000 371.201742 0.000000 0.000000 22.560612 -0.000000 2.000488 0.000000 0.000000 359.662354 0.000000 355.084961 0.000000 354.084963 0.000000 358.462403 0.000000 339.859375 0.000000 362.662354 0.000000 373.000000 0.000000 356.000000
latest_time : 360.513712 345.000000 355.000000 359.662506 360.703021 355.085134 354.843836 354.085134 368.140432 368.000000 372.222538 357.420358 365.784930 362.662506 361.703021 373.000000 375.000000 360.420358 365.000000 374.146098 368.000000 393.000000 384.000000 365.140432 363.234857 365.126643 359.513712 372.000000 377.000000 385.000000 377.000000 371.146098 371.222538 373.759871 396.000000 387.000000 382.459450 393.000000 388.763059 388.823989 717.000000 354.000000 362.000000 719.000000 717.000000 353.843836 717.000000 719.000000 358.662506 354.085134 717.000000 719.000000 719.000000 717.000000 344.000000 719.000000 717.000000 717.000000 719.000000 383.536751 720.000000 720.000000 720.000000 720.000000 720.000000 720.000000 720.000000 720.000000 720.000000 720.000000 720.000000 720.000000 720.000000 720.000000 720.000000 720.000000 720.000000 720.000000 720.000000 720.000000 1440.000000 1440.000000 359.703021 1440.000000 1440.000000 1440.000000 1440.000000 1440.000000 1440.000000 385.624487 1440.000000 1440.000000 1440.000000 1440.000000 364.784930 1440.000000 1440.000000 362.646598 1440.000000 1440.000000 1440.000000 1440.000000 381.571979 1440.000000 1440.000000 1440.000000 1440.000000 1440.000000 1440.000000 383.536751 1440.000000 1440.000000 1440.000000 1440.000000 392.851863 1440.000000 1440.000000 389.416707 1440.000000 1440.000000 0.000000 -0.000000 359.000000 330.000000 355.000000 346.000000 357.311096 349.000000 352.000000 339.000000 361.477926 357.000000 368.830613 353.000000 362.393006 356.000000 358.311096 371.000000 372.000000 356.000000
best_insertion_cost : 1000.000000 1000.000000 1000.000000 1000.000000 1000.000000 1000.000000 1000.000000 1000.000000 1000.000000 1000.000000 1000.000000 1000.000000 1000.000000 1000.000000 1000.000000 1000.000000 1000.000000 1000.000000 1000.000000 1000.000000 0.000000 -0.000000 2951280107730783811503171422287652952774906640816988848273678265403724702360063616915499381402842719697804397889167844785243552484889975259022665352638443033190752502102837183496005869274360591376568708366667818895432220672.000000 0.000000 2595772935336981172544926398419832168754818983956127455887190850511845148331914767534887701117292597259872591129494896514728192932894981875443405785314865684309593572882023106854677132909603668755264426710526792345614962539932144805969082578556912307857554014551932928.000000 0.000000 0.000000 171439353999200940158348123320392185987432946703053487162227579556665192292170817647551282654343371372115486984654181073341167739338581353606335748694330727989248.000000 36204823500631764649195717450617760714214726605286198541626684137516254253420757720584454484271934623904844084521751390035760844967538425404090542170116248984403706362756038034232220143968274176046708161478586810689523041251448884005313047117635485657849013469184.000000 0.000000 11285566333732930028973188189277889977366160233611555045103918619847815913961094663278154662986068319245821022307517308668751633442093109096106573931906609821510005693360599865004929316439011121706840982533703509116028548183854529347606664206747468756848601679530689912629100544.000000 11647794053640510336818983510093186900085726598581063921561868816632656673318367316377234583699685132829895618919473690469311661042881001513531939487744.000000 41734011269589572527444084777261148503945724443796622378802781814909430766378850049523093359234233904825688827032218656495885137707278999611093319340477998440227265627557698749265639734156222651170816.000000 52530112958070291580863634451555561597838875316346638948648268032791198621832343502791275523480345378816.000000 259459196081543599141029834769752493467836026935243989129555305102434060980912668311428806775278945260938673427512712088336011988488122010232332760781302366470144.000000 129148970806140741706892176624881074037644563968037373368665906202472873984.000000 5719866883324519162160244771653561034415805192155408853912486669956103385421179338222363030268728665597111844204469633310359968108057193867863811409927623540088826535268123163692486863492410755732302574453165104460331768382226432.000000 21168642581315719785564393763039529191481990889431692053647536940664655031692540526985216.000000 50475870900951068923607914056293355296335725320545629998881255175784659312080632879942429760391460065849747647014375613923229415049328596885130727785905727703011826479688263087103624570291620492541485718173361033568722092032.000000 0.000000 5709378132463698067892644153598312370404425770792651041231131237770640538250493573113503696569432465764222903225117853818863005283688002987100447716698393750610073275317631913942587634067389451658383620548879543601238797791002624.000000 0.000444 0.000000 -0.000000 1000.000000 1000.000000 1000.000000 1000.000000 1000.000000 1000.000000 1000.000000 1000.000000 1000.000000 1000.000000 1000.000000 1000.000000 1000.000000 1000.000000 1000.000000 1000.000000 1000.000000 1000.000000 1000.000000 1000.000000 0.000000 -0.000000 2951280107730783811503171422287652952774906640816988848273678265403724702360063616915499381402842719697804397889167844785243552484889975259022665352638443033190752502102837183496005869274360591376568708366667818895432220672.000000 0.000000 2595772935336981172544926398419832168754818983956127455887190850511845148331914767534887701117292597259872591129494896514728192932894981875443405785314865684309593572882023106854677132909603668755264426710526792345614962539932144805969082578556912307857554014551932928.000000 0.000000 0.000000 171439353999200940158348123320392185987432946703053487162227579556665192292170817647551282654343371372115486984654181073341167739338581353606335748694330727989248.000000 36204823500631764649195717450617760714214726605286198541626684137516254253420757720584454484271934623904844084521751390035760844967538425404090542170116248984403706362756038034232220143968274176046708161478586810689523041251448884005313047117635485657849013469184.000000 0.000000 11285566333732930028973188189277889977366160233611555045103918619847815913961094663278154662986068319245821022307517308668751633442093109096106573931906609821510005693360599865004929316439011121706840982533703509116028548183854529347606664206747468756848601679530689912629100544.000000 11647794053640510336818983510093186900085726598581063921561868816632656673318367316377234583699685132829895618919473690469311661042881001513531939487744.000000 41734011269589572527444084777261148503945724443796622378802781814909430766378850049523093359234233904825688827032218656495885137707278999611093319340477998440227265627557698749265639734156222651170816.000000 52530112958070291580863634451555561597838875316346638948648268032791198621832343502791275523480345378816.000000 259459196081543599141029834769752493467836026935243989129555305102434060980912668311428806775278945260938673427512712088336011988488122010232332760781302366470144.000000 129148970806140741706892176624881074037644563968037373368665906202472873984.000000 5719866883324519162160244771653561034415805192155408853912486669956103385421179338222363030268728665597111844204469633310359968108057193867863811409927623540088826535268123163692486863492410755732302574453165104460331768382226432.000000 21168642581315719785564393763039529191481990889431692053647536940664655031692540526985216.000000 50475870900951068923607914056293355296335725320545629998881255175784659312080632879942429760391460065849747647014375613923229415049328596885130727785905727703011826479688263087103624570291620492541485718173361033568722092032.000000 0.000000 5709378132463698067892644153598312370404425770792651041231131237770640538250493573113503696569432465764222903225117853818863005283688002987100447716698393750610073275317631913942587634067389451658383620548879543601238797791002624.000000 0.000444 0.000000 -0.000000 2951280107730783811503171422287652952774906640816988848273678265403724702360063616915499381402842719697804397889167844785243552484889975259022665352638443033190752502102837183496005869274360591376568708366667818895432220672.000000 0.000000 2595772935336981172544926398419832168754818983956127455887190850511845148331914767534887701117292597259872591129494896514728192932894981875443405785314865684309593572882023106854677132909603668755264426710526792345614962539932144805969082578556912307857554014551932928.000000 0.000000 0.000000 171439353999200940158348123320392185987432946703053487162227579556665192292170817647551282654343371372115486984654181073341167739338581353606335748694330727989248.000000 36204823500631764649195717450617760714214726605286198541626684137516254253420757720584454484271934623904844084521751390035760844967538425404090542170116248984403706362756038034232220143968274176046708161478586810689523041251448884005313047117635485657849013469184.000000 0.000000 11285566333732930028973188189277889977366160233611555045103918619847815913961094663278154662986068319245821022307517308668751633442093109096106573931906609821510005693360599865004929316439011121706840982533703509116028548183854529347606664206747468756848601679530689912629100544.000000 11647794053640510336818983510093186900085726598581063921561868816632656673318367316377234583699685132829895618919473690469311661042881001513531939487744.000000 41734011269589572527444084777261148503945724443796622378802781814909430766378850049523093359234233904825688827032218656495885137707278999611093319340477998440227265627557698749265639734156222651170816.000000 52530112958070291580863634451555561597838875316346638948648268032791198621832343502791275523480345378816.000000 259459196081543599141029834769752493467836026935243989129555305102434060980912668311428806775278945260938673427512712088336011988488122010232332760781302366470144.000000 129148970806140741706892176624881074037644563968037373368665906202472873984.000000 5719866883324519162160244771653561034415805192155408853912486669956103385421179338222363030268728665597111844204469633310359968108057193867863811409927623540088826535268123163692486863492410755732302574453165104460331768382226432.000000 21168642581315719785564393763039529191481990889431692053647536940664655031692540526985216.000000 50475870900951068923607914056293355296335725320545629998881255175784659312080632879942429760391460065849747647014375613923229415049328596885130727785905727703011826479688263087103624570291620492541485718173361033568722092032.000000 0.000000 5709378132463698067892644153598312370404425770792651041231131237770640538250493573113503696569432465764222903225117853818863005283688002987100447716698393750610073275317631913942587634067389451658383620548879543601238797791002624.000000 0.000444 0.000000 -0.000000 2951280107730783811503171422287652952774906640816988848273678265403724702360063616915499381402842719697804397889167844785243552484889975259022665352638443033190752502102837183496005869274360591376568708366667818895432220672.000000 0.000000 2595772935336981172544926398419832168754818983956127455887190850511845148331914767534887701117292597259872591129494896514728192932894981875443405785314865684309593572882023106854677132909603668755264426710526792345614962539932144805969082578556912307857554014551932928.000000 0.000000 0.000000 171439353999200940158348123320392185987432946703053487162227579556665192292170817647551282654343371372115486984654181073341167739338581353606335748694330727989248.000000 36204823500631764649195717450617760714214726605286198541626684137516254253420757720584454484271934623904844084521751390035760844967538425404090542170116248984403706362756038034232220143968274176046708161478586810689523041251448884005313047117635485657849013469184.000000 0.000000 11285566333732930028973188189277889977366160233611555045103918619847815913961094663278154662986068319245821022307517308668751633442093109096106573931906609821510005693360599865004929316439011121706840982533703509116028548183854529347606664206747468756848601679530689912629100544.000000 11647794053640510336818983510093186900085726598581063921561868816632656673318367316377234583699685132829895618919473690469311661042881001513531939487744.000000 41734011269589572527444084777261148503945724443796622378802781814909430766378850049523093359234233904825688827032218656495885137707278999611093319340477998440227265627557698749265639734156222651170816.000000 52530112958070291580863634451555561597838875316346638948648268032791198621832343502791275523480345378816.000000 259459196081543599141029834769752493467836026935243989129555305102434060980912668311428806775278945260938673427512712088336011988488122010232332760781302366470144.000000 129148970806140741706892176624881074037644563968037373368665906202472873984.000000 5719866883324519162160244771653561034415805192155408853912486669956103385421179338222363030268728665597111844204469633310359968108057193867863811409927623540088826535268123163692486863492410755732302574453165104460331768382226432.000000 21168642581315719785564393763039529191481990889431692053647536940664655031692540526985216.000000 50475870900951068923607914056293355296335725320545629998881255175784659312080632879942429760391460065849747647014375613923229415049328596885130727785905727703011826479688263087103624570291620492541485718173361033568722092032.000000 0.000000 5709378132463698067892644153598312370404425770792651041231131237770640538250493573113503696569432465764222903225117853818863005283688002987100447716698393750610073275317631913942587634067389451658383620548879543601238797791002624.000000 0.000444 158456325028530751065041141760.000000 -0.000000 2951280107730783811503171422287652952774906640816988848273678265403724702360063616915499381402842719697804397889167844785243552484889975259022665352638443033190752502102837183496005869274360591376568708366667818895432220672.000000 0.000000 2595772935336981172544926398419832168754818983956127455887190850511845148331914767534887701117292597259872591129494896514728192932894981875443405785314865684309593572882023106854677132909603668755264426710526792345614962539932144805969082578556912307857554014551932928.000000 0.000000 0.000000 171439353999200940158348123320392185987432946703053487162227579556665192292170817647551282654343371372115486984654181073341167739338581353606335748694330727989248.000000 36204823500631764649195717450617760714214726605286198541626684137516254253420757720584454484271934623904844084521751390035760844967538425404090542170116248984403706362756038034232220143968274176046708161478586810689523041251448884005313047117635485657849013469184.000000 0.000000
second_best_insertion_cost : 1000.000000 1000.000000 1000.000000 1000.000000 1000.000000 1000.000000 1000.000000 1000.000000 1000.000000 1000.000000 1000.000000 1000.000000 1000.000000 1000.000000 1000.000000 1000.000000 1000.000000 1000.000000 1000.000000 1000.000000 0.000000 -0.000000 0.116165 0.205979 0.142714 1000.000000 1000.000000 0.034458 1000.000000 0.276960 0.086121 0.124341 1000.000000 0.070875 1000.000000 0.030503 0.178550 0.058186 0.031257 0.158570 0.026126 0.077324 0.000000 -0.000000 2951280107730783811503171422287652952774906640816988848273678265403724702360063616915499381402842719697804397889167844785243552484889975259022665352638443033190752502102837183496005869274360591376568708366667818895432220672.000000 0.000000 2595772935336981172544926398419832168754818983956127455887190850511845148331914767534887701117292597259872591129494896514728192932894981875443405785314865684309593572882023106854677132909603668755264426710526792345614962539932144805969082578556912307857554014551932928.000000 0.000000 0.000000 171439353999200940158348123320392185987432946703053487162227579556665192292170817647551282654343371372115486984654181073341167739338581353606335748694330727989248.000000 36204823500631764649195717450617760714214726605286198541626684137516254253420757720584454484271934623904844084521751390035760844967538425404090542170116248984403706362756038034232220143968274176046708161478586810689523041251448884005313047117635485657849013469184.000000 0.000000 11285566333732930028973188189277889977366160233611555045103918619847815913961094663278154662986068319245821022307517308668751633442093109096106573931906609821510005693360599865004929316439011121706840982533703509116028548183854529347606664206747468756848601679530689912629100544.000000 11647794053640510336818983510093186900085726598581063921561868816632656673318367316377234583699685132829895618919473690469311661042881001513531939487744.000000 41734011269589572527444084777261148503945724443796622378802781814909430766378850049523093359234233904825688827032218656495885137707278999611093319340477998440227265627557698749265639734156222651170816.000000 52530112958070291580863634451555561597838875316346638948648268032791198621832343502791275523480345378816.000000 259459196081543599141029834769752493467836026935243989129555305102434060980912668311428806775278945260938673427512712088336011988488122010232332760781302366470144.000000 129148970806140741706892176624881074037644563968037373368665906202472873984.000000 5719866883324519162160244771653561034415805192155408853912486669956103385421179338222363030268728665597111844204469633310359968108057193867863811409927623540088826535268123163692486863492410755732302574453165104460331768382226432.000000 21168642581315719785564393763039529191481990889431692053647536940664655031692540526985216.000000 50475870900951068923607914056293355296335725320545629998881255175784659312080632879942429760391460065849747647014375613923229415049328596885130727785905727703011826479688263087103624570291620492541485718173361033568722092032.000000 0.000000 5709378132463698067892644153598312370404425770792651041231131237770640538250493573113503696569432465764222903225117853818863005283688002987100447716698393750610073275317631913942587634067389451658383620548879543601238797791002624.000000 0.000444 0.000000 -0.000000 0.020379 0.197412 0.194280 0.085780 1000.000000 0.044085 1000.000000 0.163189 1000.000000 0.090170 0.072126 1000.000000 0.039289 0.045809 0.056135 1000.000000 0.099082 0.053221 0.132533 1000.000000 0.000000 -0.000000 2951280107730783811503171422287652952774906640816988848273678265403724702360063616915499381402842719697804397889167844785243552484889975259022665352638443033190752502102837183496005869274360591376568708366667818895432220672.000000 0.000000 2595772935336981172544926398419832168754818983956127455887190850511845148331914767534887701117292597259872591129494896514728192932894981875443405785314865684309593572882023106854677132909603668755264426710526792345614962539932144805969082578556912307857554014551932928.000000 0.000000 0.000000 171439353999200940158348123320392185987432946703053487162227579556665192292170817647551282654343371372115486984654181073341167739338581353606335748694330727989248.000000 36204823500631764649195717450617760714214726605286198541626684137516254253420757720584454484271934623904844084521751390035760844967538425404090542170116248984403706362756038034232220143968274176046708161478586810689523041251448884005313047117635485657849013469184.000000 0.000000 11285566333732930028973188189277889977366160233611555045103918619847815913961094663278154662986068319245821022307517308668751633442093109096106573931906609821510005693360599865004929316439011121706840982533703509116028548183854529347606664206747468756848601679530689912629100544.000000 11647794053640510336818983510093186900085726598581063921561868816632656673318367316377234583699685132829895618919473690469311661042881001513531939487744.000000 41734011269589572527444084777261148503945724443796622378802781814909430766378850049523093359234233904825688827032218656495885137707278999611093319340477998440227265627557698749265639734156222651170816.000000 52530112958070291580863634451555561597838875316346638948648268032791198621832343502791275523480345378816.000000 259459196081543599141029834769752493467836026935243989129555305102434060980912668311428806775278945260938673427512712088336011988488122010232332760781302366470144.000000 129148970806140741706892176624881074037644563968037373368665906202472873984.000000 5719866883324519162160244771653561034415805192155408853912486669956103385421179338222363030268728665597111844204469633310359968108057193867863811409927623540088826535268123163692486863492410755732302574453165104460331768382226432.000000 21168642581315719785564393763039529191481990889431692053647536940664655031692540526985216.000000 50475870900951068923607914056293355296335725320545629998881255175784659312080632879942429760391460065849747647014375613923229415049328596885130727785905727703011826479688263087103624570291620492541485718173361033568722092032.000000 0.000000 5709378132463698067892644153598312370404425770792651041231131237770640538250493573113503696569432465764222903225117853818863005283688002987100447716698393750610073275317631913942587634067389451658383620548879543601238797791002624.000000 0.000444 0.000000 -0.000000 2951280107730783811503171422287652952774906640816988848273678265403724702360063616915499381402842719697804397889167844785243552484889975259022665352638443033190752502102837183496005869274360591376568708366667818895432220672.000000 0.000000 2595772935336981172544926398419832168754818983956127455887190850511845148331914767534887701117292597259872591129494896514728192932894981875443405785314865684309593572882023106854677132909603668755264426710526792345614962539932144805969082578556912307857554014551932928.000000 0.000000 0.000000 171439353999200940158348123320392185987432946703053487162227579556665192292170817647551282654343371372115486984654181073341167739338581353606335748694330727989248.000000 36204823500631764649195717450617760714214726605286198541626684137516254253420757720584454484271934623904844084521751390035760844967538425404090542170116248984403706362756038034232220143968274176046708161478586810689523041251448884005313047117635485657849013469184.000000 0.000000 11285566333732930028973188189277889977366160233611555045103918619847815913961094663278154662986068319245821022307517308668751633442093109096106573931906609821510005693360599865004929316439011121706840982533703509116028548183854529347606664206747468756848601679530689912629100544.000000 11647794053640510336818983510093186900085726598581063921561868816632656673318367316377234583699685132829895618919473690469311661042881001513531939487744.000000 41734011269589572527444084777261148503945724443796622378802781814909430766378850049523093359234233904825688827032218656495885137707278999611093319340477998440227265627557698749265639734156222651170816.000000 52530112958070291580863634451555561597838875316346638948648268032791198621832343502791275523480345378816.000000 259459196081543599141029834769752493467836026935243989129555305102434060980912668311428806775278945260938673427512712088336011988488122010232332760781302366470144.000000 129148970806140741706892176624881074037644563968037373368665906202472873984.000000 5719866883324519162160244771653561034415805192155408853912486669956103385421179338222363030268728665597111844204469633310359968108057193867863811409927623540088826535268123163692486863492410755732302574453165104460331768382226432.000000 21168642581315719785564393763039529191481990889431692053647536940664655031692540526985216.000000 50475870900951068923607914056293355296335725320545629998881255175784659312080632879942429760391460065849747647014375613923229415049328596885130727785905727703011826479688263087103624570291620492541485718173361033568722092032.000000 0.000000 5709378132463698067892644153598312370404425770792651041231131237770640538250493573113503696569432465764222903225117853818863005283688002987100447716698393750610073275317631913942587634067389451658383620548879543601238797791002624.000000 0.000444 0.000000 -0.000000 1000.000000 1000.000000 1000.000000 1000.000000 1000.000000 1000.000000 1000.000000 1000.000000
best_predecessor : -1 -1 -1 -1 -1 -1 -1 -1 -1 -1 -1 -1 -1 -1 -1 -1 -1 -1 -1 -1 -1 -1 -1 -1 -1 -1 -1 -1 -1 -1 -1 -1 -1 -1 -1 -1 -1 -1 -1 -1 -1 -1 -1 -1 -1 -1 -1 -1 -1 -1 -1 -1 -1 -1 -1 -1 -1 -1 -1 -1 -1 -1 -1 -1 -1 -1 -1 -1 -1 -1 -1 -1 -1 -1 -1 -1 -1 -1 -1 -1 -1 -1 -1 -1 -1 -1 -1 -1 -1 -1 -1 -1 -1 -1 -1 -1 -1 -1 -1 -1 -1 -1 -1 -1 -1 -1 -1 -1 -1 -1 -1 -1 -1 -1 -1 -1 -1 -1 -1 -1 0 1077018624 -2066018050 -1879037952 -1 -1 -1 -1 -1 -1 -1 -1 -1 -1 -1 -1 -1 -1 -1 -1
best_successor : -1 -1 -1 -1 -1 -1 -1 -1 -1 -1 -1 -1 -1 -1 -1 -1 -1 -1 -1 -1 -1 -1 -1 -1 -1 -1 -1 -1 -1 -1 -1 -1 -1 -1 -1 -1 -1 -1 -1 -1 -1 -1 -1 -1 -1 -1 -1 -1 -1 -1 -1 -1 -1 -1 -1 -1 -1 -1 -1 -1 -1 -1 -1 -1 -1 -1 -1 -1 -1 -1 -1 -1 -1 -1 -1 -1 -1 -1 -1 -1 -1 -1 -1 -1 -1 -1 -1 -1 -1 -1 -1 -1 -1 -1 -1 -1 -1 -1 -1 -1 -1 -1 -1 -1 -1 -1 -1 -1 -1 -1 -1 -1 -1 -1 -1 -1 -1 -1 -1 -1 0 1075838976 -2061692740 -2147472896 -1 -1 2 2 128 0 0 -1 -1 2 4 64 0 0 -1 -1
best_vehicle1 : -1 -1 -1 -1 -1 -1 -1 -1 -1 -1 -1 -1 -1 -1 -1 -1 -1 -1 -1 -1 0 1077968896 0 1077346304 0 1077411840 0 1076494336 0 0 0 1077149696 0 1074790400 0 1076101120 0 1077542912 0 1077608448 0 1077870592 0 1077805056 0 1077739520 0 1079001088 0 1078657024 0 1078198272 0 1078231040 0 1078394880 0 1078263808 0 1079017472 0 1078525952 0 1079017472 0 1078525952 0 1079050240 0 1078460416 0 1078820864 0 1077739520 0 1077542912 0 1078132736 0 1077280768 0 1077149696 0 1075314688 0 1073741824 0 1078001664 0 1076625408 0 1074266112 0 1076363264 0 1075838976 0 1076494336 0 1075052544 0 1076494336 0 1074266112 0 1078329344 0 1075576832 0 1077149696 0 0 0 1076887552 0 1076101120 0 1075314688 0 1075576832 0 1076232192 -2063855393 -1879037696 -1 -1 -1 -1 -1 -1 -1 -1 -1 -1 -1 -1 -1 -1 -1 -1
best_vehicle2 : -1 -1 -1 -1 -1 -1 -1 -1 -1 -1 -1 -1 -1 -1 -1 -1 -1 -1 -1 -1 0 1075052544 0 1074790400 0 0 0 1072693248 0 1073741824 0 1078001664 0 1077346304 0 1075970048 0 1076101120 0 1076756480 0 1076232192 0 1078034432 0 1077084160 0 1078034432 0 1078853632 0 1079214080 0 1078788096 0 1079066624 0 1078165504 0 1078067200 0 1078460416 0 1077936128 0 1077805056 0 1076887552 0 1076363264 0 1078329344 0 1077411840 0 1075576832 0 1073741824 0 1073741824 0 1074266112 0 1076756480 0 1074266112 0 1075576832 0 1078657024 0 1076953088 0 1077805056 0 1076101120 0 1077542912 0 1077149696 0 1074790400 0 1074266112 0 1072693248 0 0 0 1072693248 0 1078034432 0 1077411840 0 1076101120 0 1076232192 0 1076887552 0 1076363264 -2056253605 -2147472128 0 1077149696 0 1078067200 0 1078820864 0 1079197696 0 1078755328 0 1079050240 0 1078132736 0 1078034432
second_best_vehicle1 : -1 -1 -1 -1 -1 -1 -1 -1 -1 -1 -1 -1 -1 -1 -1 -1 -1 -1 -1 -1 0 1076887552 0 0 0 1079246848 0 1079541760 0 1079214080 0 1079394304 0 1078820864 0 1078722560 0 1079050240 0 1078591488 0 1078525952 0 1078067200 0 1077936128 0 1078984704 0 1078329344 0 1077608448 0 1077018624 0 1077280768 0 1076953088 0 1078034432 0 1076953088 0 1077608448 0 1079148544 0 1078099968 0 1078525952 0 1077805056 0 1078394880 0 1078198272 0 1077411840 0 1077346304 0 1077084160 0 1077149696 0 1077215232 0 1076756480 0 1074790400 0 1076101120 0 1075970048 0 1074790400 0 1075838976 0 1076887552 0 0 0 1076887552 0 1079508992 0 1079803904 0 1079476224 0 1079656448 0 1079164928 0 1079115776 0 1079312384 0 1079050240 0 1079017472 -2043277403 -2147470592 0 1078460416 0 1079246848 0 1078853632 0 1078296576 0 1078001664 0 1078132736 0 1077968896 0 1078558720
second_best_vehicle2 : -1 -1 -1 -1 -1 -1 -1 -1 -1 -1 -1 -1 -1 -1 -1 -1 -1 -1 -1 -1 0 1075970048 0 1075052544 0 1076101120 0 1075838976 0 1076101120 0 0 0 1078427648 0 1076101120 0 1077346304 0 1074266112 0 1077084160 0 1076494336 0 1074266112 0 1074790400 0 1075838976 0 1075576832 0 1075314688 0 1078263808 0 1077870592 0 1076953088 0 1077018624 0 1077346304 0 1077084160 0 1078296576 0 1077608448 0 1078296576 0 1075314688 0 1077411840 0 1074790400 0 1076756480 0 1076756480 0 1077018624 0 1075314688 0 1077280768 0 1077411840 0 1078132736 0 1078263808 0 1076101120 0 1077805056 0 1078427648 0 1078722560 0 1078591488 0 1078755328 0 1078165504 0 1078755328 0 1078427648 0 0 0 1078099968 0 1077411840 0 1078329344 0 1077673984 -2068180975 -1879038208 -1 -1 -1 -1 -1 -1 -1 -1 -1 -1 -1 -1 -1 -1 -1 -1
best_terminal1 : -1 -1 -1 -1 -1 -1 -1 -1 -1 -1 -1 -1 -1 -1 -1 -1 -1 -1 -1 -1 755579184 873017393 -2132083726 -2147473618 -1 -1 -1 -1 1048604 8200 1200 0 0 0 -65536 453987684 0 0 0 0 0 0 0 0 0 0 -2131690520 -1979701198 42478391 655361 2888 0 144197952 685 144197962 685 5505102 5046348 5111808 4980820 2097229 6619219 7667811 6881394 7929972 5242912 6488161 6357099 6619239 0 822752311 755578161 755576881 875694392 892612152 858982712 825503284 154208561 926157107 825297461 825035062 825035056 875694386 808857140 858982713 808660536 154208563 926157107 825297462 825035063 825035056 1075841332 0 1081282560 966322584 269554860 -824633721 -1071049737 -1168231105 -1070388151 0 1080901632 0 1081143296 0 1074266112 0 196 1580547965 -1071363654 -1202590843 1075889438 0 1081057280 0 1081131008 0 1072693248 0 79 824633721 1076194312 2061584302 1076719124 0 1081085952 0 1081200640 0 1072693248 0 42 -1889785610 1075934658 -687194767 -1071337309 0 1081110528 0 1081171968
best_terminal2 : -1 -1 -1 -1 -1 -1 -1 -1 -1 -1 -1 -1 -1 -1 -1 -1 -1 -1 -1 -1 755577393 841888049 -2141389684 -1979707895 6881357 7471203 7536751 6684783 4259956 6488163 7667823 7602286 6619228 7995502 3014767 6815860 7536741 6881395 7667813 7274560 7602293 7274604 7012463 6488110 7143535 0 -2141520766 -2147479755 875759924 154208561 926091569 808716853 774975753 154548272 775172397 839465271 892221496 923350068 856240178 839463433 873085240 825035057 942878257 825035060 842411569 842139960 892350006 842467641 154208560 892471602 -2141127816 -2147479543 940127539 859321902 943141385 842282286 808597257 839463177 926036489 154350602 842280500 858851633 892416814 859320841 808597257 839463177 959656457 154416138 859057720 775424309 154351670 775436082 154285109 154153527 -2140210306 -1879043790 -1 -1 -1 -1 -1 -1 -1 -1 -1 -1 -1 -1 -1 -1 -1 -1 -1 -1 -1 -1 755579193 859254324 -2139817100 -1879043529 -1 -1 -1 -1 -1 -1 -1 -1 -1 -1 -1 -1 -1 -1 -1 -1 -1 -1 -1 -1
request_bank_prior : 
request_bank_non_prior : 
------------------------------------------------------------

