Solution format is:
total_distance
predecessor[0..n_nodes-1]
successor[0..n_nodes-1]
map_to_node[0..n_nodes-1]
map_to_request[0..n_nodes-1]
map_to_vehicle[0..n_nodes-1]
load_mobile[0..n_nodes-1]
load_wheelchair[0..n_nodes-1]
service_start[0..n_nodes-1]
earliest_time[0..n_nodes-1]
latest_time[0..n_nodes-1]
best_insertion_cost[0..n_nodes-1]
second_best_insertion_cost[0..n_nodes-1]
best_predecessor[0..n_nodes-1]
best_successor[0..n_nodes-1]
best_vehicle1[0..n_nodes-1]
best_vehicle2[0..n_nodes-1]
second_best_vehicle1[0..n_nodes-1]
second_best_vehicle2[0..n_nodes-1]
best_terminal1[0..n_nodes-1]
best_terminal2[0..n_nodes-1]
request_bank_prior (list)
request_bank_non_prior (list)

total_distance : 134.118498
predecessor : 54 57 42 6 9 21 44 0 1 98 29 82 25 23 95 20 15 53 11 30 7 8 102 26 4 5 3 14 32 24 31 10 12 13 27 115 34 17 118 19 60 61 62 63 64 65 66 67 68 69 70 71 72 73 74 75 76 77 78 79 40 41 39 43 33 45 46 47 48 49 50 51 52 35 38 55 56 28 58 22 -1 -1 2 -1 -1 -1 -1 -1 -1 -1 -1 -1 -1 -1 -1 16 -1 -1 18 -1 -1 -1 59 -1 -1 -1 -1 -1 -1 -1 -1 -1 -1 -1 -1 37 -1 -1 36 -1 0 0 -2019219808 -1879032064 1 1 1 2 3 2 1 2 2 2 1 1 1 0 3 2
successor : 7 8 82 26 24 25 3 20 21 4 31 18 32 33 27 16 95 37 98 39 15 5 79 13 29 12 23 34 77 10 19 30 28 64 36 73 118 115 74 62 60 61 2 63 6 65 66 67 68 69 70 71 72 17 0 75 76 1 78 102 40 41 42 43 44 45 46 47 48 49 50 51 52 53 54 55 56 57 58 59 -1 -1 11 -1 -1 -1 -1 -1 -1 -1 -1 -1 -1 -1 -1 14 -1 -1 9 -1 -1 -1 22 -1 -1 -1 -1 -1 -1 -1 -1 -1 -1 -1 -1 35 -1 -1 38 -1 0 0 -2029377977 -1879033344 -1 -1 -1 -1 -1 -1 -1 -1 -1 -1 -1 -1 -1 -1 -1 -1
map_to_node : 0 1 2 3 4 5 6 7 8 9 10 11 12 13 14 15 16 17 18 19 20 21 22 23 24 25 26 27 28 29 30 31 32 33 34 35 36 37 38 39 40 41 42 43 44 45 46 47 48 49 50 51 52 53 54 55 56 57 58 59 40 41 42 43 44 45 46 47 48 49 50 51 52 53 54 55 56 57 58 59 -1 -1 78 -1 -1 -1 -1 -1 -1 -1 -1 -1 -1 -1 -1 108 -1 -1 94 -1 -1 -1 116 -1 -1 -1 -1 -1 -1 -1 -1 -1 -1 -1 -1 98 -1 -1 122 -1 0 0 -2025314811 -1879032832 0 1 2 3 4 5 6 7 8 9 10 11 12 13 14 15
map_to_request : 0 1 2 3 4 5 6 7 8 9 10 11 12 13 14 15 16 17 18 19 0 1 2 3 4 5 6 7 8 9 10 11 12 13 14 15 16 17 18 19 -1 -1 -1 -1 -1 -1 -1 -1 -1 -1 -1 -1 -1 -1 -1 -1 -1 -1 -1 -1 -1 -1 -1 -1 -1 -1 -1 -1 -1 -1 -1 -1 -1 -1 -1 -1 -1 -1 -1 -1 0 1 2 3 4 5 6 7 8 9 10 11 12 13 14 15 16 17 18 19 0 1 2 3 4 5 6 7 8 9 10 11 12 13 14 15 16 17 18 19 0 0 -2023282974 -1879032576 14 17 2 4 2 17 4 14 17 2 2 2 17 4 14 14
map_to_vehicle : 14 17 2 4 2 17 4 14 17 2 2 2 17 4 14 14 14 13 2 2 14 17 19 4 2 17 4 14 17 2 2 2 17 4 14 13 14 13 14 2 0 1 2 3 4 5 6 7 8 9 10 11 12 13 14 15 16 17 18 19 0 1 2 3 4 5 6 7 8 9 10 11 12 13 14 15 16 17 18 19 -1 -1 2 -1 -1 -1 -1 -1 -1 -1 -1 -1 -1 -1 -1 14 -1 -1 2 -1 -1 -1 19 -1 -1 -1 -1 -1 -1 -1 -1 -1 -1 -1 -1 13 -1 -1 14 -1 0 0 -2021251389 -1879032320 54 57 42 6 9 21 44 0 1 98 29 82 25 23 95 20
load_mobile : 1 1 1 2 3 2 1 2 2 2 1 1 1 0 3 2 3 1 2 1 1 1 0 0 2 1 1 2 0 1 0 0 1 0 1 0 0 0 0 0 0 0 0 0 0 0 0 0 0 0 0 0 0 0 0 0 0 0 0 0 0 0 0 0 0 0 0 0 0 0 0 0 0 0 0 0 0 0 0 0 0 0 0 0 0 0 0 0 0 0 0 0 0 0 0 2 0 0 1 0 0 0 1 0 0 0 0 0 0 0 0 0 0 0 0 1 0 0 1 0 0 0 -2017188223 -1879031808 0 0 0 0 0 0 0 0 0 0 1 0 1 1 0 0
load_wheelchair : 0 0 0 0 0 0 0 0 0 0 1 0 1 1 0 0 0 0 0 0 0 0 0 0 0 0 0 0 0 0 0 1 0 0 0 0 0 0 0 0 0 0 0 0 0 0 0 0 0 0 0 0 0 0 0 0 0 0 0 0 0 0 0 0 0 0 0 0 0 0 0 0 0 0 0 0 0 0 0 0 0 0 0 0 0 0 0 0 0 0 0 0 0 0 0 0 0 0 0 0 0 0 0 0 0 0 0 0 0 0 0 0 0 0 0 0 0 0 0 0 0 0 0 0 0 0 0 0 0 0 0 0 0 0 0 0 0 0 0 0
service_start : 424.000000 439.812051 428.000000 451.675722 446.282662 457.617278 450.675722 446.351720 440.812051 445.282662 461.431065 441.182056 462.119332 462.767422 461.721416 450.262908 451.262908 470.367928 442.182056 475.581075 449.262908 447.000000 487.000000 460.000000 455.659683 461.119332 455.625690 466.209036 478.559321 460.431065 472.581075 466.189932 470.991772 480.000000 470.636656 498.798928 477.675700 479.000000 486.123900 482.000000 445.000000 424.623465 393.741254 347.602600 409.000000 391.724549 109.585308 257.000000 421.189517 484.810339 369.000000 380.486401 321.000000 455.000000 393.000000 350.000000 395.591447 375.000000 487.000000 435.000000 720.000000 720.000000 720.000000 720.000000 720.000000 720.000000 720.000000 720.000000 720.000000 720.000000 720.000000 720.000000 720.000000 720.000000 720.000000 720.000000 720.000000 720.000000 720.000000 720.000000 0.000000 0.000000 433.000000 0.000000 0.000000 0.000000 0.000000 0.000000 0.000000 0.000000 0.000000 0.000000 0.000000 0.000000 0.000000 453.000000 0.000000 0.000000 444.282662 0.000000 0.000000 0.000000 483.614245 0.000000 0.000000 0.000000 0.000000 0.000000 0.000000 0.000000 0.000000 0.000000 0.000000 0.000000 0.000000 494.937469 0.000000 0.000000 483.933216 0.000000 0.000000 -0.000000 424.000000 439.812051 428.000000 451.675722 446.282662 458.625505 450.675722 449.088812 440.812051 445.282662 461.431065 441.182056 463.127559 462.767422 468.000000 453.000000 465.262908 470.367928
earliest_time : 409.000000 422.000000 413.000000 440.000000 442.100605 444.000000 439.000000 424.000000 434.000000 441.100605 460.000000 437.000000 448.502054 456.374310 453.000000 438.000000 440.000000 456.000000 438.000000 474.150010 437.000000 440.187949 452.000000 455.374310 451.477627 447.502054 451.000000 465.000000 464.942043 459.000000 471.150010 464.758867 457.374495 473.606887 469.427620 471.493531 476.466664 464.632072 484.914864 480.568935 445.000000 424.623465 393.741254 347.602600 409.000000 391.724549 109.585308 257.000000 421.189517 484.810339 369.000000 380.486401 321.000000 455.000000 393.000000 350.000000 395.591447 375.000000 487.000000 435.000000 446.000000 425.623465 486.573934 348.602600 479.531469 392.724549 112.585308 258.000000 422.189517 485.810339 372.000000 381.486401 322.000000 476.278758 494.016555 351.000000 396.591447 469.718423 488.000000 456.666207 0.000000 0.000000 417.487157 0.000000 0.000000 0.000000 0.000000 0.000000 0.000000 0.000000 0.000000 0.000000 0.000000 0.000000 0.000000 441.737092 0.000000 0.000000 440.100605 0.000000 0.000000 0.000000 437.937415 0.000000 0.000000 0.000000 0.000000 0.000000 0.000000 0.000000 0.000000 0.000000 0.000000 0.000000 0.000000 467.632072 0.000000 0.000000 482.724180 0.000000 0.000000 -0.000000 2.000488 0.000000 0.000000 441.100586 0.000000 457.617188 0.000000 415.000002 0.000000 447.635254 0.000000 446.635254 0.000000 456.374268 0.000000 394.741211 0.000000 470.367928
latest_time : 424.000000 439.812051 428.000000 451.675722 446.282662 458.625505 450.675722 449.088812 440.812051 445.282662 461.431065 441.182056 463.127559 462.767422 468.000000 453.000000 465.262908 470.367928 442.182056 475.581075 452.000000 447.000000 487.000000 460.000000 455.659683 462.127559 455.625690 473.533336 486.000000 460.431065 472.581075 466.189932 472.000000 480.000000 477.960956 501.000000 485.000000 479.000000 495.000000 482.000000 719.000000 719.000000 427.000000 719.000000 447.675722 719.000000 717.000000 719.000000 719.000000 719.000000 717.000000 719.000000 719.000000 469.367928 423.000000 719.000000 719.000000 436.812051 719.000000 480.676831 720.000000 720.000000 720.000000 720.000000 720.000000 720.000000 720.000000 720.000000 720.000000 720.000000 720.000000 720.000000 720.000000 720.000000 720.000000 720.000000 720.000000 720.000000 720.000000 720.000000 1440.000000 1440.000000 440.182056 1440.000000 1440.000000 1440.000000 1440.000000 1440.000000 1440.000000 1440.000000 1440.000000 1440.000000 1440.000000 1440.000000 1440.000000 467.000000 1440.000000 1440.000000 444.282662 1440.000000 1440.000000 1440.000000 483.614245 1440.000000 1440.000000 1440.000000 1440.000000 1440.000000 1440.000000 1440.000000 1440.000000 1440.000000 1440.000000 1440.000000 1440.000000 497.138541 1440.000000 1440.000000 492.809316 1440.000000 0.000000 -0.000000 2.000488 0.000000 0.000000 451.675537 0.000000 457.617188 0.000000 446.351565 0.000000 445.282471 0.000000 441.181885 0.000000 462.767334 0.000000 450.262695 0.000000 470.367928
best_insertion_cost : 1000.000000 1000.000000 1000.000000 1000.000000 1000.000000 1000.000000 1000.000000 1000.000000 1000.000000 1000.000000 1000.000000 1000.000000 1000.000000 1000.000000 1000.000000 1000.000000 1000.000000 1000.000000 1000.000000 1000.000000 0.000000 -0.000000 1000.000000 1000.000000 1000.000000 1000.000000 1000.000000 1000.000000 1000.000000 1000.000000 5.146896 1000.000000 1000.000000 1000.000000 1000.000000 -1.131527 1000.000000 5.146896 1000.000000 1000.000000 0.831373 1000.000000 0.000000 -0.000000 1000.000000 1000.000000 1000.000000 1000.000000 1000.000000 1000.000000 1000.000000 1000.000000 1000.000000 1000.000000 1000.000000 1000.000000 1000.000000 1000.000000 1000.000000 1000.000000 1000.000000 1000.000000 1000.000000 1000.000000 0.000000 -0.000000 2951280107730783811503171422287652952774906640816988848273678265403724702360063616915499381402842719697804397889167844785243552484889975259022665352638443033190752502102837183496005869274360591376568708366667818895432220672.000000 0.000000 2595772935336981172544926398419832168754818983956127455887190850511845148331914767534887701117292597259872591129494896514728192932894981875443405785314865684309593572882023106854677132909603668755264426710526792345614962539932144805969082578556912307857554014551932928.000000 0.000000 0.000000 171439353999200940158348123320392185987432946703053487162227579556665192292170817647551282654343371372115486984654181073341167739338581353606335748694330727989248.000000 36204823500631764649195717450617760714214726605286198541626684137516254253420757720584454484271934623904844084521751390035760844967538425404090542170116248984403706362756038034232220143968274176046708161478586810689523041251448884005313047117635485657849013469184.000000 0.000000 11285566333732930028973188189277889977366160233611555045103918619847815913961094663278154662986068319245821022307517308668751633442093109096106573931906609821510005693360599865004929316439011121706840982533703509116028548183854529347606664206747468756848601679530689912629100544.000000 11647794053640510336818983510093186900085726598581063921561868816632656673318367316377234583699685132829895618919473690469311661042881001513531939487744.000000 41734011269589572527444084777261148503945724443796622378802781814909430766378850049523093359234233904825688827032218656495885137707278999611093319340477998440227265627557698749265639734156222651170816.000000 52530112958070291580863634451555561597838875316346638948648268032791198621832343502791275523480345378816.000000 259459196081543599141029834769752493467836026935243989129555305102434060980912668311428806775278945260938673427512712088336011988488122010232332760781302366470144.000000 129148970806140741706892176624881074037644563968037373368665906202472873984.000000 5719866883324519162160244771653561034415805192155408853912486669956103385421179338222363030268728665597111844204469633310359968108057193867863811409927623540088826535268123163692486863492410755732302574453165104460331768382226432.000000 21168642581315719785564393763039529191481990889431692053647536940664655031692540526985216.000000 50475870900951068923607914056293355296335725320545629998881255175784659312080632879942429760391460065849747647014375613923229415049328596885130727785905727703011826479688263087103624570291620492541485718173361033568722092032.000000 0.000000 5709378132463698067892644153598312370404425770792651041231131237770640538250493573113503696569432465764222903225117853818863005283688002987100447716698393750610073275317631913942587634067389451658383620548879543601238797791002624.000000 0.000444 158456325028530751065041141760.000000 -0.000000 1.980988 6.460292 0.000000 2.439004 -3.964868 1.605214 1.285711 0.121282 1.084349 4.446459 6.913223 0.887168 4.364872 -3.858631 6.092234 0.000000 0.491207 3.760310 0.000000 1.039314 0.000000 -0.000000 1000.000000 1000.000000 1000.000000 1000.000000 1000.000000 1000.000000 1000.000000 1000.000000 1000.000000 1000.000000 1000.000000 1000.000000 1000.000000 1000.000000 1000.000000 1000.000000 1000.000000 1000.000000 1000.000000 1000.000000 0.000000 -0.000000 1000.000000 1000.000000 1000.000000 1000.000000 1000.000000 1000.000000 1000.000000 1000.000000
second_best_insertion_cost : 1000.000000 1000.000000 1000.000000 1000.000000 1000.000000 1000.000000 1000.000000 1000.000000 1000.000000 1000.000000 1000.000000 1000.000000 1000.000000 1000.000000 1000.000000 1000.000000 1000.000000 1000.000000 1000.000000 1000.000000 0.000000 -0.000000 1000.000000 1000.000000 1000.000000 1000.000000 1000.000000 1000.000000 1000.000000 1000.000000 1000.000000 1000.000000 1000.000000 1000.000000 1000.000000 1000.000000 1000.000000 1000.000000 1000.000000 1000.000000 1000.000000 1000.000000 0.000000 -0.000000 -13.769571 0.016929 0.738914 1.479926 0.038974 -9.371586 3.671876 3.875357 -1.298010 -15.988547 -15.483125 7.501500 4.439608 -5.272589 -1.661409 0.328798 -4.920892 5.740507 1.229376 0.015208 0.000000 -0.000000 1000.000000 1000.000000 1000.000000 1000.000000 1000.000000 1000.000000 1000.000000 1000.000000 1000.000000 1000.000000 1000.000000 1000.000000 1000.000000 1000.000000 1000.000000 1000.000000 1000.000000 1000.000000 1000.000000 1000.000000 0.000000 -0.000000 1000.000000 1000.000000 1000.000000 1000.000000 1000.000000 1000.000000 1000.000000 1000.000000 1000.000000 1000.000000 1000.000000 1000.000000 1000.000000 1000.000000 1000.000000 1000.000000 1000.000000 1000.000000 1000.000000 1000.000000 0.000000 -0.000000 1000.000000 1000.000000 1000.000000 3.198169 1000.000000 0.202741 1.527810 1000.000000 -997.717326 1000.000000 1000.000000 1000.000000 1000.000000 1000.000000 -3.693598 1000.000000 1000.000000 1000.000000 1000.000000 1000.000000 0.000000 -0.000000 1000.000000 1000.000000 1000.000000 3.200169 1000.000000 0.202741 1.529810 1000.000000
best_predecessor : -1 -1 -1 -1 -1 -1 -1 -1 -1 -1 -1 -1 -1 -1 -1 -1 -1 -1 -1 -1 -1 -1 -1 -1 -1 -1 -1 -1 -1 -1 -1 -1 -1 -1 -1 -1 -1 -1 -1 -1 -1 -1 -1 -1 -1 -1 -1 -1 -1 -1 -1 -1 -1 -1 -1 -1 -1 -1 -1 -1 -1 -1 -1 -1 -1 -1 -1 -1 -1 -1 -1 -1 -1 -1 -1 -1 -1 -1 -1 -1 -1 -1 -1 -1 -1 -1 -1 -1 -1 -1 -1 -1 -1 -1 -1 -1 -1 -1 -1 -1 -1 -1 -1 -1 -1 -1 -1 -1 -1 -1 -1 -1 -1 -1 -1 -1 -1 -1 -1 -1 0 0 -2128888461 -2147481344 0 0 0 0 0 0 0 0 0 0 0 0 0 0 0 0
best_successor : -1 -1 -1 -1 -1 -1 -1 -1 -1 -1 -1 -1 -1 -1 -1 -1 -1 -1 -1 -1 -1 -1 -1 -1 -1 -1 -1 -1 -1 -1 -1 -1 -1 -1 -1 -1 -1 -1 -1 -1 -1 -1 -1 -1 -1 -1 -1 -1 -1 -1 -1 -1 -1 -1 -1 -1 -1 -1 -1 -1 -1 -1 -1 -1 -1 -1 -1 -1 -1 -1 -1 -1 -1 -1 -1 -1 -1 -1 -1 -1 -1 -1 -1 -1 -1 -1 -1 -1 -1 -1 -1 -1 -1 -1 -1 -1 -1 -1 -1 -1 -1 -1 -1 -1 -1 -1 -1 -1 -1 -1 -1 -1 -1 -1 -1 -1 -1 -1 -1 -1 0 1075838976 -2092319935 -2147476736 0 0 0 1078460416 0 1078493184 0 1078919168 0 1078755328 0 1078099968 0 1078263808 0 1078460416
best_vehicle1 : -1 -1 -1 -1 -1 -1 -1 -1 -1 -1 -1 -1 -1 -1 -1 -1 -1 -1 -1 -1 0 1079197696 0 1078558720 0 1078362112 0 1076756480 0 1078099968 0 1076232192 0 1076363264 0 1077477376 0 1077149696 0 0 0 1075052544 0 1076232192 0 1078034432 0 1076232192 0 1078099968 0 1077870592 0 1078296576 0 1076494336 0 1077673984 0 1078394880 0 1077542912 0 1078755328 0 1077542912 0 1072693248 0 1078886400 0 1077411840 0 1077968896 0 1077870592 0 1078165504 0 1079033856 0 1079017472 0 1079033856 0 1078558720 0 1079197696 0 1078558720 0 1079033856 0 1078853632 0 1079443456 0 1079197696 0 1079001088 0 1079525376 0 1079099392 0 1078525952 0 1077149696 0 1078263808 0 1075314688 0 1075576832 0 1077149696 0 1076756480 0 1075052544 0 0 -2084193331 -1879040256 -1 -1 -1 -1 -1 -1 -1 -1 -1 -1 -1 -1 -1 -1 -1 -1
best_vehicle2 : -1 -1 -1 -1 -1 -1 -1 -1 -1 -1 -1 -1 -1 -1 -1 -1 -1 -1 -1 -1 0 1077215232 0 1074790400 0 1078722560 0 1077084160 0 1077673984 0 1077542912 0 1078001664 0 1078919168 0 1078886400 0 1078919168 0 1078394880 0 1079115776 0 1078394880 0 1078919168 0 1078689792 0 1079361536 0 1079115776 0 1078853632 0 1079443456 0 1079017472 0 1078722560 0 1077542912 0 1078460416 0 0 0 1072693248 0 1076625408 0 1075970048 0 1076232192 0 1075314688 0 0 0 1077411840 0 0 0 1077542912 0 1077149696 0 1077936128 0 1073741824 0 1076953088 0 1078034432 0 1076756480 0 1078394880 0 1076756480 0 1076101120 0 1078525952 0 1076494336 0 1077280768 0 1077149696 0 1077673984 0 1078722560 0 1078689792 0 1078722560 0 1078198272 -2082161750 -1879040000 -1 -1 -1 -1 -1 -1 -1 -1 -1 -1 -1 -1 -1 -1 -1 -1
second_best_vehicle1 : -1 -1 -1 -1 -1 -1 -1 -1 -1 -1 -1 -1 -1 -1 -1 -1 -1 -1 -1 -1 0 1078493184 0 1079263232 0 1079017472 0 1078657024 0 1079345152 0 1078853632 0 1078755328 0 1077608448 0 1078493184 0 1072693248 0 0 0 1076494336 0 1075838976 0 1076363264 0 1075576832 0 1072693248 0 1077346304 0 1072693248 0 1077477376 0 1077084160 0 1077870592 0 1072693248 0 1076887552 0 1078001664 0 1076625408 0 1078362112 0 1076625408 0 1076232192 0 1078493184 0 1076363264 0 1077215232 0 1077084160 0 1077608448 0 1078689792 0 1078657024 0 1078689792 0 1078165504 0 1079001088 0 1078165504 0 1078689792 0 1078460416 0 1079246848 0 1079001088 0 1078624256 0 1079328768 0 1078820864 0 1079083008 0 1078198272 0 1078919168 0 1076625408 0 1076494336 -2088256753 -2147476224 -1 -1 2 2 128 0 0 -1 -1 2 4 64 0 0 -1 -1
second_best_vehicle2 : -1 -1 -1 -1 -1 -1 -1 -1 -1 -1 -1 -1 -1 -1 -1 -1 -1 -1 -1 -1 0 1079115776 0 1077411840 0 1077346304 0 1076101120 0 1076756480 0 1078034432 0 1077805056 0 1077411840 0 0 0 1077411840 0 1073741824 0 1074790400 0 1075838976 0 1077280768 0 1075576832 0 1076232192 0 1075970048 0 1077280768 0 1075970048 0 1078001664 0 1077542912 0 1076232192 0 1073741824 0 1074790400 0 1074790400 0 1077936128 0 1077870592 0 1077936128 0 1076887552 0 1078263808 0 1076887552 0 1077936128 0 1077477376 0 1078755328 0 1078263808 0 1077805056 0 1078919168 0 1078067200 0 1078722560 0 1077542912 0 1078460416 0 0 0 1072693248 0 1076625408 0 1075970048 0 1076232192 0 1075314688 0 0 0 1077411840 0 0 0 1077542912 -2080130165 -2147475200 0 1077936128 0 1073741824 0 1076953088 0 1078034432 0 1076756480 0 1078394880 0 1076756480 0 1076101120
best_terminal1 : -1 -1 -1 -1 -1 -1 -1 -1 -1 -1 -1 -1 -1 -1 -1 -1 -1 -1 -1 -1 0 0 -2139842525 -1979706880 6881357 7471203 7536751 6684783 4259956 6488163 7667823 7602286 6619228 7995502 3014767 6815860 7536741 6881395 7667813 7274560 7602293 7274604 7012463 6488110 7143535 0 -2139973607 -1879043328 -1 -1 -1 -1 -1 -1 -1 -1 -1 -1 -1 -1 -1 -1 -1 -1 -1 -1 -1 -1 0 0 -2139580385 -2147478528 7667823 7340148 7602293 6029427 7340149 6357092 6619252 6226020 6357092 6357108 6881382 6619244 7536735 6422645 6619251 6226036 3342385 7602222 7602296 0 0 0 -2138662891 -1879042816 -1 -1 -1 -1 -1 -1 -1 -1 -1 -1 -1 -1 -1 -1 -1 -1 -1 -1 -1 -1 0 0 -2138269685 -1879042560 -1 -1 -1 -1 -1 -1 -1 -1 -1 -1 -1 -1 -1 -1 -1 -1 -1 -1 -1 -1
best_terminal2 : -1 -1 -1 -1 -1 -1 -1 -1 -1 -1 -1 -1 -1 -1 -1 -1 -1 -1 -1 -1 0 0 -2136696589 -1979704832 42478391 655361 2888 0 144603344 685 144603354 685 5505102 5046348 5111808 4980820 2097229 6619219 7667811 6881394 7929972 5242912 6488161 6357099 6619239 0 -2136827671 -2147476736 0 0 0 0 0 0 0 0 0 0 0 0 0 0 0 0 0 0 0 0 0 0 -2136434449 -2147476480 23 0 33022 0 2039733426 718722713 26 23 0 0 0 -65536 453987684 0 23 0 0 0 -65536 -1475884790 0 0 -2135516955 -2147476224 0 0 0 0 0 0 0 0 0 0 0 0 0 0 0 0 0 0 0 0 0 0 -2135123749 -2147475968 0 0 0 0 0 0 0 0 0 0 0 0 0 0 0 0 0 0 0 0
request_bank_prior : 
request_bank_non_prior : 
------------------------------------------------------------

