Solution format is:
total_distance
predecessor[0..n_nodes-1]
successor[0..n_nodes-1]
map_to_node[0..n_nodes-1]
map_to_request[0..n_nodes-1]
map_to_vehicle[0..n_nodes-1]
load_mobile[0..n_nodes-1]
load_wheelchair[0..n_nodes-1]
service_start[0..n_nodes-1]
earliest_time[0..n_nodes-1]
latest_time[0..n_nodes-1]
best_insertion_cost[0..n_nodes-1]
second_best_insertion_cost[0..n_nodes-1]
best_predecessor[0..n_nodes-1]
best_successor[0..n_nodes-1]
best_vehicle1[0..n_nodes-1]
best_vehicle2[0..n_nodes-1]
second_best_vehicle1[0..n_nodes-1]
second_best_vehicle2[0..n_nodes-1]
best_terminal1[0..n_nodes-1]
best_terminal2[0..n_nodes-1]
request_bank_prior (list)
request_bank_non_prior (list)

total_distance : 88.267801
predecessor : 3 56 1 58 25 41 11 8 82 12 4 22 6 -1 -1 38 26 7 57 28 0 17 102 20 10 5 9 99 21 36 -1 -1 -1 -1 -1 15 16 -1 18 119 60 61 62 63 64 65 66 67 68 69 70 71 72 73 74 75 76 77 78 79 40 24 42 43 29 45 46 47 48 49 50 51 52 53 54 55 27 35 39 59 -1 -1 2 -1 -1 -1 -1 -1 -1 -1 -1 -1 -1 -1 -1 -1 -1 -1 -1 19 -1 -1 44 -1 -1 -1 -1 -1 -1 -1 -1 -1 -1 -1 -1 -1 -1 -1 -1 23 0 0 -2051922092 -1879036160 20 2 82 0 10 25 12 17 7 26 24 6 9 -1 -1 35
successor : 20 2 82 0 10 25 12 17 7 26 24 6 9 -1 -1 35 36 21 38 99 23 28 11 119 61 4 16 76 19 64 -1 -1 -1 -1 -1 77 29 -1 15 78 60 5 62 63 102 65 66 67 68 69 70 71 72 73 74 75 1 18 3 79 40 41 42 43 44 45 46 47 48 49 50 51 52 53 54 55 56 57 58 59 -1 -1 8 -1 -1 -1 -1 -1 -1 -1 -1 -1 -1 -1 -1 -1 -1 -1 -1 27 -1 -1 22 -1 -1 -1 -1 -1 -1 -1 -1 -1 -1 -1 -1 -1 -1 -1 -1 39 0 0 -2049759435 -1879035904 0 1 2 3 4 5 6 7 8 9 10 11 12 13 14 15
map_to_node : 0 1 2 3 4 5 6 7 8 9 10 11 12 13 14 15 16 17 18 19 20 21 22 23 24 25 26 27 28 29 30 31 32 33 34 35 36 37 38 39 40 41 42 43 44 45 46 47 48 49 50 51 52 53 54 55 56 57 58 59 40 41 42 43 44 45 46 47 48 49 50 51 52 53 54 55 56 57 58 59 -1 -1 73 -1 -1 -1 -1 -1 -1 -1 -1 -1 -1 -1 -1 -1 -1 -1 -1 108 -1 -1 77 -1 -1 -1 -1 -1 -1 -1 -1 -1 -1 -1 -1 -1 -1 -1 -1 86 0 0 -2047596782 -1879035648 20 2 82 0 10 25 12 17 7 26 24 6 9 33 34 35
map_to_request : 0 1 2 3 4 5 6 7 8 9 10 11 12 13 14 15 16 17 18 19 0 1 2 3 4 5 6 7 8 9 10 11 12 13 14 15 16 17 18 19 -1 -1 -1 -1 -1 -1 -1 -1 -1 -1 -1 -1 -1 -1 -1 -1 -1 -1 -1 -1 -1 -1 -1 -1 -1 -1 -1 -1 -1 -1 -1 -1 -1 -1 -1 -1 -1 -1 -1 -1 0 1 2 3 4 5 6 7 8 9 10 11 12 13 14 15 16 17 18 19 0 1 2 3 4 5 6 7 8 9 10 11 12 13 14 15 16 17 18 19 0 0 -2043271216 -1879035136 -1 -1 -1 -1 -1 -1 -1 -1 -1 -1 -1 -1 -1 -1 -1 -1
map_to_vehicle : 18 16 16 18 1 1 4 16 16 4 1 4 4 -1 -1 17 4 16 17 16 18 16 4 18 1 1 4 16 16 4 -1 -1 -1 -1 -1 17 4 -1 17 18 0 1 2 3 4 5 6 7 8 9 10 11 12 13 14 15 16 17 18 19 0 1 2 3 4 5 6 7 8 9 10 11 12 13 14 15 16 17 18 19 -1 -1 16 -1 -1 -1 -1 -1 -1 -1 -1 -1 -1 -1 -1 -1 -1 -1 -1 16 -1 -1 4 -1 -1 -1 -1 -1 -1 -1 -1 -1 -1 -1 -1 -1 -1 -1 -1 18 0 0 -2037832065 -1879034368 1 1 2 0 1 0 2 2 2 3 1 1 3 0 3 0
load_mobile : 1 1 2 0 1 0 2 2 2 3 1 1 3 0 3 0 3 3 1 2 0 2 0 0 0 0 2 1 1 2 0 1 0 0 2 0 2 0 0 0 0 0 0 0 0 0 0 0 0 0 0 0 0 0 0 0 0 0 0 0 0 0 0 0 0 0 0 0 0 0 0 0 0 0 0 0 0 0 0 0 0 0 1 0 0 0 0 0 0 0 0 0 0 0 0 0 0 0 0 1 0 0 1 0 0 0 0 0 0 0 0 0 0 0 0 0 0 0 0 1 0 0 -2035669412 -1879034112 -1 -1 -1 -1 -1 -1 -1 -1 -1 -1 -1 -1 -1 -1 -1 -1
load_wheelchair : 1 0 0 1 0 1 0 1 0 1 1 0 0 1 0 1 1 1 0 1 1 1 0 0 1 0 1 0 1 0 0 0 0 0 0 0 1 0 0 0 0 0 0 0 0 0 0 0 0 0 0 0 0 0 0 0 0 0 0 0 0 0 0 0 0 0 0 0 0 0 0 0 0 0 0 0 0 0 0 0 0 0 0 0 0 0 0 0 0 0 0 0 0 0 0 0 0 0 0 1 0 0 0 0 0 0 0 0 0 0 0 0 0 0 0 0 0 0 0 0 0 0 0 0 0 0 0 0 0 0 0 0 0 0 0 0 0 0 0 0
service_start : 337.000000 320.583415 321.583415 334.000000 348.622412 336.157434 343.000000 348.645380 347.645380 353.327484 349.622412 342.000000 352.327484 -1.000000 -1.000000 364.958490 359.077551 351.645380 356.111532 360.038355 341.000000 353.820375 339.360384 362.000000 354.000000 345.622412 358.077551 369.000000 359.038355 365.000000 -1.000000 -1.000000 -1.000000 -1.000000 -1.000000 375.000000 363.747427 -1.000000 363.958490 385.000000 288.543557 333.000000 325.000000 347.602600 278.541721 150.542397 109.585308 257.000000 337.918592 0.000000 369.000000 122.032456 321.000000 312.000000 308.000000 350.000000 317.000000 341.000000 0.000000 0.000000 720.000000 720.000000 720.000000 720.000000 720.000000 720.000000 720.000000 720.000000 720.000000 720.000000 720.000000 720.000000 720.000000 720.000000 720.000000 720.000000 720.000000 720.000000 720.000000 720.000000 0.000000 0.000000 325.000000 0.000000 0.000000 0.000000 0.000000 0.000000 0.000000 0.000000 0.000000 0.000000 0.000000 0.000000 0.000000 0.000000 0.000000 0.000000 0.000000 363.000000 0.000000 0.000000 336.605325 0.000000 0.000000 0.000000 0.000000 0.000000 0.000000 0.000000 0.000000 0.000000 0.000000 0.000000 0.000000 0.000000 0.000000 0.000000 0.000000 383.536751 0.000000 -0.000000 322.000000 318.000000 320.000000 311.000000 346.464978 334.000000 339.000000 338.000000 337.000000 344.000000 347.464978 338.000000 340.000000 359.665599 362.252573 363.000000 352.000000 341.000000
earliest_time : 322.000000 318.000000 320.000000 311.000000 346.464978 334.000000 339.000000 338.000000 337.000000 344.000000 347.464978 338.000000 340.000000 359.665599 362.252573 363.000000 352.000000 341.000000 351.000000 350.000000 325.048857 343.174995 337.000000 347.000000 351.842566 343.464978 348.750067 356.210232 349.000000 359.252573 356.665599 372.174905 375.972282 369.430723 366.735094 373.041510 358.000000 370.000000 362.000000 370.000000 288.543557 333.000000 325.000000 347.602600 278.541721 150.542397 109.585308 257.000000 337.918592 0.000000 369.000000 122.032456 321.000000 312.000000 308.000000 350.000000 317.000000 341.000000 0.000000 0.000000 291.543557 372.430723 328.000000 348.602600 378.984335 151.542397 112.585308 258.000000 338.918592 0.000000 372.000000 123.032456 322.000000 315.000000 309.000000 351.000000 373.253540 376.041510 371.463249 0.000000 0.000000 0.000000 323.416585 0.000000 0.000000 0.000000 0.000000 0.000000 0.000000 0.000000 0.000000 0.000000 0.000000 0.000000 0.000000 0.000000 0.000000 0.000000 0.000000 352.961645 0.000000 0.000000 330.501994 0.000000 0.000000 0.000000 0.000000 0.000000 0.000000 0.000000 0.000000 0.000000 0.000000 0.000000 0.000000 0.000000 0.000000 0.000000 0.000000 352.153329 0.000000 -0.000000 296.452570 286.994096 290.994096 285.994096 287.994096 284.056852 303.112729 325.948052 320.749885 336.000000 337.000000 328.000000 329.825630 322.948052 347.998978 333.000000 342.859265 351.000000
latest_time : 337.000000 328.000000 341.000000 334.000000 348.622412 336.157434 343.000000 351.000000 350.000000 353.327484 349.622412 342.000000 352.327484 362.234876 368.000000 364.958490 359.077551 354.396793 356.111532 362.789768 341.000000 356.571788 341.000000 362.000000 354.000000 345.622412 358.077551 369.000000 361.789768 365.000000 359.234876 380.202623 384.000000 372.000000 374.000000 375.000000 363.747427 385.000000 363.958490 385.000000 717.000000 335.157434 717.000000 719.000000 331.526225 719.000000 717.000000 719.000000 719.000000 720.000000 717.000000 719.000000 719.000000 717.000000 719.000000 719.000000 327.000000 355.111532 334.000000 720.000000 720.000000 720.000000 720.000000 720.000000 720.000000 720.000000 720.000000 720.000000 720.000000 720.000000 720.000000 720.000000 720.000000 720.000000 720.000000 720.000000 720.000000 720.000000 720.000000 720.000000 1440.000000 1440.000000 349.000000 1440.000000 1440.000000 1440.000000 1440.000000 1440.000000 1440.000000 1440.000000 1440.000000 1440.000000 1440.000000 1440.000000 1440.000000 1440.000000 1440.000000 1440.000000 1440.000000 365.751412 1440.000000 1440.000000 338.244941 1440.000000 1440.000000 1440.000000 1440.000000 1440.000000 1440.000000 1440.000000 1440.000000 1440.000000 1440.000000 1440.000000 1440.000000 1440.000000 1440.000000 1440.000000 1440.000000 383.536751 0.000000 -0.000000 292.000000 280.541721 287.000000 279.541721 284.000000 276.000000 298.660159 314.000000 315.000000 335.000000 324.174370 326.283205 320.000000 311.000000 345.564303 332.000000 328.000000 336.000000
best_insertion_cost : 1000.000000 1000.000000 1000.000000 1000.000000 1000.000000 1000.000000 1000.000000 1000.000000 1000.000000 1000.000000 1000.000000 1000.000000 1000.000000 1000.000000 1000.000000 1000.000000 1000.000000 1000.000000 1000.000000 1000.000000 0.000000 -0.000000 2951280107730783811503171422287652952774906640816988848273678265403724702360063616915499381402842719697804397889167844785243552484889975259022665352638443033190752502102837183496005869274360591376568708366667818895432220672.000000 0.000000 2595772935336981172544926398419832168754818983956127455887190850511845148331914767534887701117292597259872591129494896514728192932894981875443405785314865684309593572882023106854677132909603668755264426710526792345614962539932144805969082578556912307857554014551932928.000000 0.000000 0.000000 171439353999200940158348123320392185987432946703053487162227579556665192292170817647551282654343371372115486984654181073341167739338581353606335748694330727989248.000000 36204823500631764649195717450617760714214726605286198541626684137516254253420757720584454484271934623904844084521751390035760844967538425404090542170116248984403706362756038034232220143968274176046708161478586810689523041251448884005313047117635485657849013469184.000000 0.000000 11285566333732930028973188189277889977366160233611555045103918619847815913961094663278154662986068319245821022307517308668751633442093109096106573931906609821510005693360599865004929316439011121706840982533703509116028548183854529347606664206747468756848601679530689912629100544.000000 11647794053640510336818983510093186900085726598581063921561868816632656673318367316377234583699685132829895618919473690469311661042881001513531939487744.000000 41734011269589572527444084777261148503945724443796622378802781814909430766378850049523093359234233904825688827032218656495885137707278999611093319340477998440227265627557698749265639734156222651170816.000000 52530112958070291580863634451555561597838875316346638948648268032791198621832343502791275523480345378816.000000 259459196081543599141029834769752493467836026935243989129555305102434060980912668311428806775278945260938673427512712088336011988488122010232332760781302366470144.000000 129148970806140741706892176624881074037644563968037373368665906202472873984.000000 5719866883324519162160244771653561034415805192155408853912486669956103385421179338222363030268728665597111844204469633310359968108057193867863811409927623540088826535268123163692486863492410755732302574453165104460331768382226432.000000 21168642581315719785564393763039529191481990889431692053647536940664655031692540526985216.000000 50475870900951068923607914056293355296335725320545629998881255175784659312080632879942429760391460065849747647014375613923229415049328596885130727785905727703011826479688263087103624570291620492541485718173361033568722092032.000000 0.000000 5709378132463698067892644153598312370404425770792651041231131237770640538250493573113503696569432465764222903225117853818863005283688002987100447716698393750610073275317631913942587634067389451658383620548879543601238797791002624.000000 0.000444 0.000000 -0.000000 2951280107730783811503171422287652952774906640816988848273678265403724702360063616915499381402842719697804397889167844785243552484889975259022665352638443033190752502102837183496005869274360591376568708366667818895432220672.000000 0.000000 2595772935336981172544926398419832168754818983956127455887190850511845148331914767534887701117292597259872591129494896514728192932894981875443405785314865684309593572882023106854677132909603668755264426710526792345614962539932144805969082578556912307857554014551932928.000000 0.000000 0.000000 171439353999200940158348123320392185987432946703053487162227579556665192292170817647551282654343371372115486984654181073341167739338581353606335748694330727989248.000000 36204823500631764649195717450617760714214726605286198541626684137516254253420757720584454484271934623904844084521751390035760844967538425404090542170116248984403706362756038034232220143968274176046708161478586810689523041251448884005313047117635485657849013469184.000000 0.000000 11285566333732930028973188189277889977366160233611555045103918619847815913961094663278154662986068319245821022307517308668751633442093109096106573931906609821510005693360599865004929316439011121706840982533703509116028548183854529347606664206747468756848601679530689912629100544.000000 11647794053640510336818983510093186900085726598581063921561868816632656673318367316377234583699685132829895618919473690469311661042881001513531939487744.000000 41734011269589572527444084777261148503945724443796622378802781814909430766378850049523093359234233904825688827032218656495885137707278999611093319340477998440227265627557698749265639734156222651170816.000000 52530112958070291580863634451555561597838875316346638948648268032791198621832343502791275523480345378816.000000 259459196081543599141029834769752493467836026935243989129555305102434060980912668311428806775278945260938673427512712088336011988488122010232332760781302366470144.000000 129148970806140741706892176624881074037644563968037373368665906202472873984.000000 5719866883324519162160244771653561034415805192155408853912486669956103385421179338222363030268728665597111844204469633310359968108057193867863811409927623540088826535268123163692486863492410755732302574453165104460331768382226432.000000 21168642581315719785564393763039529191481990889431692053647536940664655031692540526985216.000000 50475870900951068923607914056293355296335725320545629998881255175784659312080632879942429760391460065849747647014375613923229415049328596885130727785905727703011826479688263087103624570291620492541485718173361033568722092032.000000 0.000000 5709378132463698067892644153598312370404425770792651041231131237770640538250493573113503696569432465764222903225117853818863005283688002987100447716698393750610073275317631913942587634067389451658383620548879543601238797791002624.000000 0.000444 0.000000 -0.000000 0.000000 0.000000 0.000000 0.000000 0.000000 0.000000 0.000000 0.000000 0.000000 0.000000 0.000000 0.000000 0.000000 0.000000 0.000000 0.000000 0.000000 0.000000 0.000000 0.000000 158456325028535430586528956416.000000 -0.000000 2951280107730783811503171422287652952774906640816988848273678265403724702360063616915499381402842719697804397889167844785243552484889975259022665352638443033190752502102837183496005869274360591376568708366667818895432220672.000000 0.000000 2595772935336981172544926398419832168754818983956127455887190850511845148331914767534887701117292597259872591129494896514728192932894981875443405785314865684309593572882023106854677132909603668755264426710526792345614962539932144805969082578556912307857554014551932928.000000 0.000000 0.000000 171439353999200940158348123320392185987432946703053487162227579556665192292170817647551282654343371372115486984654181073341167739338581353606335748694330727989248.000000 36204823500631764649195717450617760714214726605286198541626684137516254253420757720584454484271934623904844084521751390035760844967538425404090542170116248984403706362756038034232220143968274176046708161478586810689523041251448884005313047117635485657849013469184.000000 0.000000 11285566333732930028973188189277889977366160233611555045103918619847815913961094663278154662986068319245821022307517308668751633442093109096106573931906609821510005693360599865004929316439011121706840982533703509116028548183854529347606664206747468756848601679530689912629100544.000000 11647794053640510336818983510093186900085726598581063921561868816632656673318367316377234583699685132829895618919473690469311661042881001513531939487744.000000 41734011269589572527444084777261148503945724443796622378802781814909430766378850049523093359234233904825688827032218656495885137707278999611093319340477998440227265627557698749265639734156222651170816.000000 52530112958070291580863634451555561597838875316346638948648268032791198621832343502791275523480345378816.000000 259459196081543599141029834769752493467836026935243989129555305102434060980912668311428806775278945260938673427512712088336011988488122010232332760781302366470144.000000 129148970806140741706892176624881074037644563968037373368665906202472873984.000000 5719866883324519162160244771653561034415805192155408853912486669956103385421179338222363030268728665597111844204469633310359968108057193867863811409927623540088826535268123163692486863492410755732302574453165104460331768382226432.000000 21168642581315719785564393763039529191481990889431692053647536940664655031692540526985216.000000 50475870900951068923607914056293355296335725320545629998881255175784659312080632879942429760391460065849747647014375613923229415049328596885130727785905727703011826479688263087103624570291620492541485718173361033568722092032.000000 0.000000 5709378132463698067892644153598312370404425770792651041231131237770640538250493573113503696569432465764222903225117853818863005283688002987100447716698393750610073275317631913942587634067389451658383620548879543601238797791002624.000000 0.000444 0.000000 -0.000000 -8.202094 0.094608 0.000000 1.754932 0.558358 0.000000 1.925758 0.230058 0.000000 0.195305 0.000000 0.000000 0.279338 -1.159018 1.311066 -8.449786 -1.248039 0.000000 3.720713 0.702074 0.000000 -0.000000 -12.734782 0.101207 0.000000 1.747118 0.759205 3.563393 1.292279 0.265645
second_best_insertion_cost : 1000.000000 1000.000000 1000.000000 1000.000000 1000.000000 1000.000000 1000.000000 1000.000000 1000.000000 1000.000000 1000.000000 1000.000000 1000.000000 1000.000000 1000.000000 1000.000000 1000.000000 1000.000000 1000.000000 1000.000000 0.000000 -0.000000 2951280107730783811503171422287652952774906640816988848273678265403724702360063616915499381402842719697804397889167844785243552484889975259022665352638443033190752502102837183496005869274360591376568708366667818895432220672.000000 0.000000 2595772935336981172544926398419832168754818983956127455887190850511845148331914767534887701117292597259872591129494896514728192932894981875443405785314865684309593572882023106854677132909603668755264426710526792345614962539932144805969082578556912307857554014551932928.000000 0.000000 0.000000 171439353999200940158348123320392185987432946703053487162227579556665192292170817647551282654343371372115486984654181073341167739338581353606335748694330727989248.000000 36204823500631764649195717450617760714214726605286198541626684137516254253420757720584454484271934623904844084521751390035760844967538425404090542170116248984403706362756038034232220143968274176046708161478586810689523041251448884005313047117635485657849013469184.000000 0.000000 11285566333732930028973188189277889977366160233611555045103918619847815913961094663278154662986068319245821022307517308668751633442093109096106573931906609821510005693360599865004929316439011121706840982533703509116028548183854529347606664206747468756848601679530689912629100544.000000 11647794053640510336818983510093186900085726598581063921561868816632656673318367316377234583699685132829895618919473690469311661042881001513531939487744.000000 41734011269589572527444084777261148503945724443796622378802781814909430766378850049523093359234233904825688827032218656495885137707278999611093319340477998440227265627557698749265639734156222651170816.000000 52530112958070291580863634451555561597838875316346638948648268032791198621832343502791275523480345378816.000000 259459196081543599141029834769752493467836026935243989129555305102434060980912668311428806775278945260938673427512712088336011988488122010232332760781302366470144.000000 129148970806140741706892176624881074037644563968037373368665906202472873984.000000 5719866883324519162160244771653561034415805192155408853912486669956103385421179338222363030268728665597111844204469633310359968108057193867863811409927623540088826535268123163692486863492410755732302574453165104460331768382226432.000000 21168642581315719785564393763039529191481990889431692053647536940664655031692540526985216.000000 50475870900951068923607914056293355296335725320545629998881255175784659312080632879942429760391460065849747647014375613923229415049328596885130727785905727703011826479688263087103624570291620492541485718173361033568722092032.000000 0.000000 5709378132463698067892644153598312370404425770792651041231131237770640538250493573113503696569432465764222903225117853818863005283688002987100447716698393750610073275317631913942587634067389451658383620548879543601238797791002624.000000 0.000444 158456325028530751065041141760.000000 -0.000000 2951280107730783811503171422287652952774906640816988848273678265403724702360063616915499381402842719697804397889167844785243552484889975259022665352638443033190752502102837183496005869274360591376568708366667818895432220672.000000 0.000000 2595772935336981172544926398419832168754818983956127455887190850511845148331914767534887701117292597259872591129494896514728192932894981875443405785314865684309593572882023106854677132909603668755264426710526792345614962539932144805969082578556912307857554014551932928.000000 0.000000 0.000000 171439353999200940158348123320392185987432946703053487162227579556665192292170817647551282654343371372115486984654181073341167739338581353606335748694330727989248.000000 36204823500631764649195717450617760714214726605286198541626684137516254253420757720584454484271934623904844084521751390035760844967538425404090542170116248984403706362756038034232220143968274176046708161478586810689523041251448884005313047117635485657849013469184.000000 0.000000 11285566333732930028973188189277889977366160233611555045103918619847815913961094663278154662986068319245821022307517308668751633442093109096106573931906609821510005693360599865004929316439011121706840982533703509116028548183854529347606664206747468756848601679530689912629100544.000000 11647794053640510336818983510093186900085726598581063921561868816632656673318367316377234583699685132829895618919473690469311661042881001513531939487744.000000 41734011269589572527444084777261148503945724443796622378802781814909430766378850049523093359234233904825688827032218656495885137707278999611093319340477998440227265627557698749265639734156222651170816.000000 52530112958070291580863634451555561597838875316346638948648268032791198621832343502791275523480345378816.000000 259459196081543599141029834769752493467836026935243989129555305102434060980912668311428806775278945260938673427512712088336011988488122010232332760781302366470144.000000 129148970806140741706892176624881074037644563968037373368665906202472873984.000000 5719866883324519162160244771653561034415805192155408853912486669956103385421179338222363030268728665597111844204469633310359968108057193867863811409927623540088826535268123163692486863492410755732302574453165104460331768382226432.000000 21168642581315719785564393763039529191481990889431692053647536940664655031692540526985216.000000 50475870900951068923607914056293355296335725320545629998881255175784659312080632879942429760391460065849747647014375613923229415049328596885130727785905727703011826479688263087103624570291620492541485718173361033568722092032.000000 0.000000 5709378132463698067892644153598312370404425770792651041231131237770640538250493573113503696569432465764222903225117853818863005283688002987100447716698393750610073275317631913942587634067389451658383620548879543601238797791002624.000000 0.000444 0.000000 -0.000000 1000.000000 0.187898 1000.000000 1000.000000 0.101839 0.131635 0.066961 0.178061 0.234818 0.292789 0.348806 0.107700 0.302992 0.455753 0.537646 0.545507 0.459427 0.434351 0.377284 0.535716 0.000000 -0.000000 -13.402547 0.098601 0.000000 1.692710 0.508797 2.401307 2.031989 0.212846 2.958302 0.202941 4.575261 0.000000 0.370571 -1.663719 1.475437 -6.009731 -1.450653 0.000000 3.599663 0.964170 0.000000 -0.000000 0.277378 0.053639 0.160576 0.013674 0.108936 0.055674 0.087338 0.055888 0.112288 0.038629 1000.000000 0.216578 0.128880 0.035247 0.025202 0.007065 0.044748 0.023608 0.028955 0.048130 0.000000 -0.000000 2951280107730783811503171422287652952774906640816988848273678265403724702360063616915499381402842719697804397889167844785243552484889975259022665352638443033190752502102837183496005869274360591376568708366667818895432220672.000000 0.000000 2595772935336981172544926398419832168754818983956127455887190850511845148331914767534887701117292597259872591129494896514728192932894981875443405785314865684309593572882023106854677132909603668755264426710526792345614962539932144805969082578556912307857554014551932928.000000 0.000000 0.000000 171439353999200940158348123320392185987432946703053487162227579556665192292170817647551282654343371372115486984654181073341167739338581353606335748694330727989248.000000 36204823500631764649195717450617760714214726605286198541626684137516254253420757720584454484271934623904844084521751390035760844967538425404090542170116248984403706362756038034232220143968274176046708161478586810689523041251448884005313047117635485657849013469184.000000 0.000000
best_predecessor : -1 -1 -1 -1 -1 -1 -1 -1 -1 -1 -1 -1 -1 -1 -1 -1 -1 -1 -1 -1 -1 -1 -1 -1 -1 -1 -1 -1 -1 -1 -1 -1 -1 -1 -1 -1 -1 -1 -1 -1 -1 -1 -1 -1 -1 -1 -1 -1 -1 -1 -1 -1 -1 -1 -1 -1 -1 -1 -1 -1 -1 -1 -1 -1 -1 -1 -1 -1 -1 -1 -1 -1 -1 -1 -1 -1 -1 -1 -1 -1 -1 -1 -1 -1 -1 -1 -1 -1 -1 -1 -1 -1 -1 -1 -1 -1 -1 -1 -1 -1 -1 -1 -1 -1 -1 -1 -1 -1 -1 -1 -1 -1 -1 -1 -1 -1 -1 -1 -1 -1 0 0 -2140793739 -2147482880 0 0 0 0 0 0 0 0 0 0 0 0 0 0 0 0
best_successor : -1 -1 -1 -1 -1 -1 -1 -1 -1 -1 -1 -1 -1 -1 -1 -1 -1 -1 -1 -1 -1 -1 -1 -1 -1 -1 -1 -1 -1 -1 -1 -1 -1 -1 -1 -1 -1 -1 -1 -1 -1 -1 -1 -1 -1 -1 -1 -1 -1 -1 -1 -1 -1 -1 -1 -1 -1 -1 -1 -1 -1 -1 -1 -1 -1 -1 -1 -1 -1 -1 -1 -1 -1 -1 -1 -1 -1 -1 -1 -1 -1 -1 -1 -1 -1 -1 -1 -1 -1 -1 -1 -1 -1 -1 -1 -1 -1 -1 -1 -1 -1 -1 -1 -1 -1 -1 -1 -1 -1 -1 -1 -1 -1 -1 -1 -1 -1 -1 -1 -1 1302288350 1076955336 -2119101672 -2147480008 -1142853152 1077679035 -1546736446 1077409998 0 0 0 0 0 0 0 0 0 0 0 0
best_vehicle1 : -1 -1 -1 -1 -1 -1 -1 -1 -1 -1 -1 -1 -1 -1 -1 -1 -1 -1 -1 -1 0 0 0 0 0 0 0 0 0 0 0 0 0 0 0 0 0 0 0 0 -1349448248 1072959984 -1546736446 1077409998 671762428 1077956012 747062332 1073762287 2054935755 1077009838 -141860545 1073822688 1454977337 1077799599 -866445132 1076609813 -1161015743 1077153861 199437781 1077588380 -2115342023 1077257348 -2029464523 1077852569 -1068306243 1077687510 -254573772 1077010049 -289625767 1077571141 1242146313 1075214307 -283721840 1077579492 -1081290824 1074948522 134056941 1077282472 0 0 0 0 587268897 270472844 0 0 0 1077018624 0 1073741824 0 1075970048 0 1077215232 0 1077411840 0 1076363264 0 1077673984 0 1077805056 0 1078329344 0 1078460416 0 1076887552 0 1078067200 0 1078624256 0 1078919168 0 1078788096 0 1078951936 0 1078362112 0 1078951936 -2094198100 -2147476992 0 1075314688 0 1078296576 0 1077805056 0 1078525952 0 1078001664 0 1078198272 0 1078722560 0 1078755328
best_vehicle2 : -1 -1 -1 -1 -1 -1 -1 -1 -1 -1 -1 -1 -1 -1 -1 -1 -1 -1 -1 -1 0 0 0 0 0 0 0 0 0 0 0 0 0 0 0 0 0 0 0 0 0 0 0 0 0 0 0 0 0 0 0 0 0 0 0 0 0 0 0 0 0 0 0 0 0 0 0 0 0 0 0 0 0 0 0 0 0 0 0 0 0 0 0 0 0 0 0 0 0 0 0 0 0 0 0 0 0 0 0 0 0 0 0 0 0 0 0 0 0 0 0 0 0 0 0 0 0 0 0 0 0 0 -2126703460 -2147481088 0 0 0 0 0 0 0 0 0 0 0 0 0 0 0 0
second_best_vehicle1 : -1 -1 -1 -1 -1 -1 -1 -1 -1 -1 -1 -1 -1 -1 -1 -1 -1 -1 -1 -1 0 0 0 0 0 0 0 0 0 0 0 0 0 0 0 0 0 0 0 0 0 0 0 0 0 0 0 0 0 0 0 0 0 0 0 0 0 0 0 0 0 0 0 0 0 0 0 0 0 0 0 0 0 0 0 0 0 0 0 0 0 0 0 0 0 0 0 0 0 0 0 0 0 0 0 0 0 0 0 0 0 0 0 0 0 0 0 0 0 0 0 0 0 0 0 0 0 0 0 0 0 0 -2135354352 -2147482112 0 0 0 0 0 0 0 0 0 0 0 0 0 0 0 0
second_best_vehicle2 : -1 -1 -1 -1 -1 -1 -1 -1 -1 -1 -1 -1 -1 -1 -1 -1 -1 -1 -1 -1 0 0 0 0 0 0 0 0 0 0 0 0 0 0 0 0 0 0 0 0 0 0 0 0 0 0 0 0 0 0 0 0 0 0 0 0 0 0 0 0 0 0 0 0 0 0 0 0 0 0 0 0 0 0 0 0 0 0 0 0 0 0 0 0 0 0 0 0 0 0 0 0 0 0 0 0 0 0 0 0 0 0 0 0 0 0 0 0 0 0 0 0 0 0 0 0 0 0 0 0 0 0 -2145118793 -2147483392 0 0 0 0 0 0 0 0 0 0 0 0 0 0 0 0
best_terminal1 : -1 -1 -1 -1 -1 -1 -1 -1 -1 -1 -1 -1 -1 -1 -1 -1 -1 -1 -1 -1 822686729 909248816 -2136671420 -2147476942 44 44 77 102 22 22 11 11 6 6 12 12 9 9 26 26 16 16 36 36 29 29 -2136802502 -1879041226 -1 -1 -1 -1 -1 -1 -1 -1 -1 -1 -1 -1 -1 -1 -1 -1 -1 -1 -1 -1 822687799 808519990 -2136409296 -2147476434 892613385 858862894 856240393 942879753 154744586 822687793 909248816 943074870 875759921 926101045 154208566 859048243 808979001 154153481 839462961 875444278 856241969 841888820 822687801 873018121 940191796 841812273 -2135491786 -1979704016 6881357 7471203 7536751 6684783 4259956 6488163 7667823 7602286 6619228 7995502 3014767 6815860 7536741 6881395 7667813 7274560 7602293 7274604 7012463 6488110 7143535 0 -2135098580 -2147475912 23 0 33022 0 2039733426 718722713 26 23 0 0 0 -65536 453987684 0 23 0 0 0 -65536 -1475884790
best_terminal2 : -1 -1 -1 -1 -1 -1 -1 -1 -1 -1 -1 -1 -1 -1 -1 -1 -1 -1 -1 -1 822687799 808519990 -2136409296 -2147476434 892613385 858862894 856240393 942879753 154744586 822687793 909248816 943074870 875759921 926101045 154208566 859048243 808979001 154153481 839462961 875444278 856241969 841888820 822687801 873018121 940191796 841812273 -2135491786 -1979704016 6881357 7471203 7536751 6684783 4259956 6488163 7667823 7602286 6619228 7995502 3014767 6815860 7536741 6881395 7667813 7274560 7602293 7274604 7012463 6488110 7143535 0 -2135098580 -2147475912 23 0 33022 0 2039733426 718722713 26 23 0 0 0 -65536 453987684 0 23 0 0 0 -65536 -1475884790 0 909325065 -2135229662 -2147475703 909390857 154613770 755578925 839462961 841889588 856241459 892220723 822686516 873018121 940193588 908921144 808529161 942944777 892744238 875770633 842084654 856240393 942945289 154744842 755577901 839462961 892221748 -2134836456 -2147475405 -1 -1 -1 -1 1048604 8200 1200 1703936 33022 0 2039733426 718722713 0 0 0 0 0 0 0 0
request_bank_prior : 
request_bank_non_prior : 
------------------------------------------------------------

