Solution format is:
total_distance
predecessor[0..n_nodes-1]
successor[0..n_nodes-1]
map_to_node[0..n_nodes-1]
map_to_request[0..n_nodes-1]
map_to_vehicle[0..n_nodes-1]
load_mobile[0..n_nodes-1]
load_wheelchair[0..n_nodes-1]
service_start[0..n_nodes-1]
earliest_time[0..n_nodes-1]
latest_time[0..n_nodes-1]
best_insertion_cost[0..n_nodes-1]
second_best_insertion_cost[0..n_nodes-1]
best_predecessor[0..n_nodes-1]
best_successor[0..n_nodes-1]
best_vehicle1[0..n_nodes-1]
best_vehicle2[0..n_nodes-1]
second_best_vehicle1[0..n_nodes-1]
second_best_vehicle2[0..n_nodes-1]
best_terminal1[0..n_nodes-1]
best_terminal2[0..n_nodes-1]
request_bank_prior (list)
request_bank_non_prior (list)

total_distance : 294.844748
predecessor : 2 40 50 45 0 86 47 90 21 24 41 -1 -1 -1 -1 -1 -1 -1 -1 -1 4 101 20 103 22 5 106 7 8 9 110 -1 -1 -1 -1 -1 -1 -1 -1 -1 60 61 62 63 64 65 66 67 68 69 70 71 72 73 74 75 76 77 78 79 81 27 42 43 44 30 46 25 48 49 29 51 26 53 54 28 56 57 58 59 -1 1 -1 3 -1 -1 6 -1 -1 -1 10 -1 -1 -1 -1 -1 -1 -1 -1 -1 -1 55 -1 52 -1 -1 23 -1 -1 -1 83 -1 -1 -1 -1 -1 -1 -1 -1 -1 0 0 0 0 0 0 0 0 0 0 0 0 0 0 0 0 0 0 0 0
successor : 4 81 0 83 20 25 86 27 28 29 90 -1 -1 -1 -1 -1 -1 -1 -1 -1 22 8 24 106 9 67 72 61 75 70 65 -1 -1 -1 -1 -1 -1 -1 -1 -1 1 10 62 63 64 3 66 6 68 69 2 71 103 73 74 101 76 77 78 79 40 41 42 43 44 45 46 47 48 49 50 51 52 53 54 55 56 57 58 59 -1 60 -1 110 -1 -1 5 -1 -1 -1 7 -1 -1 -1 -1 -1 -1 -1 -1 -1 -1 21 -1 23 -1 -1 26 -1 -1 -1 30 -1 -1 -1 -1 -1 -1 -1 -1 -1 0 1079279616 -1748778538 -1879046912 -1 -1 -1 -1 -1 -1 -1 -1 -1 -1 -1 -1 -1 -1 -1 -1
map_to_node : 0 1 2 3 4 5 6 7 8 9 10 11 12 13 14 15 16 17 18 19 20 21 22 23 24 25 26 27 28 29 30 31 32 33 34 35 36 37 38 39 40 41 42 43 44 45 46 47 48 49 50 51 52 53 54 55 56 57 58 59 40 41 42 43 44 45 46 47 48 49 50 51 52 53 54 55 56 57 58 59 -1 76 -1 98 -1 -1 97 -1 -1 -1 75 -1 -1 -1 -1 -1 -1 -1 -1 -1 -1 116 -1 107 -1 -1 108 -1 -1 -1 98 -1 -1 -1 -1 -1 -1 -1 -1 -1 0 0 -1771650893 -1879045632 0 1 2 3 4 5 6 7 8 9 10 11 12 13 14 15
map_to_request : 0 1 2 3 4 5 6 7 8 9 10 11 12 13 14 15 16 17 18 19 0 1 2 3 4 5 6 7 8 9 10 11 12 13 14 15 16 17 18 19 -1 -1 -1 -1 -1 -1 -1 -1 -1 -1 -1 -1 -1 -1 -1 -1 -1 -1 -1 -1 -1 -1 -1 -1 -1 -1 -1 -1 -1 -1 -1 -1 -1 -1 -1 -1 -1 -1 -1 -1 0 1 2 3 4 5 6 7 8 9 10 11 12 13 14 15 16 17 18 19 0 1 2 3 4 5 6 7 8 9 10 11 12 13 14 15 16 17 18 19 0 0 -1778007920 -1879045376 10 0 10 5 10 7 7 1 15 10 1 -1 -1 -1 -1 -1
map_to_vehicle : 10 0 10 5 10 7 7 1 15 10 1 -1 -1 -1 -1 -1 -1 -1 -1 -1 10 15 10 12 10 7 12 1 15 10 5 -1 -1 -1 -1 -1 -1 -1 -1 -1 0 1 2 3 4 5 6 7 8 9 10 11 12 13 14 15 16 17 18 19 0 1 2 3 4 5 6 7 8 9 10 11 12 13 14 15 16 17 18 19 -1 0 -1 5 -1 -1 7 -1 -1 -1 1 -1 -1 -1 -1 -1 -1 -1 -1 -1 -1 15 -1 12 -1 -1 12 -1 -1 -1 5 -1 -1 -1 -1 -1 -1 -1 -1 -1 0 0 -1775976207 -1879045120 -1 -1 -1 -1 -1 -1 -1 -1 -1 -1 -1 -1 -1 -1 -1 -1
load_mobile : 1 1 0 1 2 0 1 0 1 1 1 0 0 1 0 1 1 2 1 1 1 0 1 0 0 0 0 0 0 0 0 0 1 0 0 0 0 1 0 0 0 0 0 0 0 0 0 0 0 0 0 0 0 0 0 0 0 0 0 0 0 0 0 0 0 0 0 0 0 0 0 0 0 0 0 0 0 0 0 0 0 0 0 0 0 0 0 0 0 0 0 0 0 0 0 0 0 0 0 0 0 1 0 1 0 0 1 0 0 0 1 0 0 0 0 0 0 0 0 0 -1976565664 580 -1763000113 -1879044540 1 0 1 0 1 1 0 1 0 0 0 1 1 0 1 1
load_wheelchair : 1 0 1 0 1 1 0 1 0 0 0 1 1 0 1 1 0 0 0 1 1 0 0 0 0 0 0 0 0 0 0 0 0 0 0 1 0 0 0 0 0 0 0 0 0 0 0 0 0 0 0 0 0 0 0 0 0 0 0 0 0 0 0 0 0 0 0 0 0 0 0 0 0 0 0 0 0 0 0 0 0 0 0 0 0 0 0 0 0 0 0 0 0 0 0 0 0 0 0 0 0 0 0 0 0 0 0 0 0 0 0 0 0 0 0 0 0 0 0 0 0 0 -1769349332 -1879044352 2 40 50 45 0 86 47 90 21 24 41 -1 -1 -1 -1 -1
service_start : 59.932981 43.019890 50.048520 52.325907 75.281510 94.710102 73.051847 111.125781 120.951143 115.431716 95.954587 -1.000000 -1.000000 -1.000000 -1.000000 -1.000000 -1.000000 -1.000000 -1.000000 -1.000000 92.000000 95.833699 97.823265 105.997582 105.114081 109.585308 116.217200 117.000000 124.000000 122.032456 127.589643 -1.000000 -1.000000 -1.000000 -1.000000 -1.000000 -1.000000 -1.000000 -1.000000 -1.000000 0.000000 0.000000 0.000000 0.000000 0.000000 0.000000 0.000000 0.000000 0.000000 0.000000 0.000000 0.000000 0.000000 0.000000 0.000000 0.000000 0.000000 0.000000 0.000000 0.000000 720.000000 720.000000 720.000000 720.000000 720.000000 720.000000 720.000000 720.000000 720.000000 720.000000 720.000000 720.000000 720.000000 720.000000 720.000000 720.000000 720.000000 720.000000 720.000000 720.000000 0.000000 47.000000 0.000000 59.000000 0.000000 0.000000 75.000000 0.000000 0.000000 0.000000 99.000000 0.000000 0.000000 0.000000 0.000000 0.000000 0.000000 0.000000 0.000000 0.000000 0.000000 93.382398 0.000000 104.586533 0.000000 0.000000 114.211296 0.000000 0.000000 0.000000 125.496308 0.000000 0.000000 0.000000 0.000000 0.000000 0.000000 0.000000 0.000000 0.000000 0.000000 0.000000 56.884461 32.000000 47.000000 46.000000 72.232990 78.000000 64.000000 101.525324 105.000000 104.000000 94.000000 111.021333 120.172104 118.000000 113.929946 126.054887 124.000000 135.517950
earliest_time : 56.884461 32.000000 47.000000 46.000000 72.232990 78.000000 64.000000 101.525324 105.000000 104.000000 94.000000 111.021333 120.172104 118.000000 113.929946 126.054887 124.000000 135.517950 132.000000 124.770899 88.951480 84.000000 94.053757 99.000000 99.612286 96.000000 107.000000 107.399543 109.000000 113.000000 125.000000 131.414692 129.589309 131.000000 143.902776 139.349521 131.000000 145.967544 139.000000 154.988370 0.000000 0.000000 0.000000 0.000000 0.000000 0.000000 0.000000 0.000000 0.000000 0.000000 0.000000 0.000000 0.000000 0.000000 0.000000 0.000000 0.000000 0.000000 0.000000 0.000000 134.346751 136.147500 0.000000 0.000000 0.000000 130.880510 0.000000 139.057731 0.000000 0.000000 171.474518 0.000000 164.097772 0.000000 0.000000 145.495374 0.000000 0.000000 0.000000 0.000000 0.000000 35.980110 0.000000 52.674093 0.000000 0.000000 65.948153 0.000000 0.000000 0.000000 97.045413 0.000000 0.000000 0.000000 0.000000 0.000000 0.000000 0.000000 0.000000 0.000000 0.000000 66.556535 0.000000 48.973753 0.000000 0.000000 102.389343 0.000000 0.000000 0.000000 53.674093 0.000000 0.000000 0.000000 0.000000 0.000000 0.000000 0.000000 0.000000 0.000000 0.000000 0.000000 59.932981 65.000000 50.048520 79.000000 75.281510 94.710102 86.885527 111.125781 120.951143 115.431716 103.600457 124.606641 129.204560 136.338196 125.580425 137.705366 140.950011 144.550405
latest_time : 59.932981 65.000000 50.048520 79.000000 75.281510 94.710102 86.885527 111.125781 120.951143 115.431716 103.600457 124.606641 129.204560 136.338196 125.580425 137.705366 140.950011 144.550405 148.339841 133.803355 92.000000 99.000000 104.441472 113.255232 110.000000 109.585308 118.650479 117.000000 124.000000 122.032456 140.000000 145.000000 138.621765 146.000000 156.000000 151.000000 146.000000 155.000000 154.000000 168.000000 61.172069 101.555044 720.000000 720.000000 720.000000 71.156319 720.000000 85.336658 720.000000 720.000000 47.740333 720.000000 109.844183 720.000000 720.000000 94.548699 720.000000 720.000000 720.000000 720.000000 720.000000 720.000000 720.000000 720.000000 720.000000 720.000000 720.000000 720.000000 720.000000 720.000000 720.000000 720.000000 720.000000 720.000000 720.000000 720.000000 720.000000 720.000000 720.000000 720.000000 1440.000000 137.758967 1440.000000 136.906666 1440.000000 1440.000000 88.833680 1440.000000 1440.000000 1440.000000 106.645870 1440.000000 1440.000000 1440.000000 1440.000000 1440.000000 1440.000000 1440.000000 1440.000000 1440.000000 1440.000000 96.548699 1440.000000 111.844183 1440.000000 1440.000000 116.644575 1440.000000 1440.000000 1440.000000 137.906666 1440.000000 1440.000000 1440.000000 1440.000000 1440.000000 1440.000000 1440.000000 1440.000000 1440.000000 0.000000 0.000000 0.000000 0.000000 -53465618062651961157386408450981504351596435298113692164810090367572426245513852071541969425562922513102788221707642385763142784327048040423995390854197472652683621785403563448736793007819257019760176786816649386225940759347296418660352.000000 7.843679 0.000000 0.000000 nan 0.000000 0.000000 -0.000000 56.884461 43.019890 47.000000 52.325907 72.232990 94.710102 73.051847 110.999036
best_insertion_cost : 1000.000000 1000.000000 1000.000000 1000.000000 1000.000000 1000.000000 1000.000000 1000.000000 1000.000000 1000.000000 1000.000000 1000.000000 1000.000000 1000.000000 1000.000000 1000.000000 1000.000000 1000.000000 1000.000000 1000.000000 32.000000 -0.000000 2951280107730783811503171422287652952774906640816988848273678265403724702360063616915499381402842719697804397889167844785243552484889975259022665352638443033190752502102837183496005869274360591376568708366667818895432220672.000000 0.000000 2595772935336981172544926398419832168754818983956127455887190850511845148331914767534887701117292597259872591129494896514728192932894981875443405785314865684309593572882023106854677132909603668755264426710526792345614962539932144805969082578556912307857554014551932928.000000 0.000000 0.000000 171439353999200940158348123320392185987432946703053487162227579556665192292170817647551282654343371372115486984654181073341167739338581353606335748694330727989248.000000 36204823500631764649195717450617760714214726605286198541626684137516254253420757720584454484271934623904844084521751390035760844967538425404090542170116248984403706362756038034232220143968274176046708161478586810689523041251448884005313047117635485657849013469184.000000 0.000000 11285566333732930028973188189277889977366160233611555045103918619847815913961094663278154662986068319245821022307517308668751633442093109096106573931906609821510005693360599865004929316439011121706840982533703509116028548183854529347606664206747468756848601679530689912629100544.000000 11647794053640510336818983510093186900085726598581063921561868816632656673318367316377234583699685132829895618919473690469311661042881001513531939487744.000000 41734011269589572527444084777261148503945724443796622378802781814909430766378850049523093359234233904825688827032218656495885137707278999611093319340477998440227265627557698749265639734156222651170816.000000 52530112958070291580863634451555561597838875316346638948648268032791198621832343502791275523480345378816.000000 259459196081543599141029834769752493467836026935243989129555305102434060980912668311428806775278945260938673427512712088336011988488122010232332760781302366470144.000000 129148970806140741706892176624881074037644563968037373368665906202472873984.000000 5719866883324519162160244771653561034415805192155408853912486669956103385421179338222363030268728665597111844204469633310359968108057193867863811409927623540088826535268123163692486863492410755732302574453165104460331768382226432.000000 21168642581315719785564393763039529191481990889431692053647536940664655031692540526985216.000000 50475870900951068923607914056293355296335725320545629998881255175784659312080632879942429760391460065849747647014375613923229415049328596885130727785905727703011826479688263087103624570291620492541485718173361033568722092032.000000 0.000000 5709378132463698067892644153598312370404425770792651041231131237770640538250493573113503696569432465764222903225117853818863005283688002987100447716698393750610073275317631913942587634067389451658383620548879543601238797791002624.000000 0.000444 101.000000 -0.000000 3.498378 7.001937 2.230485 0.000000 0.000000 4.796397 3.636040 2.336034 3.522692 5.782189 4.833707 0.000000 3.632852 0.000000 0.000000 0.883755 2.944499 1.093713 3.690638 2.707641 29.000000 -0.000000 2951280107730783811503171422287652952774906640816988848273678265403724702360063616915499381402842719697804397889167844785243552484889975259022665352638443033190752502102837183496005869274360591376568708366667818895432220672.000000 0.000000 2595772935336981172544926398419832168754818983956127455887190850511845148331914767534887701117292597259872591129494896514728192932894981875443405785314865684309593572882023106854677132909603668755264426710526792345614962539932144805969082578556912307857554014551932928.000000 0.000000 0.000000 171439353999200940158348123320392185987432946703053487162227579556665192292170817647551282654343371372115486984654181073341167739338581353606335748694330727989248.000000 36204823500631764649195717450617760714214726605286198541626684137516254253420757720584454484271934623904844084521751390035760844967538425404090542170116248984403706362756038034232220143968274176046708161478586810689523041251448884005313047117635485657849013469184.000000 0.000000 11285566333732930028973188189277889977366160233611555045103918619847815913961094663278154662986068319245821022307517308668751633442093109096106573931906609821510005693360599865004929316439011121706840982533703509116028548183854529347606664206747468756848601679530689912629100544.000000 11647794053640510336818983510093186900085726598581063921561868816632656673318367316377234583699685132829895618919473690469311661042881001513531939487744.000000 41734011269589572527444084777261148503945724443796622378802781814909430766378850049523093359234233904825688827032218656495885137707278999611093319340477998440227265627557698749265639734156222651170816.000000 52530112958070291580863634451555561597838875316346638948648268032791198621832343502791275523480345378816.000000 259459196081543599141029834769752493467836026935243989129555305102434060980912668311428806775278945260938673427512712088336011988488122010232332760781302366470144.000000 129148970806140741706892176624881074037644563968037373368665906202472873984.000000 5719866883324519162160244771653561034415805192155408853912486669956103385421179338222363030268728665597111844204469633310359968108057193867863811409927623540088826535268123163692486863492410755732302574453165104460331768382226432.000000 21168642581315719785564393763039529191481990889431692053647536940664655031692540526985216.000000 50475870900951068923607914056293355296335725320545629998881255175784659312080632879942429760391460065849747647014375613923229415049328596885130727785905727703011826479688263087103624570291620492541485718173361033568722092032.000000 0.000000 5709378132463698067892644153598312370404425770792651041231131237770640538250493573113503696569432465764222903225117853818863005283688002987100447716698393750610073275317631913942587634067389451658383620548879543601238797791002624.000000 0.000444 29.000000 -0.000000 2.188432 5.232573 2.828410 0.000000 6.527950 0.000000 2.972001 3.113553 2.852322 6.746266 8.406113 0.000000 3.502742 0.000000 0.000000 1.041260 4.015650 1.427519 5.389402 2.806030 9.000000 -0.000000 2951280107730783811503171422287652952774906640816988848273678265403724702360063616915499381402842719697804397889167844785243552484889975259022665352638443033190752502102837183496005869274360591376568708366667818895432220672.000000 0.000000 2595772935336981172544926398419832168754818983956127455887190850511845148331914767534887701117292597259872591129494896514728192932894981875443405785314865684309593572882023106854677132909603668755264426710526792345614962539932144805969082578556912307857554014551932928.000000 0.000000 0.000000 171439353999200940158348123320392185987432946703053487162227579556665192292170817647551282654343371372115486984654181073341167739338581353606335748694330727989248.000000 36204823500631764649195717450617760714214726605286198541626684137516254253420757720584454484271934623904844084521751390035760844967538425404090542170116248984403706362756038034232220143968274176046708161478586810689523041251448884005313047117635485657849013469184.000000 0.000000 11285566333732930028973188189277889977366160233611555045103918619847815913961094663278154662986068319245821022307517308668751633442093109096106573931906609821510005693360599865004929316439011121706840982533703509116028548183854529347606664206747468756848601679530689912629100544.000000 11647794053640510336818983510093186900085726598581063921561868816632656673318367316377234583699685132829895618919473690469311661042881001513531939487744.000000 41734011269589572527444084777261148503945724443796622378802781814909430766378850049523093359234233904825688827032218656495885137707278999611093319340477998440227265627557698749265639734156222651170816.000000 52530112958070291580863634451555561597838875316346638948648268032791198621832343502791275523480345378816.000000 259459196081543599141029834769752493467836026935243989129555305102434060980912668311428806775278945260938673427512712088336011988488122010232332760781302366470144.000000 129148970806140741706892176624881074037644563968037373368665906202472873984.000000 5719866883324519162160244771653561034415805192155408853912486669956103385421179338222363030268728665597111844204469633310359968108057193867863811409927623540088826535268123163692486863492410755732302574453165104460331768382226432.000000 21168642581315719785564393763039529191481990889431692053647536940664655031692540526985216.000000 50475870900951068923607914056293355296335725320545629998881255175784659312080632879942429760391460065849747647014375613923229415049328596885130727785905727703011826479688263087103624570291620492541485718173361033568722092032.000000 0.000000 5709378132463698067892644153598312370404425770792651041231131237770640538250493573113503696569432465764222903225117853818863005283688002987100447716698393750610073275317631913942587634067389451658383620548879543601238797791002624.000000 0.000444 18.000000 -0.000000 0.923810 0.495099 0.660218 0.809204 0.896982 0.746392 0.626845 0.873055
second_best_insertion_cost : 1000.000000 1000.000000 1000.000000 1000.000000 1000.000000 1000.000000 1000.000000 1000.000000 1000.000000 1000.000000 1000.000000 1000.000000 1000.000000 1000.000000 1000.000000 1000.000000 1000.000000 1000.000000 1000.000000 1000.000000 133.000000 -0.000000 2951280107730783811503171422287652952774906640816988848273678265403724702360063616915499381402842719697804397889167844785243552484889975259022665352638443033190752502102837183496005869274360591376568708366667818895432220672.000000 0.000000 2595772935336981172544926398419832168754818983956127455887190850511845148331914767534887701117292597259872591129494896514728192932894981875443405785314865684309593572882023106854677132909603668755264426710526792345614962539932144805969082578556912307857554014551932928.000000 0.000000 0.000000 171439353999200940158348123320392185987432946703053487162227579556665192292170817647551282654343371372115486984654181073341167739338581353606335748694330727989248.000000 36204823500631764649195717450617760714214726605286198541626684137516254253420757720584454484271934623904844084521751390035760844967538425404090542170116248984403706362756038034232220143968274176046708161478586810689523041251448884005313047117635485657849013469184.000000 0.000000 11285566333732930028973188189277889977366160233611555045103918619847815913961094663278154662986068319245821022307517308668751633442093109096106573931906609821510005693360599865004929316439011121706840982533703509116028548183854529347606664206747468756848601679530689912629100544.000000 11647794053640510336818983510093186900085726598581063921561868816632656673318367316377234583699685132829895618919473690469311661042881001513531939487744.000000 41734011269589572527444084777261148503945724443796622378802781814909430766378850049523093359234233904825688827032218656495885137707278999611093319340477998440227265627557698749265639734156222651170816.000000 52530112958070291580863634451555561597838875316346638948648268032791198621832343502791275523480345378816.000000 259459196081543599141029834769752493467836026935243989129555305102434060980912668311428806775278945260938673427512712088336011988488122010232332760781302366470144.000000 129148970806140741706892176624881074037644563968037373368665906202472873984.000000 5719866883324519162160244771653561034415805192155408853912486669956103385421179338222363030268728665597111844204469633310359968108057193867863811409927623540088826535268123163692486863492410755732302574453165104460331768382226432.000000 21168642581315719785564393763039529191481990889431692053647536940664655031692540526985216.000000 50475870900951068923607914056293355296335725320545629998881255175784659312080632879942429760391460065849747647014375613923229415049328596885130727785905727703011826479688263087103624570291620492541485718173361033568722092032.000000 0.000000 5709378132463698067892644153598312370404425770792651041231131237770640538250493573113503696569432465764222903225117853818863005283688002987100447716698393750610073275317631913942587634067389451658383620548879543601238797791002624.000000 0.000444 172.000000 -0.000000 2.782524 7.258803 2.793497 7.061545 6.621320 4.827527 3.366065 3.339914 3.219627 5.849572 3.613702 0.000000 3.232014 7.770911 8.792346 1.281050 3.812208 1.484625 5.668711 3.979762 109.000000 -0.000000 2951280107730783811503171422287652952774906640816988848273678265403724702360063616915499381402842719697804397889167844785243552484889975259022665352638443033190752502102837183496005869274360591376568708366667818895432220672.000000 0.000000 2595772935336981172544926398419832168754818983956127455887190850511845148331914767534887701117292597259872591129494896514728192932894981875443405785314865684309593572882023106854677132909603668755264426710526792345614962539932144805969082578556912307857554014551932928.000000 0.000000 0.000000 171439353999200940158348123320392185987432946703053487162227579556665192292170817647551282654343371372115486984654181073341167739338581353606335748694330727989248.000000 36204823500631764649195717450617760714214726605286198541626684137516254253420757720584454484271934623904844084521751390035760844967538425404090542170116248984403706362756038034232220143968274176046708161478586810689523041251448884005313047117635485657849013469184.000000 0.000000 11285566333732930028973188189277889977366160233611555045103918619847815913961094663278154662986068319245821022307517308668751633442093109096106573931906609821510005693360599865004929316439011121706840982533703509116028548183854529347606664206747468756848601679530689912629100544.000000 11647794053640510336818983510093186900085726598581063921561868816632656673318367316377234583699685132829895618919473690469311661042881001513531939487744.000000 41734011269589572527444084777261148503945724443796622378802781814909430766378850049523093359234233904825688827032218656495885137707278999611093319340477998440227265627557698749265639734156222651170816.000000 52530112958070291580863634451555561597838875316346638948648268032791198621832343502791275523480345378816.000000 259459196081543599141029834769752493467836026935243989129555305102434060980912668311428806775278945260938673427512712088336011988488122010232332760781302366470144.000000 129148970806140741706892176624881074037644563968037373368665906202472873984.000000 5719866883324519162160244771653561034415805192155408853912486669956103385421179338222363030268728665597111844204469633310359968108057193867863811409927623540088826535268123163692486863492410755732302574453165104460331768382226432.000000 21168642581315719785564393763039529191481990889431692053647536940664655031692540526985216.000000 50475870900951068923607914056293355296335725320545629998881255175784659312080632879942429760391460065849747647014375613923229415049328596885130727785905727703011826479688263087103624570291620492541485718173361033568722092032.000000 0.000000 5709378132463698067892644153598312370404425770792651041231131237770640538250493573113503696569432465764222903225117853818863005283688002987100447716698393750610073275317631913942587634067389451658383620548879543601238797791002624.000000 0.000444 136.000000 -0.000000 2951280107730783811503171422287652952774906640816988848273678265403724702360063616915499381402842719697804397889167844785243552484889975259022665352638443033190752502102837183496005869274360591376568708366667818895432220672.000000 0.000000 2595772935336981172544926398419832168754818983956127455887190850511845148331914767534887701117292597259872591129494896514728192932894981875443405785314865684309593572882023106854677132909603668755264426710526792345614962539932144805969082578556912307857554014551932928.000000 0.000000 0.000000 171439353999200940158348123320392185987432946703053487162227579556665192292170817647551282654343371372115486984654181073341167739338581353606335748694330727989248.000000 36204823500631764649195717450617760714214726605286198541626684137516254253420757720584454484271934623904844084521751390035760844967538425404090542170116248984403706362756038034232220143968274176046708161478586810689523041251448884005313047117635485657849013469184.000000 0.000000 11285566333732930028973188189277889977366160233611555045103918619847815913961094663278154662986068319245821022307517308668751633442093109096106573931906609821510005693360599865004929316439011121706840982533703509116028548183854529347606664206747468756848601679530689912629100544.000000 11647794053640510336818983510093186900085726598581063921561868816632656673318367316377234583699685132829895618919473690469311661042881001513531939487744.000000 41734011269589572527444084777261148503945724443796622378802781814909430766378850049523093359234233904825688827032218656495885137707278999611093319340477998440227265627557698749265639734156222651170816.000000 52530112958070291580863634451555561597838875316346638948648268032791198621832343502791275523480345378816.000000 259459196081543599141029834769752493467836026935243989129555305102434060980912668311428806775278945260938673427512712088336011988488122010232332760781302366470144.000000 129148970806140741706892176624881074037644563968037373368665906202472873984.000000 5719866883324519162160244771653561034415805192155408853912486669956103385421179338222363030268728665597111844204469633310359968108057193867863811409927623540088826535268123163692486863492410755732302574453165104460331768382226432.000000 21168642581315719785564393763039529191481990889431692053647536940664655031692540526985216.000000 50475870900951068923607914056293355296335725320545629998881255175784659312080632879942429760391460065849747647014375613923229415049328596885130727785905727703011826479688263087103624570291620492541485718173361033568722092032.000000 0.000000 5709378132463698067892644153598312370404425770792651041231131237770640538250493573113503696569432465764222903225117853818863005283688002987100447716698393750610073275317631913942587634067389451658383620548879543601238797791002624.000000 0.000444 9.000000 -0.000000 2.697230 4.452719 3.045271 8.142610 6.964879 4.423890 3.480166 2.089729 3.317451 6.727937 4.632894 9.523469 3.597049 8.803472 0.000000 0.973065 3.359907 1.713266 4.574958 4.224479 33.000000 -0.000000 3.153687 10.105168 2.320414 6.956105 5.044404 4.045915 4.068505 2.914306
best_predecessor : -1 -1 -1 -1 -1 -1 -1 -1 -1 -1 -1 -1 -1 -1 -1 -1 -1 -1 -1 -1 -1 -1 -1 -1 -1 -1 -1 -1 -1 -1 -1 -1 -1 -1 -1 -1 -1 -1 -1 -1 -1 -1 -1 -1 -1 -1 -1 -1 -1 -1 -1 -1 -1 -1 -1 -1 -1 -1 -1 -1 -1 -1 -1 -1 -1 -1 -1 -1 -1 -1 -1 -1 -1 -1 -1 -1 -1 -1 -1 -1 -1 -1 -1 -1 -1 -1 -1 -1 -1 -1 -1 -1 -1 -1 -1 -1 -1 -1 -1 -1 -1 -1 -1 -1 -1 -1 -1 -1 -1 -1 -1 -1 -1 -1 -1 -1 -1 -1 -1 -1 0 1079574528 -1757560424 -1879047424 4 81 0 83 20 66 86 13 18 12 90 10 19 61 15 34
best_successor : -1 -1 -1 -1 -1 -1 -1 -1 -1 -1 -1 -1 -1 -1 -1 -1 -1 -1 -1 -1 -1 -1 -1 -1 -1 -1 -1 -1 -1 -1 -1 -1 -1 -1 -1 -1 -1 -1 -1 -1 -1 -1 -1 -1 -1 -1 -1 -1 -1 -1 -1 -1 -1 -1 -1 -1 -1 -1 -1 -1 -1 -1 -1 -1 -1 -1 -1 -1 -1 -1 -1 -1 -1 -1 -1 -1 -1 -1 -1 -1 -1 -1 -1 -1 -1 -1 -1 -1 -1 -1 -1 -1 -1 -1 -1 -1 -1 -1 -1 -1 -1 -1 -1 -1 -1 -1 -1 -1 -1 -1 -1 -1 -1 -1 -1 -1 -1 -1 -1 -1 0 0 -1765031698 -1879044864 1 1 0 1 2 0 1 0 1 1 1 0 0 1 0 1
best_vehicle1 : -1 -1 -1 -1 -1 -1 -1 -1 -1 -1 -1 -1 -1 -1 -1 -1 -1 -1 -1 -1 0 0 0 0 0 0 0 0 0 0 0 0 0 0 0 0 0 0 0 0 0 0 0 0 0 0 0 0 0 0 0 0 0 0 0 0 0 0 0 0 0 0 0 0 0 0 0 0 0 0 0 0 0 0 0 0 0 0 0 0 0 0 0 0 0 0 0 0 0 0 0 0 0 0 0 0 0 0 0 0 0 0 0 0 0 0 0 0 0 0 0 0 0 0 0 0 0 0 0 0 0 0 -1773682606 -1879045888 0 1 2 3 4 5 6 7 8 9 10 11 12 13 14 15
best_vehicle2 : -1 -1 -1 -1 -1 -1 -1 -1 -1 -1 -1 -1 -1 -1 -1 -1 -1 -1 -1 -1 0 1076101120 0 1075838976 0 1075314688 0 1078001664 0 1080369152 0 1080459264 0 1080229888 0 1080229888 0 1079902208 0 1079558144 0 1079885824 0 1079001088 0 1078525952 0 1078525952 0 1078951936 0 1078394880 0 1077084160 0 1077215232 0 1078099968 0 1077215232 0 1076232192 0 1075314688 0 1075052544 0 1075576832 0 1079705600 0 1079476224 0 1079214080 0 1078984704 0 1079115776 0 1079083008 0 1078460416 0 1078788096 0 1078329344 0 1078067200 0 1076363264 0 1073741824 0 1075838976 0 0 0 1077149696 0 1076101120 0 0 0 1077018624 0 1076887552 0 1078329344 0 1080516608 0 1080606720 0 1080377344 0 1080377344 0 1080115200 0 1079853056 0 1080107008 -1746747337 -1879046656 2 40 50 45 0 46 46 41 21 24 11 86 29 27 26 14
second_best_vehicle1 : -1 -1 -1 -1 -1 -1 -1 -1 -1 -1 -1 -1 -1 -1 -1 -1 -1 -1 -1 -1 0 1079164928 0 1077215232 0 1075314688 0 1075314688 0 1077084160 0 1073741824 0 1077477376 0 1077346304 0 1075576832 0 1077346304 0 1077968896 0 1078132736 0 1078493184 0 1078099968 0 1078984704 0 1078525952 0 1078001664 0 1077149696 0 1077673984 0 1077542912 0 1074790400 0 1076625408 0 0 0 1075838976 0 1077936128 0 1078263808 0 1078067200 0 1078329344 0 1078984704 0 1078657024 0 1078329344 0 1078919168 0 1078853632 0 1079377920 0 1080074240 0 1080164352 0 1079836672 0 1079836672 0 1079312384 0 1078951936 0 1079296000 0 1077739520 0 1076625408 0 1076625408 0 1077608448 0 1076101120 0 1076953088 0 1076756480 0 1072693248 0 1076756480 0 1077477376 -1753235110 -2147483392 -1 -1 2 2 128 0 0 -1 -1 2 4 64 0 0 -1 -1
second_best_vehicle2 : -1 -1 -1 -1 -1 -1 -1 -1 -1 -1 -1 -1 -1 -1 -1 -1 -1 -1 -1 -1 0 1080729600 0 1080819712 0 1080590336 0 1080590336 0 1080328192 0 1080156160 0 1080320000 0 1079721984 0 1079476224 0 1079476224 0 1079689216 0 1079410688 0 1078951936 0 1079001088 0 1079263232 0 1079001088 0 1078689792 0 1078525952 0 1078165504 0 1078558720 0 1080229888 0 1080115200 0 1079934976 0 1079705600 0 1079836672 0 1079803904 0 1079443456 0 1079607296 0 1079377920 0 1079246848 0 1078722560 0 1078394880 0 1078591488 0 1078329344 0 1077411840 0 1078001664 0 1078329344 0 1077542912 0 1077673984 0 0 0 0 -1124073283 31601 -1975999984 580 -1976297616 580 0 0 0 0 0 0 0 0 0 0 0 0 0 0 -1751072651 -1879046144 -1 -1 -1 -1 -1 -1 -1 -1 -1 -1 -1 -1 -1 -1 -1 -1
best_terminal1 : -1 -1 -1 -1 -1 -1 -1 -1 -1 -1 -1 -1 -1 -1 -1 -1 -1 -1 -1 -1 108 0 -1758850965 -1879043328 5242950 6226003 5374018 5701711 4522067 6226002 5439573 5374021 5242975 5177426 4784198 4522060 5439583 5374036 5111881 3997767 6619204 6357094 7078005 116 0 0 -1759506351 -1946151936 5374023 6225986 4784204 4522051 5439566 6225989 4784198 4522060 4390973 6029370 7667815 7274610 6881378 3276849 3342384 6750300 7471221 6422639 3014761 6881388 99 0 -1747054505 -1946151680 5177420 4259907 4259916 5242960 4259908 4259924 4390973 6029370 7536725 7471205 6029427 7209061 7274618 6029428 7340097 4456560 7602273 6029409 7274572 6357091 108 0 -1747709859 -1879042560 -1976311328 580 -1976311328 580 0 0 4 0 7 0 0 0 -1976057968 580 9 0 0 0 7 0 0 0 -1747840957 -1879042304 -1976316128 580 -1976316128 580 0 0 1 0 1 0 -1976058368 580 0 0 9 0 0 0 1 0
best_terminal2 : -1 -1 -1 -1 -1 -1 -1 -1 -1 -1 -1 -1 -1 -1 -1 -1 -1 -1 -1 -1 0 0 -1746792301 -1879040256 -1976313888 580 -1976313888 580 0 0 2 0 6 0 0 0 -1976058208 580 9 0 0 0 6 0 0 0 -1751641959 -1979703296 6881357 7471203 7536751 6684783 4259956 6488163 7667823 7602286 6619228 7995502 3014767 6815860 7536741 6881395 7667813 7274560 7602293 7274604 7012463 6488110 7143535 0 -1751773025 -1979703040 42478391 655361 2888 0 -1976304880 580 -1976304870 580 5505102 5046348 5111808 4980820 2097229 6619219 7667811 6881394 7929972 5242912 6488161 6357099 6619239 0 -1752428411 -1879039488 -1976309408 580 -1976309408 580 0 0 5 0 3 0 0 0 -1976058592 580 9 0 0 0 3 0 0 0 -1752559477 -2147474688 52 52 107 103 23 23 108 106 26 26 14 14 15 15 35 35 34 34 52 72
request_bank_prior : 
request_bank_non_prior : 
------------------------------------------------------------

Solution format is:
total_distance
predecessor[0..n_nodes-1]
successor[0..n_nodes-1]
map_to_node[0..n_nodes-1]
map_to_request[0..n_nodes-1]
map_to_vehicle[0..n_nodes-1]
load_mobile[0..n_nodes-1]
load_wheelchair[0..n_nodes-1]
service_start[0..n_nodes-1]
earliest_time[0..n_nodes-1]
latest_time[0..n_nodes-1]
best_insertion_cost[0..n_nodes-1]
second_best_insertion_cost[0..n_nodes-1]
best_predecessor[0..n_nodes-1]
best_successor[0..n_nodes-1]
best_vehicle1[0..n_nodes-1]
best_vehicle2[0..n_nodes-1]
second_best_vehicle1[0..n_nodes-1]
second_best_vehicle2[0..n_nodes-1]
best_terminal1[0..n_nodes-1]
best_terminal2[0..n_nodes-1]
request_bank_prior (list)
request_bank_non_prior (list)

total_distance : 293.825597
predecessor : 2 40 50 45 0 86 47 90 21 24 41 -1 -1 -1 -1 -1 -1 -1 -1 -1 4 101 20 103 22 5 106 7 8 9 110 -1 -1 -1 -1 -1 -1 -1 -1 -1 60 61 62 63 64 65 66 67 68 69 70 71 72 73 74 75 76 77 78 79 81 27 42 43 44 30 46 25 48 49 29 26 52 53 54 28 56 57 58 59 -1 1 -1 3 -1 -1 6 -1 -1 -1 10 -1 -1 -1 -1 -1 -1 -1 -1 -1 -1 55 -1 51 -1 -1 23 -1 -1 -1 83 -1 -1 -1 -1 -1 -1 -1 -1 -1 0 1079164928 0 1078951936 0 1078132736 0 1077411840 0 1075838976 0 1075314688 0 1073741824 0 0 0 1077280768 0 1076363264
successor : 4 81 0 83 20 25 86 27 28 29 90 -1 -1 -1 -1 -1 -1 -1 -1 -1 22 8 24 106 9 67 71 61 75 70 65 -1 -1 -1 -1 -1 -1 -1 -1 -1 1 10 62 63 64 3 66 6 68 69 2 103 72 73 74 101 76 77 78 79 40 41 42 43 44 45 46 47 48 49 50 51 52 53 54 55 56 57 58 59 -1 60 -1 110 -1 -1 5 -1 -1 -1 7 -1 -1 -1 -1 -1 -1 -1 -1 -1 -1 21 -1 23 -1 -1 26 -1 -1 -1 30 -1 -1 -1 -1 -1 -1 -1 -1 -1 0 1078165504 -1846287629 -1879046912 1 0 1 0 1 1 0 1 0 0 0 1 1 0 1 1
map_to_node : 0 1 2 3 4 5 6 7 8 9 10 11 12 13 14 15 16 17 18 19 20 21 22 23 24 25 26 27 28 29 30 31 32 33 34 35 36 37 38 39 40 41 42 43 44 45 46 47 48 49 50 51 52 53 54 55 56 57 58 59 40 41 42 43 44 45 46 47 48 49 50 51 52 53 54 55 56 57 58 59 -1 76 -1 98 -1 -1 97 -1 -1 -1 75 -1 -1 -1 -1 -1 -1 -1 -1 -1 -1 116 -1 107 -1 -1 108 -1 -1 -1 98 -1 -1 -1 -1 -1 -1 -1 -1 -1 0 1079574528 -1862540293 -1879044864 0 1 2 3 4 5 6 7 8 9 10 11 12 13 14 15
map_to_request : 0 1 2 3 4 5 6 7 8 9 10 11 12 13 14 15 16 17 18 19 0 1 2 3 4 5 6 7 8 9 10 11 12 13 14 15 16 17 18 19 -1 -1 -1 -1 -1 -1 -1 -1 -1 -1 -1 -1 -1 -1 -1 -1 -1 -1 -1 -1 -1 -1 -1 -1 -1 -1 -1 -1 -1 -1 -1 -1 -1 -1 -1 -1 -1 -1 -1 -1 0 1 2 3 4 5 6 7 8 9 10 11 12 13 14 15 16 17 18 19 0 1 2 3 4 5 6 7 8 9 10 11 12 13 14 15 16 17 18 19 0 1078231040 -1864703012 -1879044608 1 1 0 1 2 0 1 0 1 1 1 0 0 1 0 1
map_to_vehicle : 10 0 10 5 10 7 7 1 15 10 1 -1 -1 -1 -1 -1 -1 -1 -1 -1 10 15 10 11 10 7 11 1 15 10 5 -1 -1 -1 -1 -1 -1 -1 -1 -1 0 1 2 3 4 5 6 7 8 9 10 11 12 13 14 15 16 17 18 19 0 1 2 3 4 5 6 7 8 9 10 11 12 13 14 15 16 17 18 19 -1 0 -1 5 -1 -1 7 -1 -1 -1 1 -1 -1 -1 -1 -1 -1 -1 -1 -1 -1 15 -1 11 -1 -1 11 -1 -1 -1 5 -1 -1 -1 -1 -1 -1 -1 -1 -1 0 1080131584 -1859197616 -1879047680 -1 -1 -1 -1 -1 -1 -1 -1 -1 -1 -1 -1 -1 -1 -1 -1
load_mobile : 1 1 0 1 2 0 1 0 1 1 1 0 0 1 0 1 1 2 1 1 1 0 1 0 0 0 0 0 0 0 0 0 1 0 0 0 0 1 0 0 0 0 0 0 0 0 0 0 0 0 0 0 0 0 0 0 0 0 0 0 0 0 0 0 0 0 0 0 0 0 0 0 0 0 0 0 0 0 0 0 0 0 0 0 0 0 0 0 0 0 0 0 0 0 0 0 0 0 0 0 0 1 0 1 0 0 1 0 0 0 1 0 0 0 0 0 0 0 0 0 0 1078984704 -1866865859 -1879044352 2 40 50 45 0 86 47 90 21 24 41 -1 -1 -1 -1 -1
load_wheelchair : 1 0 1 0 1 1 0 1 0 0 0 1 1 0 1 1 0 0 0 1 1 0 0 0 0 0 0 0 0 0 0 0 0 0 0 1 0 0 0 0 0 0 0 0 0 0 0 0 0 0 0 0 0 0 0 0 0 0 0 0 0 0 0 0 0 0 0 0 0 0 0 0 0 0 0 0 0 0 0 0 0 0 0 0 0 0 0 0 0 0 0 0 0 0 0 0 0 0 0 0 0 0 0 0 0 0 0 0 0 0 0 0 0 0 0 0 0 0 0 0 0 1079017472 -1848450348 -1879046656 -1 -1 -1 -1 -1 -1 -1 -1 -1 -1 -1 -1 -1 -1 -1 -1
service_start : 59.932981 43.019890 50.048520 52.325907 75.281510 94.710102 73.051847 111.125781 120.951143 115.431716 95.954587 -1.000000 -1.000000 -1.000000 -1.000000 -1.000000 -1.000000 -1.000000 -1.000000 -1.000000 92.000000 95.833699 97.823265 105.997582 105.114081 109.585308 116.217200 117.000000 124.000000 122.032456 127.589643 -1.000000 -1.000000 -1.000000 -1.000000 -1.000000 -1.000000 -1.000000 -1.000000 -1.000000 0.000000 0.000000 0.000000 0.000000 0.000000 0.000000 0.000000 0.000000 0.000000 0.000000 0.000000 0.000000 0.000000 0.000000 0.000000 0.000000 0.000000 0.000000 0.000000 0.000000 720.000000 720.000000 720.000000 720.000000 720.000000 720.000000 720.000000 720.000000 720.000000 720.000000 720.000000 720.000000 720.000000 720.000000 720.000000 720.000000 720.000000 720.000000 720.000000 720.000000 0.000000 47.000000 0.000000 59.000000 0.000000 0.000000 75.000000 0.000000 0.000000 0.000000 99.000000 0.000000 0.000000 0.000000 0.000000 0.000000 0.000000 0.000000 0.000000 0.000000 0.000000 93.382398 0.000000 104.586533 0.000000 0.000000 114.211296 0.000000 0.000000 0.000000 125.496308 0.000000 0.000000 0.000000 0.000000 0.000000 0.000000 0.000000 0.000000 0.000000 84.000000 0.000000 56.884461 32.000000 47.000000 46.000000 72.232990 78.000000 64.000000 101.525324 105.000000 104.000000 94.000000 111.021333 120.172104 118.000000 113.929946 126.054887 124.000000 135.517950
earliest_time : 56.884461 32.000000 47.000000 46.000000 72.232990 78.000000 64.000000 101.525324 105.000000 104.000000 94.000000 111.021333 120.172104 118.000000 113.929946 126.054887 124.000000 135.517950 132.000000 124.770899 88.951480 84.000000 94.053757 99.000000 99.612286 96.000000 107.000000 107.399543 109.000000 113.000000 125.000000 131.414692 129.589309 131.000000 143.902776 139.349521 131.000000 145.967544 139.000000 154.988370 0.000000 0.000000 0.000000 0.000000 0.000000 0.000000 0.000000 0.000000 0.000000 0.000000 0.000000 0.000000 0.000000 0.000000 0.000000 0.000000 0.000000 0.000000 0.000000 0.000000 134.346751 136.147500 0.000000 0.000000 0.000000 130.880510 0.000000 139.057731 0.000000 0.000000 171.474518 164.097772 0.000000 0.000000 0.000000 145.495374 0.000000 0.000000 0.000000 0.000000 0.000000 35.980110 0.000000 52.674093 0.000000 0.000000 65.948153 0.000000 0.000000 0.000000 97.045413 0.000000 0.000000 0.000000 0.000000 0.000000 0.000000 0.000000 0.000000 0.000000 0.000000 66.556535 0.000000 48.973753 0.000000 0.000000 102.389343 0.000000 0.000000 0.000000 53.674093 0.000000 0.000000 0.000000 0.000000 0.000000 0.000000 0.000000 0.000000 0.000000 111.000000 0.000000 59.932981 65.000000 50.048520 79.000000 75.281510 94.710102 86.885527 111.125781 120.951143 115.431716 103.600457 124.606641 129.204560 136.338196 125.580425 137.705366 140.950011 144.550405
latest_time : 59.932981 65.000000 50.048520 79.000000 75.281510 94.710102 86.885527 111.125781 120.951143 115.431716 103.600457 124.606641 129.204560 136.338196 125.580425 137.705366 140.950011 144.550405 148.339841 133.803355 92.000000 99.000000 104.441472 113.255232 110.000000 109.585308 118.650479 117.000000 124.000000 122.032456 140.000000 145.000000 138.621765 146.000000 156.000000 151.000000 146.000000 155.000000 154.000000 168.000000 61.172069 101.555044 720.000000 720.000000 720.000000 71.156319 720.000000 85.336658 720.000000 720.000000 47.740333 109.844183 720.000000 720.000000 720.000000 94.548699 720.000000 720.000000 720.000000 720.000000 720.000000 720.000000 720.000000 720.000000 720.000000 720.000000 720.000000 720.000000 720.000000 720.000000 720.000000 720.000000 720.000000 720.000000 720.000000 720.000000 720.000000 720.000000 720.000000 720.000000 1440.000000 137.758967 1440.000000 136.906666 1440.000000 1440.000000 88.833680 1440.000000 1440.000000 1440.000000 106.645870 1440.000000 1440.000000 1440.000000 1440.000000 1440.000000 1440.000000 1440.000000 1440.000000 1440.000000 1440.000000 96.548699 1440.000000 111.844183 1440.000000 1440.000000 116.644575 1440.000000 1440.000000 1440.000000 137.906666 1440.000000 1440.000000 1440.000000 1440.000000 1440.000000 1440.000000 1440.000000 1440.000000 1440.000000 60.000000 0.000000 0.000000 0.000000 -53465618062651961157386408450981504351596435298113692164810090367572426245513852071541969425562922513102788221707642385763142784327048040423995390854197472652683621785403563448736793007819257019760176786816649386225940759347296418660352.000000 0.000000 0.000000 0.000000 nan 0.000000 0.000000 -0.000000 59.932981 43.019890 50.048520 52.325907 75.281510 94.710102 73.051847 111.125781
best_insertion_cost : 1000.000000 1000.000000 1000.000000 1000.000000 1000.000000 1000.000000 1000.000000 1000.000000 1000.000000 1000.000000 1000.000000 1000.000000 1000.000000 1000.000000 1000.000000 1000.000000 1000.000000 1000.000000 1000.000000 1000.000000 0.000000 -0.000000 0.000000 0.000000 0.000000 0.000000 0.000000 0.000000 0.000000 0.000000 0.000000 0.000000 0.000000 0.000000 0.000000 0.000000 0.000000 0.000000 0.000000 0.000000 0.000000 0.000000 0.000000 -0.000000 0.000000 0.000000 0.000000 0.000000 0.000000 0.000000 0.000000 0.000000 0.000000 0.000000 0.000000 0.000000 0.000000 0.000000 0.000000 0.000000 0.000000 0.000000 0.000000 0.000000 0.000000 0.000000 0.000000 0.000000 0.000000 0.000000 0.000000 0.000000 0.000000 0.000000 0.000000 0.000000 0.000000 0.000000 0.000000 0.000000 0.000000 0.000000 0.000000 0.000000 0.000000 0.000000 0.000000 0.000000 0.000000 0.000000 0.000000 0.000000 -1892524730675217330792073010030757328151848769401820189525664298145057019935562061075544573850693989649014139398308306847159383677410389852781932105874119283697916740750878404349308249805014885444493755362066356186950461965437671565259779493632112616127177689820312024298444292096.000000 -0.000000 0.000000 0.000000 0.000000 0.000000 0.000000 0.000000 0.000000 0.000000 0.000000 0.000000 0.000000 0.000000 0.000000 0.000000 0.000000 0.000000 0.000000 0.000000 0.000000 0.000000 0.000000 0.000000 0.000000 0.000000 0.000000 0.000000 0.000000 0.000000 0.000000 0.000000 0.000000 0.000000 0.000000 0.000000 0.000000 0.000000 0.000000 0.000000 0.000000 0.000000 0.000000 0.000000 0.000000 0.000000 0.000000 0.000000
second_best_insertion_cost : 1000.000000 1000.000000 1000.000000 1000.000000 1000.000000 1000.000000 1000.000000 1000.000000 1000.000000 1000.000000 1000.000000 1000.000000 1000.000000 1000.000000 1000.000000 1000.000000 1000.000000 1000.000000 1000.000000 1000.000000 0.000000 -0.000000 0.000000 0.000000 0.000000 0.000000 0.000000 0.000000 0.000000 0.000000 0.000000 0.000000 0.000000 0.000000 0.000000 0.000000 0.000000 0.000000 0.000000 0.000000 0.000000 0.000000 0.000000 -0.000000 0.000000 0.000000 0.000000 0.000000 0.000000 0.000000 0.000000 0.000000 0.000000 0.000000 0.000000 0.000000 0.000000 0.000000 0.000000 0.000000 0.000000 0.000000 0.000000 0.000000 0.000000 -0.000000 4.143370 11.617042 4.228829 10.320166 7.014143 9.634214 6.006346 5.188472 6.024872 11.377146 6.066670 27.003545 4.826857 14.466501 14.632727 2.048306 6.589785 2.665216 10.385608 4.543950 0.000000 -0.000000 1000.000000 1000.000000 1000.000000 1000.000000 1000.000000 1000.000000 1000.000000 1000.000000 1000.000000 1000.000000 1000.000000 1000.000000 1000.000000 1000.000000 1000.000000 1000.000000 1000.000000 1000.000000 1000.000000 1000.000000 0.000000 -0.000000 0.000000 0.000000 0.000000 0.000000 0.000000 0.000000 0.000000 0.000000 0.000000 0.000000 0.000000 0.000000 0.000000 0.000000 0.000000 0.000000 0.000000 0.000000 0.000000 0.000000 0.000000 -0.000000 0.000000 0.000000 0.000000 0.000000 0.000000 0.000000 0.000000 0.000000
best_predecessor : -1 -1 -1 -1 -1 -1 -1 -1 -1 -1 -1 -1 -1 -1 -1 -1 -1 -1 -1 -1 -1 -1 -1 -1 -1 -1 -1 -1 -1 -1 -1 -1 -1 -1 -1 -1 -1 -1 -1 -1 -1 -1 -1 -1 -1 -1 -1 -1 -1 -1 -1 -1 -1 -1 -1 -1 -1 -1 -1 -1 -1 -1 -1 -1 -1 -1 -1 -1 -1 -1 -1 -1 -1 -1 -1 -1 -1 -1 -1 -1 -1 -1 -1 -1 -1 -1 -1 -1 -1 -1 -1 -1 -1 -1 -1 -1 -1 -1 -1 -1 -1 -1 -1 -1 -1 -1 -1 -1 -1 -1 -1 -1 -1 -1 -1 -1 -1 -1 -1 -1 0 1078919168 -1850613195 -1879046400 -1 -1 -1 -1 -1 -1 -1 -1 -1 -1 -1 -1 -1 -1 -1 -1
best_successor : -1 -1 -1 -1 -1 -1 -1 -1 -1 -1 -1 -1 -1 -1 -1 -1 -1 -1 -1 -1 -1 -1 -1 -1 -1 -1 -1 -1 -1 -1 -1 -1 -1 -1 -1 -1 -1 -1 -1 -1 -1 -1 -1 -1 -1 -1 -1 -1 -1 -1 -1 -1 -1 -1 -1 -1 -1 -1 -1 -1 -1 -1 -1 -1 -1 -1 -1 -1 -1 -1 -1 -1 -1 -1 -1 -1 -1 -1 -1 -1 -1 -1 -1 -1 -1 -1 -1 -1 -1 -1 -1 -1 -1 -1 -1 -1 -1 -1 -1 -1 -1 -1 -1 -1 -1 -1 -1 -1 -1 -1 -1 -1 -1 -1 -1 -1 -1 -1 -1 -1 0 1079705600 -1873354152 -1879045632 2 41 50 45 0 86 47 90 21 24 81 25 29 27 26 14
best_vehicle1 : -1 -1 -1 -1 -1 -1 -1 -1 -1 -1 -1 -1 -1 -1 -1 -1 -1 -1 -1 -1 0 1078132736 0 1078394880 0 1079017472 0 1078722560 0 1078394880 0 1078984704 0 1078919168 0 1079410688 0 1080213504 0 1080303616 0 1080074240 0 1080074240 0 1079590912 0 1079246848 0 1079574528 0 1078394880 0 1077870592 0 1077870592 0 1078329344 0 1077608448 0 0 0 1073741824 0 1077018624 0 1073741824 0 1075838976 0 1076494336 0 1077411840 0 1076363264 0 1079394304 0 1079164928 0 1078820864 0 1078362112 0 1078624256 0 1078558720 0 1077739520 0 1078165504 0 1077477376 0 1076953088 0 1075576832 0 1076953088 0 1076232192 0 1077084160 0 1078165504 0 1077739520 0 1077084160 0 1078099968 0 1078034432 0 1078951936 0 1080197120 0 1080287232 0 1080057856 -1852775914 -2147481600 -1 -1 2 2 128 0 0 -1 -1 2 4 64 0 0 -1 -1
best_vehicle2 : -1 -1 -1 -1 -1 -1 -1 -1 -1 -1 -1 -1 -1 -1 -1 -1 -1 -1 -1 -1 0 1080500224 0 1080729600 0 1076232192 0 0 0 1077673984 0 1077673984 0 1078853632 0 1079263232 0 1078886400 0 1079820288 0 1080049664 0 1080049664 0 1079853056 0 1080082432 0 1080303616 0 1080287232 0 1080156160 0 1080287232 0 1080369152 0 1080410112 0 1080500224 0 1080401920 0 1079115776 0 1079345152 0 1079607296 0 1079836672 0 1079705600 0 1079738368 0 1080066048 0 1079934976 0 1080098816 0 1080164352 0 1080360960 0 1080442880 0 1080393728 0 1080459264 0 1080623104 0 1080541184 0 1080459264 0 1080606720 0 1080590336 0 1080819712 0 1076953088 0 1077673984 0 0 0 0 0 1077936128 0 1078624256 0 1077968896 0 1079361536 0 1079607296 -1857034929 -1879047936 10 0 10 5 10 7 7 1 15 10 1 -1 -1 -1 -1 -1
second_best_vehicle1 : -1 -1 -1 -1 -1 -1 -1 -1 -1 -1 -1 -1 -1 -1 -1 -1 -1 -1 -1 -1 0 1077936128 0 1077936128 0 0 0 1077215232 0 1072693248 0 1078689792 0 1079083008 0 1079083008 0 1078755328 0 1079148544 0 1079590912 0 1079558144 0 1079296000 0 1079558144 0 1079721984 0 1079803904 0 1079984128 0 1079787520 0 1076363264 0 1077542912 0 1078263808 0 1078722560 0 1078460416 0 1078525952 0 1079115776 0 1078919168 0 1079181312 0 1079312384 0 1079705600 0 1079869440 0 1079771136 0 1079902208 0 1080131584 0 1080049664 0 1079902208 0 1080115200 0 1080098816 0 1080328192 0 1079083008 0 1079263232 0 1078624256 0 1078624256 0 1077215232 0 0 0 1077149696 0 1078001664 0 1078493184 0 1078493184 0 1078067200 0 1078624256 0 1079246848 -1861360975 -1879047424 -1 -1 -1 -1 -1 -1 -1 -1 -1 -1 -1 -1 -1 -1 -1 -1
second_best_vehicle2 : -1 -1 -1 -1 -1 -1 -1 -1 -1 -1 -1 -1 -1 -1 -1 -1 -1 -1 -1 -1 0 1077608448 0 1077739520 0 1078558720 0 1078231040 0 1078689792 0 1078951936 0 1079361536 0 1079525376 0 1079427072 0 1079558144 0 1079885824 0 1079721984 0 1079558144 0 1079853056 0 1079820288 0 1080156160 0 1078525952 0 1078886400 0 1077968896 0 1077968896 0 1072693248 0 1077149696 0 0 0 1078657024 0 1079066624 0 1079066624 0 1078722560 0 1079132160 0 1079574528 0 1079541760 0 1079279616 0 1079541760 0 1079705600 0 1079787520 0 1079967744 0 1079771136 0 1076232192 0 1077477376 0 1078231040 0 1078689792 0 1078427648 0 1078493184 0 1079099392 0 1078886400 0 1079164928 0 1079296000 0 1079689216 0 1079853056 0 1079754752 0 1079885824 0 1080123392 -1846746478 -1879047168 4 81 0 83 20 25 86 27 28 29 90 -1 -1 -1 -1 -1
best_terminal1 : -1 -1 -1 -1 -1 -1 -1 -1 -1 -1 -1 -1 -1 -1 -1 -1 -1 -1 -1 -1 0 0 -1857596472 -2147482112 -1 -1 -1 -1 1048604 8200 1200 1703936 33022 0 2039733426 718722713 0 0 0 0 0 0 0 0 0 0 -1857989694 -1879046400 404274480 582 404274480 582 0 0 1 0 1 0 404262656 582 0 0 9 0 0 0 1 0 0 0 -1856285732 -2147481600 5 10 9 11 3 13 15 0 4 16 17 19 1 2 7 6 18 14 8 12 0 0 -1856678954 -1946154752 5177420 4259907 4259916 5242960 4259908 4259924 4390973 6029370 7536725 7471205 6029427 7209061 7274618 6029428 7340097 4456560 7602273 6029409 7274572 6357091 108 0 -1859169328 -1946154496 5439573 5374021 5177412 4259917 5111881 5374047 4259919 4784205 4653134 5374032 4587599 4980809 3997765 4259916 5505104 5242959 4849709 4587597 3211342 4456521
best_terminal2 : -1 -1 -1 -1 -1 -1 -1 -1 -1 -1 -1 -1 -1 -1 -1 -1 -1 -1 -1 -1 1 0 -1857203250 -1879046912 -1 -1 -1 -1 -1 -1 -1 -1 -1 -1 -1 -1 -1 -1 -1 -1 -1 -1 -1 -1 0 0 -1857596472 -2147482112 -1 -1 -1 -1 1048604 8200 1200 1703936 33022 0 2039733426 718722713 0 0 0 0 0 0 0 0 0 0 -1857989694 -1879046400 404274480 582 404274480 582 0 0 1 0 1 0 404262656 582 0 0 9 0 0 0 1 0 0 0 -1856285732 -2147481600 5 10 9 11 3 13 15 0 4 16 17 19 1 2 7 6 18 14 8 12 0 0 -1856678954 -1946154752 5177420 4259907 4259916 5242960 4259908 4259924 4390973 6029370 7536725 7471205 6029427 7209061 7274618 6029428 7340097 4456560 7602273 6029409 7274572 6357091
request_bank_prior : 
request_bank_non_prior : 
------------------------------------------------------------

Solution format is:
total_distance
predecessor[0..n_nodes-1]
successor[0..n_nodes-1]
map_to_node[0..n_nodes-1]
map_to_request[0..n_nodes-1]
map_to_vehicle[0..n_nodes-1]
load_mobile[0..n_nodes-1]
load_wheelchair[0..n_nodes-1]
service_start[0..n_nodes-1]
earliest_time[0..n_nodes-1]
latest_time[0..n_nodes-1]
best_insertion_cost[0..n_nodes-1]
second_best_insertion_cost[0..n_nodes-1]
best_predecessor[0..n_nodes-1]
best_successor[0..n_nodes-1]
best_vehicle1[0..n_nodes-1]
best_vehicle2[0..n_nodes-1]
second_best_vehicle1[0..n_nodes-1]
second_best_vehicle2[0..n_nodes-1]
best_terminal1[0..n_nodes-1]
best_terminal2[0..n_nodes-1]
request_bank_prior (list)
request_bank_non_prior (list)

total_distance : 294.844748
predecessor : 2 41 51 45 0 86 46 90 21 24 40 -1 -1 -1 -1 -1 -1 -1 -1 -1 4 101 20 103 22 5 106 7 8 9 110 -1 -1 -1 -1 -1 -1 -1 -1 -1 60 61 62 63 64 65 66 67 68 69 70 71 72 73 74 75 76 77 78 79 27 81 42 43 44 30 25 47 48 49 26 29 52 53 54 28 56 57 58 59 -1 1 -1 3 -1 -1 6 -1 -1 -1 10 -1 -1 -1 -1 -1 -1 -1 -1 -1 -1 55 -1 50 -1 -1 23 -1 -1 -1 83 -1 -1 -1 -1 -1 -1 -1 -1 -1 0 1078788096 -2143867702 -1879046400 1 0 1 0 1 1 0 1 0 0 0 1 1 0 1 1
successor : 4 81 0 83 20 25 86 27 28 29 90 -1 -1 -1 -1 -1 -1 -1 -1 -1 22 8 24 106 9 66 70 60 75 71 65 -1 -1 -1 -1 -1 -1 -1 -1 -1 10 1 62 63 64 3 6 67 68 69 103 2 72 73 74 101 76 77 78 79 40 41 42 43 44 45 46 47 48 49 50 51 52 53 54 55 56 57 58 59 -1 61 -1 110 -1 -1 5 -1 -1 -1 7 -1 -1 -1 -1 -1 -1 -1 -1 -1 -1 21 -1 23 -1 -1 26 -1 -1 -1 30 -1 -1 -1 -1 -1 -1 -1 -1 -1 0 0 -2122503404 -1879044864 0 1 2 3 4 5 6 7 8 9 10 11 12 13 14 15
map_to_node : 0 1 2 3 4 5 6 7 8 9 10 11 12 13 14 15 16 17 18 19 20 21 22 23 24 25 26 27 28 29 30 31 32 33 34 35 36 37 38 39 40 41 42 43 44 45 46 47 48 49 50 51 52 53 54 55 56 57 58 59 40 41 42 43 44 45 46 47 48 49 50 51 52 53 54 55 56 57 58 59 -1 76 -1 98 -1 -1 97 -1 -1 -1 75 -1 -1 -1 -1 -1 -1 -1 -1 -1 -1 116 -1 107 -1 -1 108 -1 -1 -1 98 -1 -1 -1 -1 -1 -1 -1 -1 -1 0 0 -2124665867 -1879044608 11 1 11 5 11 6 6 0 15 11 0 -1 -1 -1 -1 -1
map_to_request : 0 1 2 3 4 5 6 7 8 9 10 11 12 13 14 15 16 17 18 19 0 1 2 3 4 5 6 7 8 9 10 11 12 13 14 15 16 17 18 19 -1 -1 -1 -1 -1 -1 -1 -1 -1 -1 -1 -1 -1 -1 -1 -1 -1 -1 -1 -1 -1 -1 -1 -1 -1 -1 -1 -1 -1 -1 -1 -1 -1 -1 -1 -1 -1 -1 -1 -1 0 1 2 3 4 5 6 7 8 9 10 11 12 13 14 15 16 17 18 19 0 1 2 3 4 5 6 7 8 9 10 11 12 13 14 15 16 17 18 19 0 1079083008 -2139804660 -1879046912 1 1 0 1 2 0 1 0 1 1 1 0 0 1 0 1
map_to_vehicle : 11 1 11 5 11 6 6 0 15 11 0 -1 -1 -1 -1 -1 -1 -1 -1 -1 11 15 11 10 11 6 10 0 15 11 5 -1 -1 -1 -1 -1 -1 -1 -1 -1 0 1 2 3 4 5 6 7 8 9 10 11 12 13 14 15 16 17 18 19 0 1 2 3 4 5 6 7 8 9 10 11 12 13 14 15 16 17 18 19 -1 1 -1 5 -1 -1 6 -1 -1 -1 0 -1 -1 -1 -1 -1 -1 -1 -1 -1 -1 15 -1 10 -1 -1 10 -1 -1 -1 5 -1 -1 -1 -1 -1 -1 -1 -1 -1 0 0 -2126566446 -1879044352 -1 -1 -1 -1 -1 -1 -1 -1 -1 -1 -1 -1 -1 -1 -1 -1
load_mobile : 1 1 0 1 2 0 1 0 1 1 1 0 0 1 0 1 1 2 1 1 1 0 1 0 0 0 0 0 0 0 0 0 1 0 0 0 0 1 0 0 0 0 0 0 0 0 0 0 0 0 0 0 0 0 0 0 0 0 0 0 0 0 0 0 0 0 0 0 0 0 0 0 0 0 0 0 0 0 0 0 0 0 0 0 0 0 0 0 0 0 0 0 0 0 0 0 0 0 0 0 0 1 0 1 0 0 1 0 0 0 1 0 0 0 0 0 0 0 0 0 0 1080131584 -2141967123 -1879046656 2 41 51 45 0 86 46 90 21 24 40 -1 -1 -1 -1 -1
load_wheelchair : 1 0 1 0 1 1 0 1 0 0 0 1 1 0 1 1 0 0 0 1 1 0 0 0 0 0 0 0 0 0 0 0 0 0 0 1 0 0 0 0 0 0 0 0 0 0 0 0 0 0 0 0 0 0 0 0 0 0 0 0 0 0 0 0 0 0 0 0 0 0 0 0 0 0 0 0 0 0 0 0 0 0 0 0 0 0 0 0 0 0 0 0 0 0 0 0 0 0 0 0 0 0 0 0 0 0 0 0 0 0 0 0 0 0 0 0 0 0 0 0 0 1079050240 -2146030421 -1879046144 -1 -1 -1 -1 -1 -1 -1 -1 -1 -1 -1 -1 -1 -1 -1 -1
service_start : 59.932981 43.019890 50.048520 52.325907 75.281510 94.710102 73.051847 111.125781 120.951143 115.431716 95.954587 -1.000000 -1.000000 -1.000000 -1.000000 -1.000000 -1.000000 -1.000000 -1.000000 -1.000000 92.000000 95.833699 97.823265 105.997582 105.114081 109.585308 116.217200 117.000000 124.000000 122.032456 127.589643 -1.000000 -1.000000 -1.000000 -1.000000 -1.000000 -1.000000 -1.000000 -1.000000 -1.000000 0.000000 0.000000 0.000000 0.000000 0.000000 0.000000 0.000000 0.000000 0.000000 0.000000 0.000000 0.000000 0.000000 0.000000 0.000000 0.000000 0.000000 0.000000 0.000000 0.000000 720.000000 720.000000 720.000000 720.000000 720.000000 720.000000 720.000000 720.000000 720.000000 720.000000 720.000000 720.000000 720.000000 720.000000 720.000000 720.000000 720.000000 720.000000 720.000000 720.000000 0.000000 47.000000 0.000000 59.000000 0.000000 0.000000 75.000000 0.000000 0.000000 0.000000 99.000000 0.000000 0.000000 0.000000 0.000000 0.000000 0.000000 0.000000 0.000000 0.000000 0.000000 93.382398 0.000000 104.586533 0.000000 0.000000 114.211296 0.000000 0.000000 0.000000 125.496308 0.000000 0.000000 0.000000 0.000000 0.000000 0.000000 0.000000 0.000000 0.000000 0.000000 0.000000 56.884461 32.000000 47.000000 46.000000 72.232990 78.000000 64.000000 101.525324 105.000000 104.000000 94.000000 111.021333 120.172104 118.000000 113.929946 126.054887 124.000000 135.517950
earliest_time : 56.884461 32.000000 47.000000 46.000000 72.232990 78.000000 64.000000 101.525324 105.000000 104.000000 94.000000 111.021333 120.172104 118.000000 113.929946 126.054887 124.000000 135.517950 132.000000 124.770899 88.951480 84.000000 94.053757 99.000000 99.612286 96.000000 107.000000 107.399543 109.000000 113.000000 125.000000 131.414692 129.589309 131.000000 143.902776 139.349521 131.000000 145.967544 139.000000 154.988370 0.000000 0.000000 0.000000 0.000000 0.000000 0.000000 0.000000 0.000000 0.000000 0.000000 0.000000 0.000000 0.000000 0.000000 0.000000 0.000000 0.000000 0.000000 0.000000 0.000000 136.147500 134.346751 0.000000 0.000000 0.000000 130.880510 139.057731 0.000000 0.000000 0.000000 164.097772 171.474518 0.000000 0.000000 0.000000 145.495374 0.000000 0.000000 0.000000 0.000000 0.000000 35.980110 0.000000 52.674093 0.000000 0.000000 65.948153 0.000000 0.000000 0.000000 97.045413 0.000000 0.000000 0.000000 0.000000 0.000000 0.000000 0.000000 0.000000 0.000000 0.000000 66.556535 0.000000 48.973753 0.000000 0.000000 102.389343 0.000000 0.000000 0.000000 53.674093 0.000000 0.000000 0.000000 0.000000 0.000000 0.000000 0.000000 0.000000 0.000000 0.000000 0.000000 59.932981 65.000000 50.048520 79.000000 75.281510 94.710102 86.885527 111.125781 120.951143 115.431716 103.600457 124.606641 129.204560 136.338196 125.580425 137.705366 140.950011 144.550405
latest_time : 59.932981 65.000000 50.048520 79.000000 75.281510 94.710102 86.885527 111.125781 120.951143 115.431716 103.600457 124.606641 129.204560 136.338196 125.580425 137.705366 140.950011 144.550405 148.339841 133.803355 92.000000 99.000000 104.441472 113.255232 110.000000 109.585308 118.650479 117.000000 124.000000 122.032456 140.000000 145.000000 138.621765 146.000000 156.000000 151.000000 146.000000 155.000000 154.000000 168.000000 101.555044 61.172069 720.000000 720.000000 720.000000 71.156319 85.336658 720.000000 720.000000 720.000000 109.844183 47.740333 720.000000 720.000000 720.000000 94.548699 720.000000 720.000000 720.000000 720.000000 720.000000 720.000000 720.000000 720.000000 720.000000 720.000000 720.000000 720.000000 720.000000 720.000000 720.000000 720.000000 720.000000 720.000000 720.000000 720.000000 720.000000 720.000000 720.000000 720.000000 1440.000000 137.758967 1440.000000 136.906666 1440.000000 1440.000000 88.833680 1440.000000 1440.000000 1440.000000 106.645870 1440.000000 1440.000000 1440.000000 1440.000000 1440.000000 1440.000000 1440.000000 1440.000000 1440.000000 1440.000000 96.548699 1440.000000 111.844183 1440.000000 1440.000000 116.644575 1440.000000 1440.000000 1440.000000 137.906666 1440.000000 1440.000000 1440.000000 1440.000000 1440.000000 1440.000000 1440.000000 1440.000000 1440.000000 0.000000 0.000000 11945276811787873834879520682099149778215010742258698955816977971759951396086890291239630595559480360960.000000 0.000000 0.000000 0.000000 31799973150321151792727175906534378646497981659760147795464421376.000000 0.000000 0.000000 0.000000 0.000000 0.000000 0.000000 -72898525382317509631033248185142778056737567453975131295413045222232010406672675768151007132777688624419920692571694633330933760.000000 180869916597469600.000000 0.000000 0.000000 0.000000 0.000000 nan
best_insertion_cost : 1000.000000 1000.000000 1000.000000 1000.000000 1000.000000 1000.000000 1000.000000 1000.000000 1000.000000 1000.000000 1000.000000 1000.000000 1000.000000 1000.000000 1000.000000 1000.000000 1000.000000 1000.000000 1000.000000 1000.000000 38.000000 -0.000000 2.360228 0.000000 2.328997 0.000000 0.000000 4.039389 3.591866 2.100603 3.516185 4.687513 5.178970 0.000000 2.739398 0.000000 0.000000 0.835681 3.440186 1.629656 4.223873 3.667666 18.000000 -0.000000 3.040053 6.245688 3.056790 0.000000 0.000000 5.328260 3.073258 2.745972 3.178050 4.938921 3.194595 0.000000 4.394834 0.000000 0.000000 1.012896 2.996450 1.476042 4.219024 4.245771 19.000000 -0.000000 2951280107730783811503171422287652952774906640816988848273678265403724702360063616915499381402842719697804397889167844785243552484889975259022665352638443033190752502102837183496005869274360591376568708366667818895432220672.000000 0.000000 2595772935336981172544926398419832168754818983956127455887190850511845148331914767534887701117292597259872591129494896514728192932894981875443405785314865684309593572882023106854677132909603668755264426710526792345614962539932144805969082578556912307857554014551932928.000000 0.000000 0.000000 171439353999200940158348123320392185987432946703053487162227579556665192292170817647551282654343371372115486984654181073341167739338581353606335748694330727989248.000000 36204823500631764649195717450617760714214726605286198541626684137516254253420757720584454484271934623904844084521751390035760844967538425404090542170116248984403706362756038034232220143968274176046708161478586810689523041251448884005313047117635485657849013469184.000000 0.000000 11285566333732930028973188189277889977366160233611555045103918619847815913961094663278154662986068319245821022307517308668751633442093109096106573931906609821510005693360599865004929316439011121706840982533703509116028548183854529347606664206747468756848601679530689912629100544.000000 11647794053640510336818983510093186900085726598581063921561868816632656673318367316377234583699685132829895618919473690469311661042881001513531939487744.000000 41734011269589572527444084777261148503945724443796622378802781814909430766378850049523093359234233904825688827032218656495885137707278999611093319340477998440227265627557698749265639734156222651170816.000000 52530112958070291580863634451555561597838875316346638948648268032791198621832343502791275523480345378816.000000 259459196081543599141029834769752493467836026935243989129555305102434060980912668311428806775278945260938673427512712088336011988488122010232332760781302366470144.000000 129148970806140741706892176624881074037644563968037373368665906202472873984.000000 5719866883324519162160244771653561034415805192155408853912486669956103385421179338222363030268728665597111844204469633310359968108057193867863811409927623540088826535268123163692486863492410755732302574453165104460331768382226432.000000 21168642581315719785564393763039529191481990889431692053647536940664655031692540526985216.000000 50475870900951068923607914056293355296335725320545629998881255175784659312080632879942429760391460065849747647014375613923229415049328596885130727785905727703011826479688263087103624570291620492541485718173361033568722092032.000000 0.000000 5709378132463698067892644153598312370404425770792651041231131237770640538250493573113503696569432465764222903225117853818863005283688002987100447716698393750610073275317631913942587634067389451658383620548879543601238797791002624.000000 0.000444 26.000000 -0.000000 0.971659 1.122235 0.599099 0.304046 0.959691 0.785224 0.273237 0.318998 0.769353 0.582697 0.470578 0.423042 0.555238 0.157313 1000.000000 1000.000000 0.210858 0.346294 0.758088 0.362463 132.000000 -0.000000 2.262687 6.435165 1.951803 0.000000 4.476758 4.681311 2.511968 2.816724 2.753010 5.002658 3.084331 0.000000 3.225722 8.935373 9.263462 1.027172 3.281618 1.354394 3.740454 3.374084 41.000000 -0.000000 2951280107730783811503171422287652952774906640816988848273678265403724702360063616915499381402842719697804397889167844785243552484889975259022665352638443033190752502102837183496005869274360591376568708366667818895432220672.000000 0.000000 2595772935336981172544926398419832168754818983956127455887190850511845148331914767534887701117292597259872591129494896514728192932894981875443405785314865684309593572882023106854677132909603668755264426710526792345614962539932144805969082578556912307857554014551932928.000000 0.000000 0.000000 171439353999200940158348123320392185987432946703053487162227579556665192292170817647551282654343371372115486984654181073341167739338581353606335748694330727989248.000000 36204823500631764649195717450617760714214726605286198541626684137516254253420757720584454484271934623904844084521751390035760844967538425404090542170116248984403706362756038034232220143968274176046708161478586810689523041251448884005313047117635485657849013469184.000000 0.000000
second_best_insertion_cost : 1000.000000 1000.000000 1000.000000 1000.000000 1000.000000 1000.000000 1000.000000 1000.000000 1000.000000 1000.000000 1000.000000 1000.000000 1000.000000 1000.000000 1000.000000 1000.000000 1000.000000 1000.000000 1000.000000 1000.000000 58.000000 -0.000000 2951280107730783811503171422287652952774906640816988848273678265403724702360063616915499381402842719697804397889167844785243552484889975259022665352638443033190752502102837183496005869274360591376568708366667818895432220672.000000 0.000000 2595772935336981172544926398419832168754818983956127455887190850511845148331914767534887701117292597259872591129494896514728192932894981875443405785314865684309593572882023106854677132909603668755264426710526792345614962539932144805969082578556912307857554014551932928.000000 0.000000 0.000000 171439353999200940158348123320392185987432946703053487162227579556665192292170817647551282654343371372115486984654181073341167739338581353606335748694330727989248.000000 36204823500631764649195717450617760714214726605286198541626684137516254253420757720584454484271934623904844084521751390035760844967538425404090542170116248984403706362756038034232220143968274176046708161478586810689523041251448884005313047117635485657849013469184.000000 0.000000 11285566333732930028973188189277889977366160233611555045103918619847815913961094663278154662986068319245821022307517308668751633442093109096106573931906609821510005693360599865004929316439011121706840982533703509116028548183854529347606664206747468756848601679530689912629100544.000000 11647794053640510336818983510093186900085726598581063921561868816632656673318367316377234583699685132829895618919473690469311661042881001513531939487744.000000 41734011269589572527444084777261148503945724443796622378802781814909430766378850049523093359234233904825688827032218656495885137707278999611093319340477998440227265627557698749265639734156222651170816.000000 52530112958070291580863634451555561597838875316346638948648268032791198621832343502791275523480345378816.000000 259459196081543599141029834769752493467836026935243989129555305102434060980912668311428806775278945260938673427512712088336011988488122010232332760781302366470144.000000 129148970806140741706892176624881074037644563968037373368665906202472873984.000000 5719866883324519162160244771653561034415805192155408853912486669956103385421179338222363030268728665597111844204469633310359968108057193867863811409927623540088826535268123163692486863492410755732302574453165104460331768382226432.000000 21168642581315719785564393763039529191481990889431692053647536940664655031692540526985216.000000 50475870900951068923607914056293355296335725320545629998881255175784659312080632879942429760391460065849747647014375613923229415049328596885130727785905727703011826479688263087103624570291620492541485718173361033568722092032.000000 0.000000 5709378132463698067892644153598312370404425770792651041231131237770640538250493573113503696569432465764222903225117853818863005283688002987100447716698393750610073275317631913942587634067389451658383620548879543601238797791002624.000000 0.000444 102.000000 -0.000000 2951280107730783811503171422287652952774906640816988848273678265403724702360063616915499381402842719697804397889167844785243552484889975259022665352638443033190752502102837183496005869274360591376568708366667818895432220672.000000 0.000000 2595772935336981172544926398419832168754818983956127455887190850511845148331914767534887701117292597259872591129494896514728192932894981875443405785314865684309593572882023106854677132909603668755264426710526792345614962539932144805969082578556912307857554014551932928.000000 0.000000 0.000000 171439353999200940158348123320392185987432946703053487162227579556665192292170817647551282654343371372115486984654181073341167739338581353606335748694330727989248.000000 36204823500631764649195717450617760714214726605286198541626684137516254253420757720584454484271934623904844084521751390035760844967538425404090542170116248984403706362756038034232220143968274176046708161478586810689523041251448884005313047117635485657849013469184.000000 0.000000 11285566333732930028973188189277889977366160233611555045103918619847815913961094663278154662986068319245821022307517308668751633442093109096106573931906609821510005693360599865004929316439011121706840982533703509116028548183854529347606664206747468756848601679530689912629100544.000000 11647794053640510336818983510093186900085726598581063921561868816632656673318367316377234583699685132829895618919473690469311661042881001513531939487744.000000 41734011269589572527444084777261148503945724443796622378802781814909430766378850049523093359234233904825688827032218656495885137707278999611093319340477998440227265627557698749265639734156222651170816.000000 52530112958070291580863634451555561597838875316346638948648268032791198621832343502791275523480345378816.000000 259459196081543599141029834769752493467836026935243989129555305102434060980912668311428806775278945260938673427512712088336011988488122010232332760781302366470144.000000 129148970806140741706892176624881074037644563968037373368665906202472873984.000000 5719866883324519162160244771653561034415805192155408853912486669956103385421179338222363030268728665597111844204469633310359968108057193867863811409927623540088826535268123163692486863492410755732302574453165104460331768382226432.000000 21168642581315719785564393763039529191481990889431692053647536940664655031692540526985216.000000 50475870900951068923607914056293355296335725320545629998881255175784659312080632879942429760391460065849747647014375613923229415049328596885130727785905727703011826479688263087103624570291620492541485718173361033568722092032.000000 0.000000 5709378132463698067892644153598312370404425770792651041231131237770640538250493573113503696569432465764222903225117853818863005283688002987100447716698393750610073275317631913942587634067389451658383620548879543601238797791002624.000000 0.000444 22.000000 -0.000000 2951280107730783811503171422287652952774906640816988848273678265403724702360063616915499381402842719697804397889167844785243552484889975259022665352638443033190752502102837183496005869274360591376568708366667818895432220672.000000 0.000000 2595772935336981172544926398419832168754818983956127455887190850511845148331914767534887701117292597259872591129494896514728192932894981875443405785314865684309593572882023106854677132909603668755264426710526792345614962539932144805969082578556912307857554014551932928.000000 0.000000 0.000000 171439353999200940158348123320392185987432946703053487162227579556665192292170817647551282654343371372115486984654181073341167739338581353606335748694330727989248.000000 36204823500631764649195717450617760714214726605286198541626684137516254253420757720584454484271934623904844084521751390035760844967538425404090542170116248984403706362756038034232220143968274176046708161478586810689523041251448884005313047117635485657849013469184.000000 0.000000 11285566333732930028973188189277889977366160233611555045103918619847815913961094663278154662986068319245821022307517308668751633442093109096106573931906609821510005693360599865004929316439011121706840982533703509116028548183854529347606664206747468756848601679530689912629100544.000000 11647794053640510336818983510093186900085726598581063921561868816632656673318367316377234583699685132829895618919473690469311661042881001513531939487744.000000 41734011269589572527444084777261148503945724443796622378802781814909430766378850049523093359234233904825688827032218656495885137707278999611093319340477998440227265627557698749265639734156222651170816.000000 52530112958070291580863634451555561597838875316346638948648268032791198621832343502791275523480345378816.000000 259459196081543599141029834769752493467836026935243989129555305102434060980912668311428806775278945260938673427512712088336011988488122010232332760781302366470144.000000 129148970806140741706892176624881074037644563968037373368665906202472873984.000000 5719866883324519162160244771653561034415805192155408853912486669956103385421179338222363030268728665597111844204469633310359968108057193867863811409927623540088826535268123163692486863492410755732302574453165104460331768382226432.000000 21168642581315719785564393763039529191481990889431692053647536940664655031692540526985216.000000 50475870900951068923607914056293355296335725320545629998881255175784659312080632879942429760391460065849747647014375613923229415049328596885130727785905727703011826479688263087103624570291620492541485718173361033568722092032.000000 0.000000 5709378132463698067892644153598312370404425770792651041231131237770640538250493573113503696569432465764222903225117853818863005283688002987100447716698393750610073275317631913942587634067389451658383620548879543601238797791002624.000000 0.000444 56.000000 -0.000000 0.630101 0.898138 0.358302 0.940260 0.369804 0.534512 0.518911 0.369277 0.684112 0.263423 0.213524 0.222949 1000.000000 0.497220 1000.000000 0.344208 0.329098 1000.000000 0.611941 1000.000000 19.000000 -0.000000 2951280107730783811503171422287652952774906640816988848273678265403724702360063616915499381402842719697804397889167844785243552484889975259022665352638443033190752502102837183496005869274360591376568708366667818895432220672.000000 0.000000 2595772935336981172544926398419832168754818983956127455887190850511845148331914767534887701117292597259872591129494896514728192932894981875443405785314865684309593572882023106854677132909603668755264426710526792345614962539932144805969082578556912307857554014551932928.000000 0.000000 0.000000 171439353999200940158348123320392185987432946703053487162227579556665192292170817647551282654343371372115486984654181073341167739338581353606335748694330727989248.000000 36204823500631764649195717450617760714214726605286198541626684137516254253420757720584454484271934623904844084521751390035760844967538425404090542170116248984403706362756038034232220143968274176046708161478586810689523041251448884005313047117635485657849013469184.000000 0.000000 11285566333732930028973188189277889977366160233611555045103918619847815913961094663278154662986068319245821022307517308668751633442093109096106573931906609821510005693360599865004929316439011121706840982533703509116028548183854529347606664206747468756848601679530689912629100544.000000 11647794053640510336818983510093186900085726598581063921561868816632656673318367316377234583699685132829895618919473690469311661042881001513531939487744.000000 41734011269589572527444084777261148503945724443796622378802781814909430766378850049523093359234233904825688827032218656495885137707278999611093319340477998440227265627557698749265639734156222651170816.000000 52530112958070291580863634451555561597838875316346638948648268032791198621832343502791275523480345378816.000000 259459196081543599141029834769752493467836026935243989129555305102434060980912668311428806775278945260938673427512712088336011988488122010232332760781302366470144.000000 129148970806140741706892176624881074037644563968037373368665906202472873984.000000 5719866883324519162160244771653561034415805192155408853912486669956103385421179338222363030268728665597111844204469633310359968108057193867863811409927623540088826535268123163692486863492410755732302574453165104460331768382226432.000000 21168642581315719785564393763039529191481990889431692053647536940664655031692540526985216.000000 50475870900951068923607914056293355296335725320545629998881255175784659312080632879942429760391460065849747647014375613923229415049328596885130727785905727703011826479688263087103624570291620492541485718173361033568722092032.000000 0.000000 5709378132463698067892644153598312370404425770792651041231131237770640538250493573113503696569432465764222903225117853818863005283688002987100447716698393750610073275317631913942587634067389451658383620548879543601238797791002624.000000 0.000444 17.000000 -0.000000 1000.000000 1000.000000 1000.000000 1000.000000 1000.000000 1000.000000 1000.000000 1000.000000
best_predecessor : -1 -1 -1 -1 -1 -1 -1 -1 -1 -1 -1 -1 -1 -1 -1 -1 -1 -1 -1 -1 -1 -1 -1 -1 -1 -1 -1 -1 -1 -1 -1 -1 -1 -1 -1 -1 -1 -1 -1 -1 -1 -1 -1 -1 -1 -1 -1 -1 -1 -1 -1 -1 -1 -1 -1 -1 -1 -1 -1 -1 -1 -1 -1 -1 -1 -1 -1 -1 -1 -1 -1 -1 -1 -1 -1 -1 -1 -1 -1 -1 -1 -1 -1 -1 -1 -1 -1 -1 -1 -1 -1 -1 -1 -1 -1 -1 -1 -1 -1 -1 -1 -1 -1 -1 -1 -1 -1 -1 -1 -1 -1 -1 -1 -1 -1 -1 -1 -1 -1 -1 0 0 -2117063831 -1879045632 -1 -1 -1 -1 -1 -1 -1 -1 -1 -1 -1 -1 -1 -1 -1 -1
best_successor : -1 -1 -1 -1 -1 -1 -1 -1 -1 -1 -1 -1 -1 -1 -1 -1 -1 -1 -1 -1 -1 -1 -1 -1 -1 -1 -1 -1 -1 -1 -1 -1 -1 -1 -1 -1 -1 -1 -1 -1 -1 -1 -1 -1 -1 -1 -1 -1 -1 -1 -1 -1 -1 -1 -1 -1 -1 -1 -1 -1 -1 -1 -1 -1 -1 -1 -1 -1 -1 -1 -1 -1 -1 -1 -1 -1 -1 -1 -1 -1 -1 -1 -1 -1 -1 -1 -1 -1 -1 -1 -1 -1 -1 -1 -1 -1 -1 -1 -1 -1 -1 -1 -1 -1 -1 -1 -1 -1 -1 -1 -1 -1 -1 -1 -1 -1 -1 -1 -1 -1 0 0 -2118964394 -2147480832 -1 -1 2 2 128 0 0 -1 -1 2 4 64 0 0 -1 -1
best_vehicle1 : -1 -1 -1 -1 -1 -1 -1 -1 -1 -1 -1 -1 -1 -1 -1 -1 -1 -1 -1 -1 0 1078525952 0 1077739520 0 1078493184 0 1075052544 0 1077149696 0 1077149696 0 1075576832 0 1077411840 0 1078558720 0 1078493184 0 1077968896 0 1078493184 0 1078820864 0 1078984704 0 1079164928 0 1078951936 0 1078132736 0 1077411840 0 1075838976 0 1075314688 0 1073741824 0 0 0 1077280768 0 1076363264 0 1077542912 0 1078001664 0 1078788096 0 1079050240 0 1078919168 0 1079083008 0 1079410688 0 1079246848 0 1079083008 0 1079377920 0 1079345152 0 1079803904 0 1079918592 0 1080066048 0 1079640064 0 1079640064 0 1079115776 0 1078558720 0 1079099392 0 1076953088 0 1073741824 0 1073741824 0 1076756480 0 1073741824 0 1077739520 0 1077608448 0 1076232192 -2134299264 -1879047936 -1 -1 -1 -1 -1 -1 -1 -1 -1 -1 -1 -1 -1 -1 -1 -1
best_vehicle2 : -1 -1 -1 -1 -1 -1 -1 -1 -1 -1 -1 -1 -1 -1 -1 -1 -1 -1 -1 -1 0 0 0 0 0 0 0 0 0 0 0 0 0 0 0 0 0 0 0 0 0 0 0 0 0 0 0 0 0 0 0 0 0 0 0 0 0 0 0 0 0 0 0 0 0 0 0 0 0 0 0 0 0 0 0 0 0 0 0 0 0 0 0 0 0 0 0 0 0 0 0 0 0 0 0 0 0 0 0 0 0 0 0 0 0 0 0 0 0 0 0 0 0 0 0 0 0 0 0 0 0 0 0 0 0 0 0 0 0 0 0 0 0 0 0 0 0 0 0 0
second_best_vehicle1 : -1 -1 -1 -1 -1 -1 -1 -1 -1 -1 -1 -1 -1 -1 -1 -1 -1 -1 -1 -1 0 0 0 1076101120 0 1074790400 0 1076363264 0 1078067200 0 1078394880 0 1078198272 0 1078460416 0 1079050240 0 1078788096 0 1078460416 0 1079017472 0 1078984704 0 1079443456 0 1079754752 0 1079934976 0 1079476224 0 1079476224 0 1078919168 0 1078231040 0 1078886400 0 1075576832 0 1075838976 0 1075838976 0 1075052544 0 1076363264 0 1078165504 0 1078099968 0 1077215232 0 1078099968 0 1078427648 0 1078591488 0 1078951936 0 1078558720 0 1078525952 0 1078067200 0 1077149696 0 1075314688 0 1076625408 0 1076363264 0 1076101120 0 0 0 1076625408 0 1077280768 0 1078394880 0 1078722560 0 1078525952 0 1078788096 0 1079214080 0 1079050240 0 1078788096 -2136462239 -1879047680 -1 -1 -1 -1 -1 -1 -1 -1 -1 -1 -1 -1 -1 -1 -1 -1
second_best_vehicle2 : -1 -1 -1 -1 -1 -1 -1 -1 -1 -1 -1 -1 -1 -1 -1 -1 -1 -1 -1 -1 0 1080000512 0 1079771136 0 1079508992 0 1079279616 0 1079410688 0 1079377920 0 1079017472 0 1079181312 0 1078919168 0 1078657024 0 1077805056 0 1077149696 0 1077542912 0 1077018624 0 1073741824 0 1075838976 0 1077018624 0 0 0 1073741824 0 1077542912 0 1080500224 0 1080590336 0 1080360960 0 1080360960 0 1080098816 0 1079820288 0 1080090624 0 1079263232 0 1079017472 0 1079017472 0 1079230464 0 1078919168 0 1078034432 0 1078099968 0 1078624256 0 1078099968 0 1077608448 0 1077280768 0 1076232192 0 1077346304 0 1079967744 0 1079738368 0 1079476224 0 1079246848 0 1079377920 0 1079345152 0 1078984704 0 1079148544 0 1078853632 0 1078591488 0 1077673984 -2114900856 -1879045888 -1 -1 -1 -1 -1 -1 -1 -1 -1 -1 -1 -1 -1 -1 -1 -1
best_terminal1 : -1 -1 -1 -1 -1 -1 -1 -1 -1 -1 -1 -1 -1 -1 -1 -1 -1 -1 -1 -1 0 0 -2141855392 -1912594688 5374032 5111881 4522068 3997778 5242952 3145776 3539010 3145795 2621472 5242952 5177376 6684774 6488169 4849765 7602277 5242912 7274610 3538976 3604537 2687024 0 0 -2144345754 -1879040000 -1 76 -1 98 -1 -1 97 -1 -1 -1 75 -1 -1 -1 -1 -1 -1 -1 -1 -1 0 0 -2145263268 -1879039744 107580288 685 107580288 685 0 0 4 0 7 0 0 0 107844160 685 9 0 0 0 7 0 0 0 -2143559342 -1879039488 -1 -1 -1 -1 -1 -1 -1 -1 -1 -1 -1 -1 -1 -1 -1 -1 -1 -1 -1 -1 0 0 -2143428280 -1879039232 107585408 685 107585408 685 0 0 2 0 1 0 107685312 685 0 0 9 0 0 0 1 0
best_terminal2 : -1 -1 -1 -1 -1 -1 -1 -1 -1 -1 -1 -1 -1 -1 -1 -1 -1 -1 -1 -1 0 0 -2143428280 -1879039232 107585408 685 107585408 685 0 0 2 0 1 0 107685312 685 0 0 9 0 0 0 1 0 0 0 -2143821490 -1879038976 107676176 685 107676176 685 0 0 1 0 3 0 107684160 685 107685328 685 9 0 0 0 3 0 0 0 -2146836156 -1879038720 107678096 685 107678096 685 0 0 1 0 4 0 107683968 685 107684176 685 9 0 0 0 4 0 0 0 -2147229382 -1879038464 107583488 685 107583488 685 0 0 5 0 3 0 0 0 107589792 685 9 0 0 0 3 0 0 0 -2147098320 -1979701504 6881357 7471203 7536751 6684783 4259956 6488163 7667823 7602286 6619228 7995502 3014767 6815860 7536741 6881395 7667813 7274560 7602293 7274604 7012463 6488110
request_bank_prior : 
request_bank_non_prior : 
------------------------------------------------------------

