Solution format is:
total_distance
predecessor[0..n_nodes-1]
successor[0..n_nodes-1]
map_to_node[0..n_nodes-1]
map_to_request[0..n_nodes-1]
map_to_vehicle[0..n_nodes-1]
load_mobile[0..n_nodes-1]
load_wheelchair[0..n_nodes-1]
service_start[0..n_nodes-1]
earliest_time[0..n_nodes-1]
latest_time[0..n_nodes-1]
best_insertion_cost[0..n_nodes-1]
second_best_insertion_cost[0..n_nodes-1]
best_predecessor[0..n_nodes-1]
best_successor[0..n_nodes-1]
best_vehicle1[0..n_nodes-1]
best_vehicle2[0..n_nodes-1]
second_best_vehicle1[0..n_nodes-1]
second_best_vehicle2[0..n_nodes-1]
best_terminal1[0..n_nodes-1]
best_terminal2[0..n_nodes-1]
request_bank_prior (list)
request_bank_non_prior (list)

total_distance : 118.173217
predecessor : 46 56 12 5 6 43 20 42 3 11 88 27 1 24 2 22 30 15 28 21 0 35 94 10 26 16 4 7 108 9 23 29 19 13 114 17 25 39 18 32 60 61 62 63 64 65 66 67 68 69 70 71 72 73 74 75 76 77 78 79 40 41 31 36 44 45 33 47 48 49 50 51 52 53 34 55 37 57 58 59 -1 -1 -1 -1 -1 -1 -1 -1 8 -1 -1 -1 -1 -1 14 -1 -1 -1 -1 -1 -1 -1 -1 -1 -1 -1 -1 -1 54 -1 -1 -1 -1 -1 38 -1 -1 -1 -1 -1 0 0 -2096382845 -2147477071 0 0 0 0 0 0 0 0 0 0 0 0 0 0 0 0
successor : 20 12 14 8 26 3 4 27 88 29 23 9 2 33 94 17 25 35 38 32 6 19 15 30 13 36 24 11 18 31 16 62 39 66 74 21 63 76 114 37 60 61 7 5 64 65 0 67 68 69 70 71 72 73 108 75 1 77 78 79 40 41 42 43 44 45 46 47 48 49 50 51 52 53 54 55 56 57 58 59 -1 -1 -1 -1 -1 -1 -1 -1 10 -1 -1 -1 -1 -1 22 -1 -1 -1 -1 -1 -1 -1 -1 -1 -1 -1 -1 -1 28 -1 -1 -1 -1 -1 34 -1 -1 -1 -1 -1 0 1079476224 -2069972236 -1879038464 6 16 16 3 6 3 6 2 3 2 3 2 16 6 16 16
map_to_node : 0 1 2 3 4 5 6 7 8 9 10 11 12 13 14 15 16 17 18 19 20 21 22 23 24 25 26 27 28 29 30 31 32 33 34 35 36 37 38 39 40 41 42 43 44 45 46 47 48 49 50 51 52 53 54 55 56 57 58 59 40 41 42 43 44 45 46 47 48 49 50 51 52 53 54 55 56 57 58 59 -1 -1 -1 -1 -1 -1 -1 -1 94 -1 -1 -1 -1 -1 87 -1 -1 -1 -1 -1 -1 -1 -1 -1 -1 -1 -1 -1 121 -1 -1 -1 -1 -1 75 -1 -1 -1 -1 -1 0 0 -2137014537 -1879046912 -1 -1 -1 -1 -1 -1 -1 -1 -1 -1 -1 -1 -1 -1 -1 -1
map_to_request : 0 1 2 3 4 5 6 7 8 9 10 11 12 13 14 15 16 17 18 19 0 1 2 3 4 5 6 7 8 9 10 11 12 13 14 15 16 17 18 19 -1 -1 -1 -1 -1 -1 -1 -1 -1 -1 -1 -1 -1 -1 -1 -1 -1 -1 -1 -1 -1 -1 -1 -1 -1 -1 -1 -1 -1 -1 -1 -1 -1 -1 -1 -1 -1 -1 -1 -1 0 1 2 3 4 5 6 7 8 9 10 11 12 13 14 15 16 17 18 19 0 1 2 3 4 5 6 7 8 9 10 11 12 13 14 15 16 17 18 19 0 1077346304 -2057782978 -2147472384 -1 -1 2 2 128 0 0 -1 -1 2 4 64 0 0 -1 -1
map_to_vehicle : 6 16 16 3 6 3 6 2 3 2 3 2 16 6 16 16 3 16 14 16 6 16 16 3 6 3 6 2 14 2 3 2 16 6 14 16 3 16 14 16 0 1 2 3 4 5 6 7 8 9 10 11 12 13 14 15 16 17 18 19 0 1 2 3 4 5 6 7 8 9 10 11 12 13 14 15 16 17 18 19 -1 -1 -1 -1 -1 -1 -1 -1 3 -1 -1 -1 -1 -1 16 -1 -1 -1 -1 -1 -1 -1 -1 -1 -1 -1 -1 -1 14 -1 -1 -1 -1 -1 14 -1 -1 -1 -1 -1 0 1075576832 -2067940651 -1879038208 -1 -1 -1 -1 -1 -1 -1 -1 -1 -1 -1 -1 -1 -1 -1 -1
load_mobile : 0 1 2 1 2 1 1 1 2 1 2 0 2 1 3 2 2 2 1 2 0 1 2 2 0 1 1 0 0 0 1 0 1 0 0 2 0 0 0 0 0 0 0 0 0 0 0 0 0 0 0 0 0 0 0 0 0 0 0 0 0 0 0 0 0 0 0 0 0 0 0 0 0 0 0 0 0 0 0 0 0 0 0 0 0 0 0 0 1 0 0 0 0 0 2 0 0 0 0 0 0 0 0 0 0 0 0 0 1 0 0 0 0 0 1 0 0 0 0 0 0 1074790400 -2061846160 -1879037440 -1 -1 -1 -1 -1 -1 -1 -1 -1 -1 -1 -1 -1 -1 -1 -1
load_wheelchair : 1 0 1 1 0 0 0 0 1 1 1 1 0 0 1 1 0 2 0 1 0 1 0 0 0 0 0 0 0 1 0 0 1 0 0 1 0 0 0 1 0 0 0 0 0 0 0 0 0 0 0 0 0 0 0 0 0 0 0 0 0 0 0 0 0 0 0 0 0 0 0 0 0 0 0 0 0 0 0 0 0 0 0 0 0 0 0 0 1 0 0 0 0 0 1 0 0 0 0 0 0 0 0 0 0 0 0 0 0 0 0 0 0 0 0 0 0 0 0 0 0 1079001088 -2047624805 -2147471104 0 1078755328 0 1079197696 0 1079115776 0 1079017472 0 1078263808 0 1079017472 0 1078198272 0 1078394880
service_start : 453.535022 452.000000 454.912086 449.899395 468.000000 448.899395 466.000000 462.949003 452.899395 475.581075 459.220830 472.581075 453.912086 484.270625 457.912086 476.599582 472.894563 479.599582 496.060592 490.379350 463.000000 489.379350 466.720747 466.878758 479.000000 497.435414 471.960956 471.581075 495.000000 482.000000 471.894563 495.000000 494.049727 488.000000 502.950229 483.128545 505.843824 518.323775 499.712077 497.339208 445.000000 424.623465 460.431065 347.602600 460.000000 391.724549 109.585308 257.000000 421.189517 484.810339 369.000000 380.486401 321.000000 498.798928 486.123900 350.000000 395.591447 478.559321 487.000000 487.000000 720.000000 720.000000 720.000000 720.000000 720.000000 720.000000 720.000000 720.000000 720.000000 720.000000 720.000000 720.000000 720.000000 720.000000 720.000000 720.000000 720.000000 720.000000 720.000000 720.000000 0.000000 0.000000 0.000000 0.000000 0.000000 0.000000 0.000000 0.000000 455.000000 0.000000 0.000000 0.000000 0.000000 0.000000 461.000000 0.000000 0.000000 0.000000 0.000000 0.000000 0.000000 0.000000 0.000000 0.000000 0.000000 0.000000 0.000000 0.000000 493.157546 0.000000 0.000000 0.000000 0.000000 0.000000 501.167078 0.000000 0.000000 0.000000 0.000000 0.000000 82.000000 -0.000000 453.535022 452.000000 460.907033 456.684811 468.000000 453.000000 466.000000 462.949003 459.684811 475.581075 462.785416 472.581075 459.907033 484.270625 463.907033 479.220232 476.459149 482.220232
earliest_time : 449.000000 437.000000 454.000000 443.000000 462.464978 438.000000 461.464978 461.431065 446.000000 474.063137 459.000000 471.063137 453.000000 478.039044 457.000000 472.000000 472.673733 475.000000 490.808808 486.250805 458.464978 485.250805 465.092967 466.657928 477.039044 497.214584 470.000000 470.063137 489.808808 480.482062 471.673733 483.752358 489.921182 481.768419 497.698444 479.000000 500.572748 496.151967 494.460293 492.695676 445.000000 424.623465 460.431065 347.602600 460.000000 391.724549 109.585308 257.000000 421.189517 484.810339 369.000000 380.486401 321.000000 498.798928 486.123900 350.000000 395.591447 478.559321 487.000000 487.000000 446.000000 425.623465 486.752358 512.638838 461.000000 392.724549 493.507124 258.000000 422.189517 485.810339 372.000000 381.486401 322.000000 499.798928 498.698444 351.000000 506.220179 479.559321 488.000000 488.000000 0.000000 0.000000 0.000000 0.000000 0.000000 0.000000 0.000000 0.000000 448.100605 0.000000 0.000000 0.000000 0.000000 0.000000 460.087914 0.000000 0.000000 0.000000 0.000000 0.000000 0.000000 0.000000 0.000000 0.000000 0.000000 0.000000 0.000000 0.000000 487.966354 0.000000 0.000000 0.000000 0.000000 0.000000 495.915294 0.000000 0.000000 0.000000 0.000000 0.000000 17.981450 -0.000000 453.535022 452.000000 454.912086 449.899395 468.000000 448.899395 466.000000 462.949003 452.899395 475.581075 459.220830 472.581075 453.912086 484.270625 457.912086 476.599582 472.894563 479.599582
latest_time : 453.535022 452.000000 460.907033 456.684811 468.000000 453.000000 466.000000 462.949003 459.684811 475.581075 462.785416 472.581075 459.907033 484.270625 463.907033 479.220232 476.459149 482.220232 497.000000 496.555128 463.000000 492.000000 472.000000 470.443344 479.000000 501.000000 471.960956 471.581075 495.000000 482.000000 475.459149 495.000000 500.225506 488.000000 506.000000 485.749195 515.000000 519.000000 501.000000 503.000000 719.000000 719.000000 461.949003 452.000000 719.000000 719.000000 450.535022 719.000000 719.000000 719.000000 717.000000 719.000000 719.000000 719.000000 491.315092 719.000000 451.000000 719.000000 719.000000 719.000000 720.000000 720.000000 720.000000 720.000000 720.000000 720.000000 720.000000 720.000000 720.000000 720.000000 720.000000 720.000000 720.000000 720.000000 720.000000 720.000000 720.000000 720.000000 720.000000 720.000000 1440.000000 1440.000000 1440.000000 1440.000000 1440.000000 1440.000000 1440.000000 1440.000000 461.785416 1440.000000 1440.000000 1440.000000 1440.000000 1440.000000 466.994947 1440.000000 1440.000000 1440.000000 1440.000000 1440.000000 1440.000000 1440.000000 1440.000000 1440.000000 1440.000000 1440.000000 1440.000000 1440.000000 493.157546 1440.000000 1440.000000 1440.000000 1440.000000 1440.000000 504.216849 1440.000000 1440.000000 1440.000000 1440.000000 1440.000000 113.000000 -0.000000 453.535022 452.000000 454.912086 449.899395 468.000000 448.899395 466.000000 462.949003 452.899395 475.581075 459.220830 472.581075 453.912086 484.270625 457.912086 476.599582 472.894563 479.599582
best_insertion_cost : 1000.000000 1000.000000 1000.000000 1000.000000 1000.000000 1000.000000 1000.000000 1000.000000 1000.000000 1000.000000 1000.000000 1000.000000 1000.000000 1000.000000 1000.000000 1000.000000 1000.000000 1000.000000 1000.000000 1000.000000 158456325028530751065041141760.000000 -0.000000 2951280107730783811503171422287652952774906640816988848273678265403724702360063616915499381402842719697804397889167844785243552484889975259022665352638443033190752502102837183496005869274360591376568708366667818895432220672.000000 0.000000 2595772935336981172544926398419832168754818983956127455887190850511845148331914767534887701117292597259872591129494896514728192932894981875443405785314865684309593572882023106854677132909603668755264426710526792345614962539932144805969082578556912307857554014551932928.000000 0.000000 0.000000 171439353999200940158348123320392185987432946703053487162227579556665192292170817647551282654343371372115486984654181073341167739338581353606335748694330727989248.000000 36204823500631764649195717450617760714214726605286198541626684137516254253420757720584454484271934623904844084521751390035760844967538425404090542170116248984403706362756038034232220143968274176046708161478586810689523041251448884005313047117635485657849013469184.000000 0.000000 11285566333732930028973188189277889977366160233611555045103918619847815913961094663278154662986068319245821022307517308668751633442093109096106573931906609821510005693360599865004929316439011121706840982533703509116028548183854529347606664206747468756848601679530689912629100544.000000 11647794053640510336818983510093186900085726598581063921561868816632656673318367316377234583699685132829895618919473690469311661042881001513531939487744.000000 41734011269589572527444084777261148503945724443796622378802781814909430766378850049523093359234233904825688827032218656495885137707278999611093319340477998440227265627557698749265639734156222651170816.000000 52530112958070291580863634451555561597838875316346638948648268032791198621832343502791275523480345378816.000000 259459196081543599141029834769752493467836026935243989129555305102434060980912668311428806775278945260938673427512712088336011988488122010232332760781302366470144.000000 129148970806140741706892176624881074037644563968037373368665906202472873984.000000 5719866883324519162160244771653561034415805192155408853912486669956103385421179338222363030268728665597111844204469633310359968108057193867863811409927623540088826535268123163692486863492410755732302574453165104460331768382226432.000000 21168642581315719785564393763039529191481990889431692053647536940664655031692540526985216.000000 50475870900951068923607914056293355296335725320545629998881255175784659312080632879942429760391460065849747647014375613923229415049328596885130727785905727703011826479688263087103624570291620492541485718173361033568722092032.000000 0.000000 5709378132463698067892644153598312370404425770792651041231131237770640538250493573113503696569432465764222903225117853818863005283688002987100447716698393750610073275317631913942587634067389451658383620548879543601238797791002624.000000 0.000444 158456325028530751065041141760.000000 -0.000000 2951280107730783811503171422287652952774906640816988848273678265403724702360063616915499381402842719697804397889167844785243552484889975259022665352638443033190752502102837183496005869274360591376568708366667818895432220672.000000 0.000000 2595772935336981172544926398419832168754818983956127455887190850511845148331914767534887701117292597259872591129494896514728192932894981875443405785314865684309593572882023106854677132909603668755264426710526792345614962539932144805969082578556912307857554014551932928.000000 0.000000 0.000000 171439353999200940158348123320392185987432946703053487162227579556665192292170817647551282654343371372115486984654181073341167739338581353606335748694330727989248.000000 36204823500631764649195717450617760714214726605286198541626684137516254253420757720584454484271934623904844084521751390035760844967538425404090542170116248984403706362756038034232220143968274176046708161478586810689523041251448884005313047117635485657849013469184.000000 0.000000 11285566333732930028973188189277889977366160233611555045103918619847815913961094663278154662986068319245821022307517308668751633442093109096106573931906609821510005693360599865004929316439011121706840982533703509116028548183854529347606664206747468756848601679530689912629100544.000000 11647794053640510336818983510093186900085726598581063921561868816632656673318367316377234583699685132829895618919473690469311661042881001513531939487744.000000 41734011269589572527444084777261148503945724443796622378802781814909430766378850049523093359234233904825688827032218656495885137707278999611093319340477998440227265627557698749265639734156222651170816.000000 52530112958070291580863634451555561597838875316346638948648268032791198621832343502791275523480345378816.000000 259459196081543599141029834769752493467836026935243989129555305102434060980912668311428806775278945260938673427512712088336011988488122010232332760781302366470144.000000 129148970806140741706892176624881074037644563968037373368665906202472873984.000000 5719866883324519162160244771653561034415805192155408853912486669956103385421179338222363030268728665597111844204469633310359968108057193867863811409927623540088826535268123163692486863492410755732302574453165104460331768382226432.000000 21168642581315719785564393763039529191481990889431692053647536940664655031692540526985216.000000 50475870900951068923607914056293355296335725320545629998881255175784659312080632879942429760391460065849747647014375613923229415049328596885130727785905727703011826479688263087103624570291620492541485718173361033568722092032.000000 0.000000 5709378132463698067892644153598312370404425770792651041231131237770640538250493573113503696569432465764222903225117853818863005283688002987100447716698393750610073275317631913942587634067389451658383620548879543601238797791002624.000000 0.000444 0.000000 -0.000000 1000.000000 1000.000000 1000.000000 1000.000000 1000.000000 1000.000000 1000.000000 1000.000000 -1997.114983 1000.000000 1000.000000 1000.000000 1000.000000 1000.000000 1000.000000 -1997.114983 1000.000000 -1997.114983 1000.000000 -1997.114983 0.000000 -0.000000 1000.000000 1000.000000 1000.000000 1000.000000 1000.000000 1000.000000 1000.000000 1000.000000 1000.000000 1000.000000 1000.000000 1000.000000 1000.000000 1000.000000 1000.000000 1000.000000 1000.000000 1000.000000 1000.000000 1000.000000 0.000000 -0.000000 -13.771571 0.014929 0.736914 1.477926 0.036974 -9.373586 3.669876 3.873357 -1.300010 -15.990547 -15.485125 7.499500 4.437608 -5.274589 -1.663409 0.326798 -4.922892 5.738507 1.227376 0.013208 0.000000 -0.000000 1000.000000 1000.000000 1000.000000 1000.000000 1000.000000 1000.000000 1000.000000 1000.000000
second_best_insertion_cost : 1000.000000 1000.000000 1000.000000 1000.000000 1000.000000 1000.000000 1000.000000 1000.000000 1000.000000 1000.000000 1000.000000 1000.000000 1000.000000 1000.000000 1000.000000 1000.000000 1000.000000 1000.000000 1000.000000 1000.000000 0.000000 0.000000 0.000000 0.000000 0.000000 0.000000 0.000000 0.000000 0.000000 0.000000 0.000000 0.000000 0.000000 0.000000 0.000000 0.000000 0.000000 0.000000 0.000000 0.000000 0.000000 0.000000 0.000000 0.000000 0.000000 0.000000 4.486288 23.354911 22.019026 8.247845 19.247867 12.403695 17.865179 16.143720 5.168000 17.220733 16.255524 23.936778 2.550429 2.928641 27.159655 1.459700 2.148363 6.715889 26.413026 22.220633 5.485257 1.377588 30.967570 23.040514 18.105755 9.723946 9.115736 11.127636 4.344245 3.508000 21.974198 3.864688 9.757972 25.917564 24.989127 26.727928 21.974198 12.403695 17.220733 16.837638 34.275152 32.736311 31.249737 29.823247 28.465875 27.187976 26.001270 24.918789 23.954667 23.123712 22.440723 21.919536 21.571881 21.406216 21.426760 21.632986 22.019674 22.577557 23.294335 24.155870 25.147287 26.816153 24.819067 22.822490 20.826571 18.831518 16.837638 14.845405 12.855585 10.869502 8.889661 6.921421 4.978560 3.109029 1.595639 1.850963 3.508000 5.402413 7.352963 9.324487 11.306019 13.293083 35.595310 33.844616 32.123046 30.435539 28.788089 25.644065 24.167128 22.770201 21.468909 20.281668 19.229614 18.336032
best_predecessor : -1 -1 -1 -1 -1 -1 -1 -1 -1 -1 -1 -1 -1 -1 -1 -1 -1 -1 -1 -1 -1 -1 -1 -1 -1 -1 -1 -1 -1 -1 -1 -1 -1 -1 -1 -1 -1 -1 -1 -1 -1 -1 -1 -1 -1 -1 -1 -1 -1 -1 -1 -1 -1 -1 -1 -1 -1 -1 -1 -1 -1 -1 -1 -1 -1 -1 -1 -1 -1 -1 -1 -1 -1 -1 -1 -1 -1 -1 -1 -1 -1 -1 -1 -1 -1 -1 -1 -1 -1 -1 -1 -1 -1 -1 -1 -1 -1 -1 -1 -1 -1 -1 -1 -1 -1 -1 -1 -1 -1 -1 -1 -1 -1 -1 -1 -1 -1 -1 -1 -1 0 1078263808 -2063877485 -1879037696 0 1 2 1 2 1 1 1 2 1 2 0 2 1 3 2
best_successor : -1 -1 -1 -1 -1 -1 -1 -1 -1 -1 -1 -1 -1 -1 -1 -1 -1 -1 -1 -1 -1 -1 -1 -1 -1 -1 -1 -1 -1 -1 -1 -1 -1 -1 -1 -1 -1 -1 -1 -1 -1 -1 -1 -1 -1 -1 -1 -1 -1 -1 -1 -1 -1 -1 -1 -1 -1 -1 -1 -1 -1 -1 -1 -1 -1 -1 -1 -1 -1 -1 -1 -1 -1 -1 -1 -1 -1 -1 -1 -1 -1 -1 -1 -1 -1 -1 -1 -1 -1 -1 -1 -1 -1 -1 -1 -1 -1 -1 -1 -1 -1 -1 -1 -1 -1 -1 -1 -1 -1 -1 -1 -1 -1 -1 -1 -1 -1 -1 -1 -1 0 1076363264 -2059814575 -1879037184 0 1 2 3 4 5 6 7 8 9 10 11 12 13 14 15
best_vehicle1 : -1 -1 -1 -1 -1 -1 -1 -1 -1 -1 -1 -1 -1 -1 -1 -1 -1 -1 -1 -1 0 1077805056 0 1078067200 0 1077411840 0 1078657024 0 1078165504 0 1077215232 0 1078231040 0 1076101120 0 1078231040 0 1079017472 0 1075314688 0 1078296576 0 1078001664 0 1078067200 0 1077673984 0 0 0 1072693248 0 0 0 1076887552 0 1076101120 0 1076887552 0 0 0 1075576832 0 1077477376 0 1076101120 0 1073741824 0 1077805056 0 1074790400 0 1079656448 0 1079164928 0 1079525376 0 1078493184 0 1078460416 0 1078034432 0 1078198272 0 1078853632 0 1078689792 0 1078493184 0 1077477376 0 1078493184 0 1077346304 0 1077739520 0 1076953088 0 1078427648 0 1077936128 0 1076625408 0 1078001664 0 1074266112 0 1078001664 0 1078820864 0 1072693248 -2049656390 -1879035904 1 0 1 1 0 0 0 0 1 1 1 1 0 0 1 1
best_vehicle2 : -1 -1 -1 -1 -1 -1 -1 -1 -1 -1 -1 -1 -1 -1 -1 -1 -1 -1 -1 -1 0 1078558720 0 1078165504 0 1079099392 0 1078362112 0 1078394880 0 1076887552 0 1078132736 0 1076101120 0 1076232192 0 1077411840 0 1077084160 0 1072693248 0 1074790400 0 1076101120 0 1078001664 0 1076101120 0 1078067200 0 1077805056 0 1078263808 0 1076363264 0 1077608448 0 1078362112 0 1077477376 0 1078722560 0 1077477376 0 0 0 1078853632 0 1077346304 0 1077936128 0 1077805056 0 1078132736 0 1079017472 0 1079001088 0 1079017472 0 1078525952 0 1079181312 0 1078525952 0 1079017472 0 1078820864 0 1079427072 0 1079181312 0 1078984704 0 1079508992 0 1079083008 0 1079672832 0 1079181312 0 1079541760 0 1078525952 0 1078493184 0 1078067200 0 1078231040 -2065909070 -1879037952 -1 -1 -1 -1 -1 -1 -1 -1 -1 -1 -1 -1 -1 -1 -1 -1
second_best_vehicle1 : -1 -1 -1 -1 -1 -1 -1 -1 -1 -1 -1 -1 -1 -1 -1 -1 -1 -1 -1 -1 0 1078362112 0 1079083008 0 1076101120 0 1078427648 0 1078132736 0 1078198272 0 1077936128 0 1074790400 0 1075052544 0 1074790400 0 1077149696 0 1075314688 0 1077149696 0 1074790400 0 1076232192 0 1077215232 0 1075314688 0 1075314688 0 1077542912 0 0 0 0 -838860084 2429935 107348304 685 145219168 685 0 0 0 0 0 0 0 0 0 0 0 0 0 0 0 0 0 0 0 0 0 0 0 0 0 0 0 0 0 0 0 0 0 0 0 0 0 0 0 0 0 0 0 0 0 0 0 0 0 0 0 0 0 0 -2041530298 -2147470336 0 0 0 0 0 0 0 0 0 0 0 0 0 0 0 0
second_best_vehicle2 : -1 -1 -1 -1 -1 -1 -1 -1 -1 -1 -1 -1 -1 -1 -1 -1 -1 -1 -1 -1 0 1078394880 0 1078198272 0 1076887552 0 1078198272 0 1076625408 0 1077149696 0 1075838976 0 1078132736 0 1077346304 0 1075052544 0 1077477376 0 1075314688 0 1077477376 0 1078525952 0 1076101120 0 1077608448 0 1077018624 0 1077149696 0 1076363264 0 1076887552 0 1076756480 0 1076887552 0 0 0 1077542912 0 0 0 1076887552 0 1075970048 0 1078231040 0 1077542912 0 1076625408 0 1078394880 0 1077149696 0 1079934976 0 1079443456 0 1079803904 0 1079017472 0 1079001088 0 1078591488 0 1078755328 0 1079197696 0 1079115776 0 1079017472 0 1078263808 0 1079017472 0 1078198272 0 1078394880 0 1078001664 0 1078984704 0 1078493184 0 1077870592 0 1078558720 -2053719556 -2147471872 0 1078558720 0 1079181312 0 1076887552 0 1078624256 0 1078329344 0 1078394880 0 1078132736 0 1076101120
best_terminal1 : -1 -1 -1 -1 -1 -1 -1 -1 -1 -1 -1 -1 -1 -1 -1 -1 -1 -1 -1 -1 0 0 -2142988205 -1879045632 -1 -1 -1 -1 -1 -1 -1 -1 -1 -1 -1 -1 -1 -1 -1 -1 -1 -1 -1 -1 0 0 -2143119287 -1979708672 6881357 7471203 7536751 6684783 4259956 6488163 7667823 7602286 6619228 7995502 3014767 6815860 7536741 6881395 7667813 7274560 7602293 7274604 7012463 6488110 7143535 0 -2142726065 -2147480576 -1 -1 -1 -1 1048604 8200 1200 1703936 33022 0 2039733426 718722713 0 0 0 0 0 0 0 0 0 0 -2141808571 -1879044864 -1 -1 -1 -1 -1 -1 -1 -1 -1 -1 -1 -1 -1 -1 -1 -1 -1 -1 -1 -1 0 0 -2141415365 -1979707904 6881357 7471203 7536751 6684783 4259956 6488163 7667823 7602286 6619228 7995502 3014767 6815860 7536741 6881395 7667813 7274560 7602293 7274604 7012463 6488110
best_terminal2 : -1 -1 -1 -1 -1 -1 -1 -1 -1 -1 -1 -1 -1 -1 -1 -1 -1 -1 -1 -1 0 0 -2143119287 -1979708672 6881357 7471203 7536751 6684783 4259956 6488163 7667823 7602286 6619228 7995502 3014767 6815860 7536741 6881395 7667813 7274560 7602293 7274604 7012463 6488110 7143535 0 -2142726065 -2147480576 -1 -1 -1 -1 1048604 8200 1200 1703936 33022 0 2039733426 718722713 0 0 0 0 0 0 0 0 0 0 -2141808571 -1879044864 -1 -1 -1 -1 -1 -1 -1 -1 -1 -1 -1 -1 -1 -1 -1 -1 -1 -1 -1 -1 0 0 -2141415365 -1979707904 6881357 7471203 7536751 6684783 4259956 6488163 7667823 7602286 6619228 7995502 3014767 6815860 7536741 6881395 7667813 7274560 7602293 7274604 7012463 6488110 7143535 0 -2141546447 -1879044352 -1 -1 -1 -1 -1 -1 -1 -1 -1 -1 -1 -1 -1 -1 -1 -1 -1 -1 -1 -1
request_bank_prior : 
request_bank_non_prior : 
------------------------------------------------------------

