Solution format is:
total_distance
predecessor[0..n_nodes-1]
successor[0..n_nodes-1]
map_to_node[0..n_nodes-1]
map_to_request[0..n_nodes-1]
map_to_vehicle[0..n_nodes-1]
load_mobile[0..n_nodes-1]
load_wheelchair[0..n_nodes-1]
service_start[0..n_nodes-1]
earliest_time[0..n_nodes-1]
latest_time[0..n_nodes-1]
best_insertion_cost[0..n_nodes-1]
second_best_insertion_cost[0..n_nodes-1]
best_predecessor[0..n_nodes-1]
best_successor[0..n_nodes-1]
best_vehicle1[0..n_nodes-1]
best_vehicle2[0..n_nodes-1]
second_best_vehicle1[0..n_nodes-1]
second_best_vehicle2[0..n_nodes-1]
best_terminal1[0..n_nodes-1]
best_terminal2[0..n_nodes-1]
request_bank_prior (list)
request_bank_non_prior (list)

total_distance : 110.604091
predecessor : 40 2 53 10 1 20 5 29 27 26 49 12 58 31 -1 -1 -1 21 11 24 0 4 17 3 22 28 6 7 8 9 -1 18 38 13 -1 -1 -1 -1 33 119 60 61 62 63 64 65 66 67 68 69 70 71 72 73 74 75 76 77 78 79 25 41 42 43 44 45 46 47 48 39 50 51 52 99 54 55 56 57 32 59 -1 -1 -1 -1 -1 -1 -1 -1 -1 -1 -1 -1 -1 -1 -1 -1 -1 -1 -1 19 -1 -1 -1 -1 -1 -1 -1 -1 -1 -1 -1 -1 -1 -1 -1 -1 -1 -1 -1 23 0 1077280768 -2080167602 -1879039744 0 1 2 3 4 5 6 7 8 9 10 11 12 13 14 15
successor : 20 4 1 23 21 6 26 27 28 29 3 18 11 33 -1 -1 -1 22 31 99 5 17 24 119 19 60 9 8 25 7 -1 13 78 38 -1 -1 -1 -1 32 69 0 61 62 63 64 65 66 67 68 10 70 71 72 2 74 75 76 77 12 79 40 41 42 43 44 45 46 47 48 49 50 51 52 53 54 55 56 57 58 59 -1 -1 -1 -1 -1 -1 -1 -1 -1 -1 -1 -1 -1 -1 -1 -1 -1 -1 -1 73 -1 -1 -1 -1 -1 -1 -1 -1 -1 -1 -1 -1 -1 -1 -1 -1 -1 -1 -1 39 0 1077411840 -2090325275 -1879041024 -1 -1 -1 20 -1 -1 5 -1 27 -1 -1 -1 -1 -1 49 -1
map_to_node : 0 1 2 3 4 5 6 7 8 9 10 11 12 13 14 15 16 17 18 19 20 21 22 23 24 25 26 27 28 29 30 31 32 33 34 35 36 37 38 39 40 41 42 43 44 45 46 47 48 49 50 51 52 53 54 55 56 57 58 59 40 41 42 43 44 45 46 47 48 49 50 51 52 53 54 55 56 57 58 59 -1 -1 -1 -1 -1 -1 -1 -1 -1 -1 -1 -1 -1 -1 -1 -1 -1 -1 -1 73 -1 -1 -1 -1 -1 -1 -1 -1 -1 -1 -1 -1 -1 -1 -1 -1 -1 -1 -1 105 0 0 -2124862220 -1879045376 1 2 1 2 3 1 1 2 2 2 1 2 1 3 1 1
map_to_request : 0 1 2 3 4 5 6 7 8 9 10 11 12 13 14 15 16 17 18 19 0 1 2 3 4 5 6 7 8 9 10 11 12 13 14 15 16 17 18 19 -1 -1 -1 -1 -1 -1 -1 -1 -1 -1 -1 -1 -1 -1 -1 -1 -1 -1 -1 -1 -1 -1 -1 -1 -1 -1 -1 -1 -1 -1 -1 -1 -1 -1 -1 -1 -1 -1 -1 -1 0 1 2 3 4 5 6 7 8 9 10 11 12 13 14 15 16 17 18 19 0 1 2 3 4 5 6 7 8 9 10 11 12 13 14 15 16 17 18 19 0 1079083008 -2078136017 -1879039488 0 0 0 0 0 0 1 0 0 0 0 0 0 0 0 0
map_to_vehicle : 0 13 13 9 13 0 0 0 0 0 9 18 18 18 -1 -1 -1 13 18 13 0 13 13 9 13 0 0 0 0 0 -1 18 18 18 -1 -1 -1 -1 18 9 0 1 2 3 4 5 6 7 8 9 10 11 12 13 14 15 16 17 18 19 0 1 2 3 4 5 6 7 8 9 10 11 12 13 14 15 16 17 18 19 -1 -1 -1 -1 -1 -1 -1 -1 -1 -1 -1 -1 -1 -1 -1 -1 -1 -1 -1 13 -1 -1 -1 -1 -1 -1 -1 -1 -1 -1 -1 -1 -1 -1 -1 -1 -1 -1 -1 9 0 0 -2145178322 -1879047936 -1 -1 -1 -1 -1 -1 -1 -1 -1 -1 -1 -1 -1 -1 -1 -1
load_mobile : 1 2 1 2 3 1 1 2 2 2 1 2 1 3 1 1 2 3 3 2 0 2 2 1 1 0 1 1 1 1 0 2 0 2 1 0 0 0 1 0 0 0 0 0 0 0 0 0 0 0 0 0 0 0 0 0 0 0 0 0 0 0 0 0 0 0 0 0 0 0 0 0 0 0 0 0 0 0 0 0 0 0 0 0 0 0 0 0 0 0 0 0 0 0 0 0 0 0 0 1 0 0 0 0 0 0 0 0 0 0 0 0 0 0 0 0 0 0 0 1 0 0 -2122830635 -1879045120 -1 -1 -1 -1 -1 -1 -1 -1 -1 -1 -1 -1 -1 -1 -1 -1
load_wheelchair : 0 0 0 0 0 0 1 0 0 0 0 0 0 0 0 0 0 0 0 0 0 0 0 0 0 0 0 0 0 0 0 0 0 0 0 0 0 0 0 0 0 0 0 0 0 0 0 0 0 0 0 0 0 0 0 0 0 0 0 0 0 0 0 0 0 0 0 0 0 0 0 0 0 0 0 0 0 0 0 0 0 0 0 0 0 0 0 0 0 0 0 0 0 0 0 0 0 0 0 0 0 0 0 0 0 0 0 0 0 0 0 0 0 0 0 0 0 0 0 0 0 1075838976 -2076104436 -1879039232 -1 -1 -1 -1 -1 -1 -1 -1 -1 -1 -1 -1 -1 -1 -1 -1
service_start : 411.113167 407.000000 406.000000 423.000000 408.000000 414.000000 418.866885 428.614777 435.320161 426.394695 422.000000 439.812051 428.000000 452.000000 -1.000000 -1.000000 -1.000000 431.041178 440.812051 450.783129 413.000000 411.977227 435.000000 428.000000 449.783129 445.000000 423.394695 434.320161 438.000000 427.614777 -1.000000 447.000000 487.000000 460.000000 -1.000000 -1.000000 -1.000000 -1.000000 478.559321 484.810339 391.724549 424.623465 393.741254 347.602600 409.000000 391.724549 109.585308 257.000000 421.189517 411.071778 369.000000 380.486401 321.000000 395.000000 393.000000 350.000000 395.591447 375.000000 426.000000 435.000000 720.000000 720.000000 720.000000 720.000000 720.000000 720.000000 720.000000 720.000000 720.000000 720.000000 720.000000 720.000000 720.000000 720.000000 720.000000 720.000000 720.000000 720.000000 720.000000 720.000000 0.000000 0.000000 0.000000 0.000000 0.000000 0.000000 0.000000 0.000000 0.000000 0.000000 0.000000 0.000000 0.000000 0.000000 0.000000 0.000000 0.000000 0.000000 0.000000 455.000000 0.000000 0.000000 0.000000 0.000000 0.000000 0.000000 0.000000 0.000000 0.000000 0.000000 0.000000 0.000000 0.000000 0.000000 0.000000 0.000000 0.000000 0.000000 0.000000 478.507657 0.000000 -0.000000 405.914998 407.000000 402.902500 408.801831 408.000000 414.000000 418.866885 428.614777 435.320161 426.394695 424.000000 439.812051 428.000000 452.000000 455.000000 459.000000 458.854602 436.623115
earliest_time : 400.000000 399.000000 398.000000 415.071778 400.000000 402.886833 414.000000 428.220082 434.925466 426.000000 414.071778 428.000000 427.000000 441.187949 438.000000 444.000000 439.000000 424.000000 434.000000 437.000000 401.886833 403.000000 427.958822 419.269947 434.909872 439.208140 418.527810 433.925466 437.605305 427.220082 437.000000 440.187949 471.436748 447.460983 448.000000 447.502054 451.000000 465.000000 463.744123 461.699896 391.724549 424.623465 393.741254 347.602600 409.000000 391.724549 109.585308 257.000000 421.189517 411.071778 369.000000 380.486401 321.000000 395.000000 393.000000 350.000000 395.591447 375.000000 426.000000 435.000000 443.137316 448.502054 394.741254 348.602600 412.000000 392.724549 112.585308 258.000000 422.189517 470.085424 372.000000 381.486401 322.000000 469.041450 394.000000 351.000000 396.591447 378.000000 477.936096 436.000000 0.000000 0.000000 0.000000 0.000000 0.000000 0.000000 0.000000 0.000000 0.000000 0.000000 0.000000 0.000000 0.000000 0.000000 0.000000 0.000000 0.000000 0.000000 0.000000 441.216871 0.000000 0.000000 0.000000 0.000000 0.000000 0.000000 0.000000 0.000000 0.000000 0.000000 0.000000 0.000000 0.000000 0.000000 0.000000 0.000000 0.000000 0.000000 0.000000 455.397214 0.000000 -0.000000 2.000488 0.000000 0.000000 408.801758 0.000000 414.000000 0.000000 428.614748 0.000000 426.394531 0.000000 439.812012 0.000000 452.000000 0.000000 459.000000 0.000000 436.623115
latest_time : 411.113167 407.000000 406.000000 423.000000 408.000000 414.000000 418.866885 428.614777 435.320161 426.394695 422.000000 439.812051 428.000000 452.000000 455.000000 459.000000 458.854602 431.041178 440.812051 452.000000 413.000000 418.000000 435.000000 428.000000 451.000000 445.000000 423.394695 434.320161 438.000000 427.614777 454.000000 447.000000 487.000000 460.000000 463.000000 463.000000 466.000000 480.000000 479.307375 486.000000 410.113167 458.000000 719.000000 719.000000 717.000000 719.000000 717.000000 719.000000 719.000000 419.000000 717.000000 719.000000 719.000000 403.000000 719.000000 719.000000 719.000000 717.000000 427.000000 719.000000 720.000000 720.000000 720.000000 720.000000 720.000000 720.000000 720.000000 720.000000 720.000000 720.000000 720.000000 720.000000 720.000000 720.000000 720.000000 720.000000 720.000000 720.000000 720.000000 720.000000 1440.000000 1440.000000 1440.000000 1440.000000 1440.000000 1440.000000 1440.000000 1440.000000 1440.000000 1440.000000 1440.000000 1440.000000 1440.000000 1440.000000 1440.000000 1440.000000 1440.000000 1440.000000 1440.000000 476.584276 1440.000000 1440.000000 1440.000000 1440.000000 1440.000000 1440.000000 1440.000000 1440.000000 1440.000000 1440.000000 1440.000000 1440.000000 1440.000000 1440.000000 1440.000000 1440.000000 1440.000000 1440.000000 1440.000000 479.697318 0.000000 -0.000000 400.000000 399.000000 398.000000 415.071778 400.000000 402.886833 414.000000 428.220082 434.925466 426.000000 414.071778 428.000000 427.000000 441.187949 438.000000 444.000000 439.000000 424.000000
best_insertion_cost : 1000.000000 1000.000000 1000.000000 1000.000000 1000.000000 1000.000000 1000.000000 1000.000000 1000.000000 1000.000000 1000.000000 1000.000000 1000.000000 1000.000000 1000.000000 1000.000000 1000.000000 1000.000000 1000.000000 1000.000000 0.000000 -0.000000 2951280107730783811503171422287652952774906640816988848273678265403724702360063616915499381402842719697804397889167844785243552484889975259022665352638443033190752502102837183496005869274360591376568708366667818895432220672.000000 0.000000 2595772935336981172544926398419832168754818983956127455887190850511845148331914767534887701117292597259872591129494896514728192932894981875443405785314865684309593572882023106854677132909603668755264426710526792345614962539932144805969082578556912307857554014551932928.000000 0.000000 0.000000 171439353999200940158348123320392185987432946703053487162227579556665192292170817647551282654343371372115486984654181073341167739338581353606335748694330727989248.000000 36204823500631764649195717450617760714214726605286198541626684137516254253420757720584454484271934623904844084521751390035760844967538425404090542170116248984403706362756038034232220143968274176046708161478586810689523041251448884005313047117635485657849013469184.000000 0.000000 11285566333732930028973188189277889977366160233611555045103918619847815913961094663278154662986068319245821022307517308668751633442093109096106573931906609821510005693360599865004929316439011121706840982533703509116028548183854529347606664206747468756848601679530689912629100544.000000 11647794053640510336818983510093186900085726598581063921561868816632656673318367316377234583699685132829895618919473690469311661042881001513531939487744.000000 41734011269589572527444084777261148503945724443796622378802781814909430766378850049523093359234233904825688827032218656495885137707278999611093319340477998440227265627557698749265639734156222651170816.000000 52530112958070291580863634451555561597838875316346638948648268032791198621832343502791275523480345378816.000000 259459196081543599141029834769752493467836026935243989129555305102434060980912668311428806775278945260938673427512712088336011988488122010232332760781302366470144.000000 129148970806140741706892176624881074037644563968037373368665906202472873984.000000 5719866883324519162160244771653561034415805192155408853912486669956103385421179338222363030268728665597111844204469633310359968108057193867863811409927623540088826535268123163692486863492410755732302574453165104460331768382226432.000000 21168642581315719785564393763039529191481990889431692053647536940664655031692540526985216.000000 50475870900951068923607914056293355296335725320545629998881255175784659312080632879942429760391460065849747647014375613923229415049328596885130727785905727703011826479688263087103624570291620492541485718173361033568722092032.000000 0.000000 5709378132463698067892644153598312370404425770792651041231131237770640538250493573113503696569432465764222903225117853818863005283688002987100447716698393750610073275317631913942587634067389451658383620548879543601238797791002624.000000 0.000444 0.000000 0.000000 0.000000 0.000000 0.000000 0.000000 0.000000 0.000000 0.000000 0.000000 0.000000 0.000000 0.000000 0.000000 0.000000 0.000000 0.000000 0.000000 0.000000 0.000000 0.000000 0.000000 0.000000 0.000000 0.000000 0.000000 4.486288 23.354911 22.019026 8.247845 19.247867 12.403695 17.865179 16.143720 5.168000 17.220733 16.255524 23.936778 2.550429 2.928641 27.159655 1.459700 2.148363 6.715889 26.413026 22.220633 5.485257 1.377588 30.967570 23.040514 18.105755 9.723946 9.115736 11.127636 4.344245 3.508000 21.974198 3.864688 9.757972 25.917564 24.989127 26.727928 21.974198 12.403695 17.220733 16.837638 34.275152 32.736311 31.249737 29.823247 28.465875 27.187976 26.001270 24.918789 23.954667 23.123712 22.440723 21.919536 21.571881 21.406216 21.426760 21.632986 22.019674 22.577557 23.294335 24.155870 25.147287 26.816153 24.819067 22.822490 20.826571 18.831518 16.837638 14.845405 12.855585 10.869502 8.889661 6.921421
second_best_insertion_cost : 1000.000000 1000.000000 1000.000000 1000.000000 1000.000000 1000.000000 1000.000000 1000.000000 1000.000000 1000.000000 1000.000000 1000.000000 1000.000000 1000.000000 1000.000000 1000.000000 1000.000000 1000.000000 1000.000000 1000.000000 0.000000 -0.000000 2951280107730783811503171422287652952774906640816988848273678265403724702360063616915499381402842719697804397889167844785243552484889975259022665352638443033190752502102837183496005869274360591376568708366667818895432220672.000000 0.000000 2595772935336981172544926398419832168754818983956127455887190850511845148331914767534887701117292597259872591129494896514728192932894981875443405785314865684309593572882023106854677132909603668755264426710526792345614962539932144805969082578556912307857554014551932928.000000 0.000000 0.000000 171439353999200940158348123320392185987432946703053487162227579556665192292170817647551282654343371372115486984654181073341167739338581353606335748694330727989248.000000 36204823500631764649195717450617760714214726605286198541626684137516254253420757720584454484271934623904844084521751390035760844967538425404090542170116248984403706362756038034232220143968274176046708161478586810689523041251448884005313047117635485657849013469184.000000 0.000000 11285566333732930028973188189277889977366160233611555045103918619847815913961094663278154662986068319245821022307517308668751633442093109096106573931906609821510005693360599865004929316439011121706840982533703509116028548183854529347606664206747468756848601679530689912629100544.000000 11647794053640510336818983510093186900085726598581063921561868816632656673318367316377234583699685132829895618919473690469311661042881001513531939487744.000000 41734011269589572527444084777261148503945724443796622378802781814909430766378850049523093359234233904825688827032218656495885137707278999611093319340477998440227265627557698749265639734156222651170816.000000 52530112958070291580863634451555561597838875316346638948648268032791198621832343502791275523480345378816.000000 259459196081543599141029834769752493467836026935243989129555305102434060980912668311428806775278945260938673427512712088336011988488122010232332760781302366470144.000000 129148970806140741706892176624881074037644563968037373368665906202472873984.000000 5719866883324519162160244771653561034415805192155408853912486669956103385421179338222363030268728665597111844204469633310359968108057193867863811409927623540088826535268123163692486863492410755732302574453165104460331768382226432.000000 21168642581315719785564393763039529191481990889431692053647536940664655031692540526985216.000000 50475870900951068923607914056293355296335725320545629998881255175784659312080632879942429760391460065849747647014375613923229415049328596885130727785905727703011826479688263087103624570291620492541485718173361033568722092032.000000 0.000000 5709378132463698067892644153598312370404425770792651041231131237770640538250493573113503696569432465764222903225117853818863005283688002987100447716698393750610073275317631913942587634067389451658383620548879543601238797791002624.000000 0.000444 158456325028530751065041141760.000000 -0.000000 0.072576 0.090229 0.042605 0.150800 1000.000000 0.081508 0.194513 0.171256 0.096327 0.044247 0.203010 0.057727 0.238568 0.108454 0.099773 0.156980 0.201389 1000.000000 0.068003 0.104263 0.000000 -0.000000 1000.000000 1000.000000 1000.000000 1000.000000 1000.000000 1000.000000 1000.000000 1000.000000 1000.000000 1000.000000 1000.000000 1000.000000 1000.000000 1000.000000 1000.000000 1000.000000 1000.000000 1000.000000 1000.000000 1000.000000 0.000000 -0.000000 2951280107730783811503171422287652952774906640816988848273678265403724702360063616915499381402842719697804397889167844785243552484889975259022665352638443033190752502102837183496005869274360591376568708366667818895432220672.000000 0.000000 2595772935336981172544926398419832168754818983956127455887190850511845148331914767534887701117292597259872591129494896514728192932894981875443405785314865684309593572882023106854677132909603668755264426710526792345614962539932144805969082578556912307857554014551932928.000000 0.000000 0.000000 171439353999200940158348123320392185987432946703053487162227579556665192292170817647551282654343371372115486984654181073341167739338581353606335748694330727989248.000000 36204823500631764649195717450617760714214726605286198541626684137516254253420757720584454484271934623904844084521751390035760844967538425404090542170116248984403706362756038034232220143968274176046708161478586810689523041251448884005313047117635485657849013469184.000000 0.000000 11285566333732930028973188189277889977366160233611555045103918619847815913961094663278154662986068319245821022307517308668751633442093109096106573931906609821510005693360599865004929316439011121706840982533703509116028548183854529347606664206747468756848601679530689912629100544.000000 11647794053640510336818983510093186900085726598581063921561868816632656673318367316377234583699685132829895618919473690469311661042881001513531939487744.000000 41734011269589572527444084777261148503945724443796622378802781814909430766378850049523093359234233904825688827032218656495885137707278999611093319340477998440227265627557698749265639734156222651170816.000000 52530112958070291580863634451555561597838875316346638948648268032791198621832343502791275523480345378816.000000 259459196081543599141029834769752493467836026935243989129555305102434060980912668311428806775278945260938673427512712088336011988488122010232332760781302366470144.000000 129148970806140741706892176624881074037644563968037373368665906202472873984.000000 5719866883324519162160244771653561034415805192155408853912486669956103385421179338222363030268728665597111844204469633310359968108057193867863811409927623540088826535268123163692486863492410755732302574453165104460331768382226432.000000 21168642581315719785564393763039529191481990889431692053647536940664655031692540526985216.000000 50475870900951068923607914056293355296335725320545629998881255175784659312080632879942429760391460065849747647014375613923229415049328596885130727785905727703011826479688263087103624570291620492541485718173361033568722092032.000000 0.000000 5709378132463698067892644153598312370404425770792651041231131237770640538250493573113503696569432465764222903225117853818863005283688002987100447716698393750610073275317631913942587634067389451658383620548879543601238797791002624.000000 0.000444 0.000000 -0.000000 2951280107730783811503171422287652952774906640816988848273678265403724702360063616915499381402842719697804397889167844785243552484889975259022665352638443033190752502102837183496005869274360591376568708366667818895432220672.000000 0.000000 2595772935336981172544926398419832168754818983956127455887190850511845148331914767534887701117292597259872591129494896514728192932894981875443405785314865684309593572882023106854677132909603668755264426710526792345614962539932144805969082578556912307857554014551932928.000000 0.000000 0.000000 171439353999200940158348123320392185987432946703053487162227579556665192292170817647551282654343371372115486984654181073341167739338581353606335748694330727989248.000000 36204823500631764649195717450617760714214726605286198541626684137516254253420757720584454484271934623904844084521751390035760844967538425404090542170116248984403706362756038034232220143968274176046708161478586810689523041251448884005313047117635485657849013469184.000000 0.000000 11285566333732930028973188189277889977366160233611555045103918619847815913961094663278154662986068319245821022307517308668751633442093109096106573931906609821510005693360599865004929316439011121706840982533703509116028548183854529347606664206747468756848601679530689912629100544.000000 11647794053640510336818983510093186900085726598581063921561868816632656673318367316377234583699685132829895618919473690469311661042881001513531939487744.000000 41734011269589572527444084777261148503945724443796622378802781814909430766378850049523093359234233904825688827032218656495885137707278999611093319340477998440227265627557698749265639734156222651170816.000000 52530112958070291580863634451555561597838875316346638948648268032791198621832343502791275523480345378816.000000 259459196081543599141029834769752493467836026935243989129555305102434060980912668311428806775278945260938673427512712088336011988488122010232332760781302366470144.000000 129148970806140741706892176624881074037644563968037373368665906202472873984.000000 5719866883324519162160244771653561034415805192155408853912486669956103385421179338222363030268728665597111844204469633310359968108057193867863811409927623540088826535268123163692486863492410755732302574453165104460331768382226432.000000 21168642581315719785564393763039529191481990889431692053647536940664655031692540526985216.000000 50475870900951068923607914056293355296335725320545629998881255175784659312080632879942429760391460065849747647014375613923229415049328596885130727785905727703011826479688263087103624570291620492541485718173361033568722092032.000000 0.000000 5709378132463698067892644153598312370404425770792651041231131237770640538250493573113503696569432465764222903225117853818863005283688002987100447716698393750610073275317631913942587634067389451658383620548879543601238797791002624.000000 0.000444 0.000000 -0.000000 1000.000000 1000.000000 1000.000000 1000.000000 1000.000000 1000.000000 1000.000000 1000.000000
best_predecessor : -1 -1 -1 -1 -1 -1 -1 -1 -1 -1 -1 -1 -1 -1 -1 -1 -1 -1 -1 -1 -1 -1 -1 -1 -1 -1 -1 -1 -1 -1 -1 -1 -1 -1 -1 -1 -1 -1 -1 -1 -1 -1 -1 -1 -1 -1 -1 -1 -1 -1 -1 -1 -1 -1 -1 -1 -1 -1 -1 -1 -1 -1 -1 -1 -1 -1 -1 -1 -1 -1 -1 -1 -1 -1 -1 -1 -1 -1 -1 -1 -1 -1 -1 -1 -1 -1 -1 -1 -1 -1 -1 -1 -1 -1 -1 -1 -1 -1 -1 -1 -1 -1 -1 -1 -1 -1 -1 -1 -1 -1 -1 -1 -1 -1 -1 -1 -1 -1 -1 -1 0 0 -2139083315 -2147482624 0 0 0 0 0 0 0 0 0 0 0 0 0 0 0 0
best_successor : -1 -1 -1 -1 -1 -1 -1 -1 -1 -1 -1 -1 -1 -1 -1 -1 -1 -1 -1 -1 -1 -1 -1 -1 -1 -1 -1 -1 -1 -1 -1 -1 -1 -1 -1 -1 -1 -1 -1 -1 -1 -1 -1 -1 -1 -1 -1 -1 -1 -1 -1 -1 -1 -1 -1 -1 -1 -1 -1 -1 -1 -1 -1 -1 -1 -1 -1 -1 -1 -1 -1 -1 -1 -1 -1 -1 -1 -1 -1 -1 -1 -1 -1 -1 -1 -1 -1 -1 -1 -1 -1 -1 -1 -1 -1 -1 -1 -1 -1 -1 -1 -1 -1 -1 -1 -1 -1 -1 -1 -1 -1 -1 -1 -1 -1 -1 -1 -1 -1 -1 -2034860474 1077353504 -2118767469 -1879044408 -1 -1 -1 -1 -1 -1 -1 -1 -1 -1 -1 -1 -1 -1 -1 -1
best_vehicle1 : -1 -1 -1 -1 -1 -1 -1 -1 -1 -1 -1 -1 -1 -1 -1 -1 -1 -1 -1 -1 0 1077739520 0 1077215232 0 1076625408 0 1076232192 0 1078493184 0 1076363264 0 1077215232 0 1077084160 0 1077608448 0 1078689792 0 1078657024 0 1078689792 0 1079377920 0 1079377920 0 1079525376 0 1079115776 0 1079607296 0 1079410688 0 1078853632 0 1078853632 0 1078394880 0 1078034432 0 1079083008 0 1078198272 0 1078919168 0 1076625408 0 1076494336 0 0 0 1075052544 0 1077477376 0 1077149696 0 1076625408 0 1079345152 0 1079279616 0 1078460416 0 1078984704 0 1077739520 0 1078165504 0 1078722560 0 1078460416 0 1078263808 0 1078001664 0 1072693248 0 1077411840 0 1078067200 0 1072693248 0 1075838976 0 1075314688 0 1076625408 0 1078263808 0 1078231040 -2074072595 -1879038976 -1 -1 -1 -1 -1 -1 -1 -1 -1 -1 -1 -1 -1 -1 -1 -1
best_vehicle2 : -1 -1 -1 -1 -1 -1 -1 -1 -1 -1 -1 -1 -1 -1 -1 -1 -1 -1 -1 -1 0 1079001088 0 1078034432 0 1078755328 0 1075970048 0 1075838976 0 1075052544 0 0 0 1077149696 0 1076756480 0 1075970048 0 1079263232 0 1079197696 0 1078296576 0 1078820864 0 1077411840 0 1078001664 0 1078558720 0 1078296576 0 1078099968 0 1077739520 0 1075314688 0 1077084160 0 1078231040 0 1074790400 0 1076494336 0 1076232192 0 1077084160 0 1078427648 0 1078394880 0 1078427648 0 1078951936 0 1078951936 0 1079115776 0 1078427648 0 1079197696 0 1079001088 0 1078034432 0 1078034432 0 1077215232 0 1076101120 0 1078362112 0 1076756480 0 1078099968 0 1076232192 0 1076363264 0 1077477376 0 1077149696 0 0 0 1075052544 0 1076232192 0 1078886400 -2072041014 -2147474176 -1 -1 2 2 128 0 0 -1 -1 2 4 64 0 0 -1 -1
second_best_vehicle1 : -1 -1 -1 -1 -1 -1 -1 -1 -1 -1 -1 -1 -1 -1 -1 -1 -1 -1 -1 -1 0 0 0 0 0 0 0 0 153474308 1075311868 323655120 1077348459 -1939262892 1077149312 746055246 1074271238 -1666266081 1077403338 -1884758200 1071860332 -859889535 1077408160 -791583803 1077432484 0 0 830746869 1074223962 -1341232854 1077016320 1342796543 1077079736 -415325480 1077222598 1848547988 1077798234 -866898277 1077880340 1063905489 1073973015 -1661689758 1077917113 739134980 1077404523 -2045406113 1077092559 359713352 1078146520 0 0 0 0 0 0 0 0 0 0 0 0 0 0 0 0 0 0 0 0 0 0 0 0 0 0 0 0 0 0 0 0 0 0 0 0 0 0 0 0 -881849254 1075206198 -2091167826 1077165748 1754981859 1077204867 1282183789 1074807022 1844827771 1077418473 1322040333 1074104545 -1948723381 1077229767 -2108609540 -1879043114 40 2 53 10 1 20 5 29 27 26 49 12 58 31 30 41
second_best_vehicle2 : -1 -1 -1 -1 -1 -1 -1 -1 -1 -1 -1 -1 -1 -1 -1 -1 -1 -1 -1 -1 0 0 0 0 0 0 0 0 0 0 0 0 0 0 0 0 0 0 0 0 0 0 0 0 0 0 0 0 0 0 0 0 0 0 0 0 0 0 0 0 0 0 0 0 0 0 0 0 0 0 0 0 0 0 0 0 0 0 0 0 0 0 0 0 0 0 0 0 0 0 0 0 0 0 0 0 0 0 0 0 0 0 0 0 0 0 0 0 0 0 0 0 0 0 0 0 0 0 0 0 0 0 -2120799054 -1879044864 -1 -1 -1 -1 -1 -1 -1 -1 -1 -1 -1 -1 -1 -1 -1 -1
best_terminal1 : -1 -1 -1 -1 -1 -1 -1 -1 -1 -1 -1 -1 -1 -1 -1 -1 -1 -1 -1 -1 171390516 154677297 -2132109151 -1979701450 42478391 655361 2888 0 144604592 685 144604602 685 5505102 5046348 5111808 4980820 2097229 6619219 7667811 6881394 7929972 5242912 6488161 6357099 6619239 0 -2131715929 -2147473359 58 58 12 12 11 11 18 18 31 31 13 13 33 33 38 38 32 32 58 78 808335412 822686007 873018121 822752055 755577905 755576881 926091574 876031537 875825459 892874295 154208567 926157107 825297460 825035061 942475568 859255561 959461166 909390857 825374254 856240393 892810249 909193482 808529161 2109449 -1958505087 -1071618196 966322584 269948076 755914244 -1072554574 -962072674 -1071450293 0 1081229312 0 1081290752 0 1072693248 0 167 68719477 -1072525738 -1202590843 -1071168226 0 1081167872 0 1081274368 0 1072693248 0 152 721554506 -1071262073 -446676599 1075421904 0 1081176064 0 1081237504 0 1072693248 0 91 2061584302 1076555284 1683627180 -1071014085 0 1081135104 0 1081266176
best_terminal2 : -1 -1 -1 -1 -1 -1 -1 -1 -1 -1 -1 -1 -1 -1 -1 -1 -1 -1 -1 -1 0 0 -2141415365 -1979707904 6881357 7471203 7536751 6684783 4259956 6488163 7667823 7602286 6619228 7995502 3014767 6815860 7536741 6881395 7667813 7274560 7602293 7274604 7012463 6488110 7143535 0 -2141546447 -2147479808 0 0 0 0 0 0 0 0 0 0 0 0 0 0 0 0 0 0 0 0 0 0 -2141153225 -1979707392 42478391 655361 2888 0 144602384 685 144602394 685 5505102 5046348 5111808 4980820 2097229 6619219 7667811 6881394 7929972 5242912 6488161 6357099 6619239 0 -2140235731 -2147479296 58 58 12 12 11 11 18 18 31 31 13 13 33 33 38 38 32 32 58 78 0 0 -2139842525 -2147479040 0 0 0 0 0 0 0 0 0 0 0 0 0 0 0 0 0 0 0 0
request_bank_prior : 
request_bank_non_prior : 
------------------------------------------------------------

