Solution format is:
total_distance
predecessor[0..n_nodes-1]
successor[0..n_nodes-1]
map_to_node[0..n_nodes-1]
map_to_request[0..n_nodes-1]
map_to_vehicle[0..n_nodes-1]
load_mobile[0..n_nodes-1]
load_wheelchair[0..n_nodes-1]
service_start[0..n_nodes-1]
earliest_time[0..n_nodes-1]
latest_time[0..n_nodes-1]
best_insertion_cost[0..n_nodes-1]
second_best_insertion_cost[0..n_nodes-1]
best_predecessor[0..n_nodes-1]
best_successor[0..n_nodes-1]
best_vehicle1[0..n_nodes-1]
best_vehicle2[0..n_nodes-1]
second_best_vehicle1[0..n_nodes-1]
second_best_vehicle2[0..n_nodes-1]
best_terminal1[0..n_nodes-1]
best_terminal2[0..n_nodes-1]
request_bank_prior (list)
request_bank_non_prior (list)

total_distance : 109.089267
predecessor : 43 52 41 82 1 20 23 21 50 26 0 5 91 29 15 30 32 28 8 24 10 4 102 3 22 12 6 107 18 9 25 111 34 13 14 36 16 117 97 19 60 61 62 63 64 65 66 67 68 69 70 71 72 73 74 75 76 77 78 79 40 37 42 35 31 45 46 47 48 49 38 51 39 53 54 55 56 57 58 59 -1 -1 2 -1 -1 -1 -1 7 -1 -1 -1 11 -1 -1 -1 -1 -1 17 -1 -1 -1 -1 87 -1 -1 -1 -1 44 -1 -1 -1 27 -1 -1 -1 -1 -1 33 -1 -1 762175110 1076677733 -2133314178 -1879046389 3 12 1 1 12 3 1 12 10 1 3 3 3 1 3 3
successor : 10 4 82 23 21 11 26 87 18 29 20 91 25 33 34 14 36 97 28 39 5 7 24 6 19 30 9 111 17 13 15 64 16 117 32 63 35 61 70 72 60 2 62 0 107 65 66 67 68 69 8 71 1 73 74 75 76 77 78 79 40 41 42 43 44 45 46 47 48 49 50 51 52 53 54 55 56 57 58 59 -1 -1 3 -1 -1 -1 -1 102 -1 -1 -1 12 -1 -1 -1 -1 -1 38 -1 -1 -1 -1 22 -1 -1 -1 -1 27 -1 -1 -1 31 -1 -1 -1 -1 -1 37 -1 -1 0 1079820288 -2122500645 -1879045120 1 0 1 0 1 2 1 2 0 1 2 3 3 1 3 2
map_to_node : 0 1 2 3 4 5 6 7 8 9 10 11 12 13 14 15 16 17 18 19 20 21 22 23 24 25 26 27 28 29 30 31 32 33 34 35 36 37 38 39 40 41 42 43 44 45 46 47 48 49 50 51 52 53 54 55 56 57 58 59 40 41 42 43 44 45 46 47 48 49 50 51 52 53 54 55 56 57 58 59 -1 -1 75 -1 -1 -1 -1 65 -1 -1 -1 113 -1 -1 -1 -1 -1 95 -1 -1 -1 -1 65 -1 -1 -1 -1 75 -1 -1 -1 76 -1 -1 -1 -1 -1 116 -1 -1 -611245273 1077563566 -2137377104 -1879046794 0 1 2 3 4 5 6 7 8 9 10 11 12 13 14 15
map_to_request : 0 1 2 3 4 5 6 7 8 9 10 11 12 13 14 15 16 17 18 19 0 1 2 3 4 5 6 7 8 9 10 11 12 13 14 15 16 17 18 19 -1 -1 -1 -1 -1 -1 -1 -1 -1 -1 -1 -1 -1 -1 -1 -1 -1 -1 -1 -1 -1 -1 -1 -1 -1 -1 -1 -1 -1 -1 -1 -1 -1 -1 -1 -1 -1 -1 -1 -1 0 1 2 3 4 5 6 7 8 9 10 11 12 13 14 15 16 17 18 19 0 1 2 3 4 5 6 7 8 9 10 11 12 13 14 15 16 17 18 19 0 0 -2135214447 -1879046656 43 52 41 82 1 20 23 21 50 26 0 5 91 29 15 30
map_to_vehicle : 3 12 1 1 12 3 1 12 10 1 3 3 3 1 3 3 3 10 10 12 3 12 12 1 12 3 1 4 10 1 3 4 3 1 3 3 3 1 10 12 0 1 2 3 4 5 6 7 8 9 10 11 12 13 14 15 16 17 18 19 0 1 2 3 4 5 6 7 8 9 10 11 12 13 14 15 16 17 18 19 -1 -1 1 -1 -1 -1 -1 12 -1 -1 -1 3 -1 -1 -1 -1 -1 10 -1 -1 -1 -1 12 -1 -1 -1 -1 4 -1 -1 -1 4 -1 -1 -1 -1 -1 1 -1 -1 0 0 -2131151521 -1879046144 -1 -1 -1 -1 -1 -1 -1 -1 -1 -1 -1 -1 -1 -1 -1 -1
load_mobile : 1 0 1 0 1 2 1 2 0 1 2 3 3 1 3 2 1 2 1 1 1 1 1 0 0 2 0 0 1 0 1 0 1 0 2 0 1 0 0 0 0 0 0 0 0 0 0 0 0 0 0 0 0 0 0 0 0 0 0 0 0 0 0 0 0 0 0 0 0 0 0 0 0 0 0 0 0 0 0 0 0 0 0 0 0 0 0 1 0 0 0 2 0 0 0 0 0 1 0 0 0 0 2 0 0 0 0 1 0 0 0 1 0 0 0 0 0 1 0 0 0 1080311808 -2121124424 -1879044864 -1 -1 -1 -1 -1 -1 -1 -1 -1 -1 -1 -1 -1 -1 -1 -1
load_wheelchair : 0 1 0 1 1 0 0 0 1 0 0 0 0 0 0 0 1 0 1 0 0 0 0 0 0 0 0 0 0 0 0 0 0 0 0 0 0 0 0 0 0 0 0 0 0 0 0 0 0 0 0 0 0 0 0 0 0 0 0 0 0 0 0 0 0 0 0 0 0 0 0 0 0 0 0 0 0 0 0 0 0 0 0 0 0 0 0 0 0 0 0 0 0 0 0 0 0 0 0 0 0 0 0 0 0 0 0 0 0 0 0 0 0 0 0 0 0 0 0 0 0 0 -2138753325 -1879047168 0 1 2 3 4 5 6 7 8 9 10 11 12 13 14 15
service_start : 147.000000 147.101795 137.190528 151.105890 150.101795 164.000000 168.855277 155.851863 163.000000 187.113167 151.634641 167.071156 176.909844 205.497946 205.302011 204.302011 215.465987 197.298665 186.876941 231.910698 163.000000 152.851863 167.103646 165.855277 177.378950 181.000000 173.000000 185.000000 190.000000 189.000000 199.636751 211.863676 214.465987 209.000000 212.355781 237.000000 226.000000 226.058913 227.014582 235.000000 158.230201 47.000000 185.000000 0.000000 0.000000 150.542397 109.585308 0.000000 0.000000 0.000000 157.000000 122.032456 0.000000 156.000000 146.000000 124.000000 0.000000 0.000000 0.000000 0.000000 720.000000 720.000000 720.000000 720.000000 720.000000 720.000000 720.000000 720.000000 720.000000 720.000000 720.000000 720.000000 720.000000 720.000000 720.000000 720.000000 720.000000 720.000000 720.000000 720.000000 0.000000 0.000000 139.000000 0.000000 0.000000 0.000000 0.000000 159.000000 0.000000 0.000000 0.000000 171.000000 0.000000 0.000000 0.000000 0.000000 0.000000 201.000000 0.000000 0.000000 0.000000 0.000000 164.391110 0.000000 0.000000 0.000000 0.000000 181.387742 0.000000 0.000000 0.000000 208.781801 0.000000 0.000000 0.000000 0.000000 0.000000 223.625790 0.000000 0.000000 0.000000 -0.000000 147.000000 154.000000 148.296418 151.105890 157.249933 164.000000 168.855277 165.000000 163.000000 187.113167 151.634641 171.981000 176.909844 205.497946 205.302011 204.302011 215.465987 215.000000
earliest_time : 120.000000 135.000000 130.000000 142.000000 139.000000 159.365359 163.000000 148.000000 158.000000 172.000000 147.000000 160.365359 165.294202 190.000000 197.000000 196.000000 207.163976 191.123059 185.000000 216.000000 158.365359 145.000000 159.000000 160.000000 166.000000 169.384358 167.144723 170.000000 188.123059 174.000000 195.000000 198.000000 206.163976 194.000000 204.053770 225.125352 217.697989 218.000000 225.000000 220.000000 158.230201 47.000000 185.000000 0.000000 0.000000 150.542397 109.585308 0.000000 0.000000 0.000000 157.000000 122.032456 0.000000 156.000000 146.000000 124.000000 0.000000 0.000000 0.000000 0.000000 159.230201 227.768457 186.000000 229.227242 202.665815 151.542397 112.585308 0.000000 0.000000 0.000000 226.000000 123.032456 225.195629 159.000000 147.000000 125.000000 0.000000 0.000000 0.000000 0.000000 0.000000 0.000000 131.809472 0.000000 0.000000 0.000000 0.000000 151.148137 0.000000 0.000000 0.000000 164.294202 0.000000 0.000000 0.000000 0.000000 0.000000 194.824394 0.000000 0.000000 0.000000 0.000000 152.148137 0.000000 0.000000 0.000000 0.000000 131.809472 0.000000 0.000000 0.000000 174.824642 0.000000 0.000000 0.000000 0.000000 0.000000 196.412029 0.000000 0.000000 0.000000 0.000000 0.000000 0.000000 0.000000 0.000000 0.000000 0.000000 0.000000 0.000000 0.000000 0.000000 0.000000 0.000000 0.000000 0.000000 0.000000 0.000000 0.000000 0.000000
latest_time : 147.000000 154.000000 148.296418 151.105890 157.249933 164.000000 168.855277 165.000000 163.000000 187.113167 151.634641 171.981000 176.909844 205.497946 205.302011 204.302011 215.465987 215.000000 186.876941 231.910698 163.000000 160.000000 174.000000 165.855277 181.000000 181.000000 173.000000 185.000000 190.000000 189.000000 203.302011 213.000000 214.465987 209.000000 212.355781 237.000000 226.000000 233.000000 240.000000 235.000000 719.000000 147.296418 719.000000 147.000000 181.387742 719.000000 717.000000 720.000000 720.000000 720.000000 162.000000 719.000000 154.000000 717.000000 719.000000 719.000000 720.000000 720.000000 720.000000 720.000000 720.000000 720.000000 720.000000 720.000000 720.000000 720.000000 720.000000 720.000000 720.000000 720.000000 720.000000 720.000000 720.000000 720.000000 720.000000 720.000000 720.000000 720.000000 720.000000 720.000000 1440.000000 1440.000000 150.105890 1440.000000 1440.000000 1440.000000 1440.000000 170.287464 1440.000000 1440.000000 1440.000000 175.909844 1440.000000 1440.000000 1440.000000 1440.000000 1440.000000 237.477620 1440.000000 1440.000000 1440.000000 1440.000000 171.287464 1440.000000 1440.000000 1440.000000 1440.000000 181.387742 1440.000000 1440.000000 1440.000000 209.918126 1440.000000 1440.000000 1440.000000 1440.000000 1440.000000 230.566878 1440.000000 1440.000000 32.000000 -0.000000 120.000000 128.000000 123.471442 137.803317 134.000000 136.803317 140.950011 140.092802 134.289852 126.471442 139.092802 145.877794 140.617642 155.294804 148.877794 162.188454 157.043731 165.000000
best_insertion_cost : 1000.000000 1000.000000 1000.000000 1000.000000 1000.000000 1000.000000 1000.000000 1000.000000 1000.000000 1000.000000 1000.000000 1000.000000 1000.000000 1000.000000 1000.000000 1000.000000 1000.000000 1000.000000 1000.000000 1000.000000 36.000000 -0.000000 2951280107730783811503171422287652952774906640816988848273678265403724702360063616915499381402842719697804397889167844785243552484889975259022665352638443033190752502102837183496005869274360591376568708366667818895432220672.000000 0.000000 2595772935336981172544926398419832168754818983956127455887190850511845148331914767534887701117292597259872591129494896514728192932894981875443405785314865684309593572882023106854677132909603668755264426710526792345614962539932144805969082578556912307857554014551932928.000000 0.000000 0.000000 171439353999200940158348123320392185987432946703053487162227579556665192292170817647551282654343371372115486984654181073341167739338581353606335748694330727989248.000000 36204823500631764649195717450617760714214726605286198541626684137516254253420757720584454484271934623904844084521751390035760844967538425404090542170116248984403706362756038034232220143968274176046708161478586810689523041251448884005313047117635485657849013469184.000000 0.000000 11285566333732930028973188189277889977366160233611555045103918619847815913961094663278154662986068319245821022307517308668751633442093109096106573931906609821510005693360599865004929316439011121706840982533703509116028548183854529347606664206747468756848601679530689912629100544.000000 11647794053640510336818983510093186900085726598581063921561868816632656673318367316377234583699685132829895618919473690469311661042881001513531939487744.000000 41734011269589572527444084777261148503945724443796622378802781814909430766378850049523093359234233904825688827032218656495885137707278999611093319340477998440227265627557698749265639734156222651170816.000000 52530112958070291580863634451555561597838875316346638948648268032791198621832343502791275523480345378816.000000 259459196081543599141029834769752493467836026935243989129555305102434060980912668311428806775278945260938673427512712088336011988488122010232332760781302366470144.000000 129148970806140741706892176624881074037644563968037373368665906202472873984.000000 5719866883324519162160244771653561034415805192155408853912486669956103385421179338222363030268728665597111844204469633310359968108057193867863811409927623540088826535268123163692486863492410755732302574453165104460331768382226432.000000 21168642581315719785564393763039529191481990889431692053647536940664655031692540526985216.000000 50475870900951068923607914056293355296335725320545629998881255175784659312080632879942429760391460065849747647014375613923229415049328596885130727785905727703011826479688263087103624570291620492541485718173361033568722092032.000000 0.000000 5709378132463698067892644153598312370404425770792651041231131237770640538250493573113503696569432465764222903225117853818863005283688002987100447716698393750610073275317631913942587634067389451658383620548879543601238797791002624.000000 0.000444 25.000000 -0.000000 2951280107730783811503171422287652952774906640816988848273678265403724702360063616915499381402842719697804397889167844785243552484889975259022665352638443033190752502102837183496005869274360591376568708366667818895432220672.000000 0.000000 2595772935336981172544926398419832168754818983956127455887190850511845148331914767534887701117292597259872591129494896514728192932894981875443405785314865684309593572882023106854677132909603668755264426710526792345614962539932144805969082578556912307857554014551932928.000000 0.000000 0.000000 171439353999200940158348123320392185987432946703053487162227579556665192292170817647551282654343371372115486984654181073341167739338581353606335748694330727989248.000000 36204823500631764649195717450617760714214726605286198541626684137516254253420757720584454484271934623904844084521751390035760844967538425404090542170116248984403706362756038034232220143968274176046708161478586810689523041251448884005313047117635485657849013469184.000000 0.000000 11285566333732930028973188189277889977366160233611555045103918619847815913961094663278154662986068319245821022307517308668751633442093109096106573931906609821510005693360599865004929316439011121706840982533703509116028548183854529347606664206747468756848601679530689912629100544.000000 11647794053640510336818983510093186900085726598581063921561868816632656673318367316377234583699685132829895618919473690469311661042881001513531939487744.000000 41734011269589572527444084777261148503945724443796622378802781814909430766378850049523093359234233904825688827032218656495885137707278999611093319340477998440227265627557698749265639734156222651170816.000000 52530112958070291580863634451555561597838875316346638948648268032791198621832343502791275523480345378816.000000 259459196081543599141029834769752493467836026935243989129555305102434060980912668311428806775278945260938673427512712088336011988488122010232332760781302366470144.000000 129148970806140741706892176624881074037644563968037373368665906202472873984.000000 5719866883324519162160244771653561034415805192155408853912486669956103385421179338222363030268728665597111844204469633310359968108057193867863811409927623540088826535268123163692486863492410755732302574453165104460331768382226432.000000 21168642581315719785564393763039529191481990889431692053647536940664655031692540526985216.000000 50475870900951068923607914056293355296335725320545629998881255175784659312080632879942429760391460065849747647014375613923229415049328596885130727785905727703011826479688263087103624570291620492541485718173361033568722092032.000000 0.000000 5709378132463698067892644153598312370404425770792651041231131237770640538250493573113503696569432465764222903225117853818863005283688002987100447716698393750610073275317631913942587634067389451658383620548879543601238797791002624.000000 0.000444 158456325028530751065041141760.000000 -0.000000 0.000000 0.000000 0.000000 0.000000 0.000000 0.000000 0.000000 0.000000 0.000000 0.000000 0.000000 0.000000 0.000000 0.000000 0.000000 0.000000 0.000000 0.000000 0.000000 0.000000 158456325028535430586528956416.000000 -0.000000 2951280107730783811503171422287652952774906640816988848273678265403724702360063616915499381402842719697804397889167844785243552484889975259022665352638443033190752502102837183496005869274360591376568708366667818895432220672.000000 0.000000 2595772935336981172544926398419832168754818983956127455887190850511845148331914767534887701117292597259872591129494896514728192932894981875443405785314865684309593572882023106854677132909603668755264426710526792345614962539932144805969082578556912307857554014551932928.000000 0.000000 0.000000 171439353999200940158348123320392185987432946703053487162227579556665192292170817647551282654343371372115486984654181073341167739338581353606335748694330727989248.000000 36204823500631764649195717450617760714214726605286198541626684137516254253420757720584454484271934623904844084521751390035760844967538425404090542170116248984403706362756038034232220143968274176046708161478586810689523041251448884005313047117635485657849013469184.000000 0.000000 11285566333732930028973188189277889977366160233611555045103918619847815913961094663278154662986068319245821022307517308668751633442093109096106573931906609821510005693360599865004929316439011121706840982533703509116028548183854529347606664206747468756848601679530689912629100544.000000 11647794053640510336818983510093186900085726598581063921561868816632656673318367316377234583699685132829895618919473690469311661042881001513531939487744.000000 41734011269589572527444084777261148503945724443796622378802781814909430766378850049523093359234233904825688827032218656495885137707278999611093319340477998440227265627557698749265639734156222651170816.000000 52530112958070291580863634451555561597838875316346638948648268032791198621832343502791275523480345378816.000000 259459196081543599141029834769752493467836026935243989129555305102434060980912668311428806775278945260938673427512712088336011988488122010232332760781302366470144.000000 129148970806140741706892176624881074037644563968037373368665906202472873984.000000 5719866883324519162160244771653561034415805192155408853912486669956103385421179338222363030268728665597111844204469633310359968108057193867863811409927623540088826535268123163692486863492410755732302574453165104460331768382226432.000000 21168642581315719785564393763039529191481990889431692053647536940664655031692540526985216.000000 50475870900951068923607914056293355296335725320545629998881255175784659312080632879942429760391460065849747647014375613923229415049328596885130727785905727703011826479688263087103624570291620492541485718173361033568722092032.000000 0.000000 5709378132463698067892644153598312370404425770792651041231131237770640538250493573113503696569432465764222903225117853818863005283688002987100447716698393750610073275317631913942587634067389451658383620548879543601238797791002624.000000 0.000444 70.000000 -0.000000 2951280107730783811503171422287652952774906640816988848273678265403724702360063616915499381402842719697804397889167844785243552484889975259022665352638443033190752502102837183496005869274360591376568708366667818895432220672.000000 0.000000 2595772935336981172544926398419832168754818983956127455887190850511845148331914767534887701117292597259872591129494896514728192932894981875443405785314865684309593572882023106854677132909603668755264426710526792345614962539932144805969082578556912307857554014551932928.000000 0.000000 0.000000 171439353999200940158348123320392185987432946703053487162227579556665192292170817647551282654343371372115486984654181073341167739338581353606335748694330727989248.000000 36204823500631764649195717450617760714214726605286198541626684137516254253420757720584454484271934623904844084521751390035760844967538425404090542170116248984403706362756038034232220143968274176046708161478586810689523041251448884005313047117635485657849013469184.000000 0.000000 11285566333732930028973188189277889977366160233611555045103918619847815913961094663278154662986068319245821022307517308668751633442093109096106573931906609821510005693360599865004929316439011121706840982533703509116028548183854529347606664206747468756848601679530689912629100544.000000 11647794053640510336818983510093186900085726598581063921561868816632656673318367316377234583699685132829895618919473690469311661042881001513531939487744.000000 41734011269589572527444084777261148503945724443796622378802781814909430766378850049523093359234233904825688827032218656495885137707278999611093319340477998440227265627557698749265639734156222651170816.000000 52530112958070291580863634451555561597838875316346638948648268032791198621832343502791275523480345378816.000000 259459196081543599141029834769752493467836026935243989129555305102434060980912668311428806775278945260938673427512712088336011988488122010232332760781302366470144.000000 129148970806140741706892176624881074037644563968037373368665906202472873984.000000 5719866883324519162160244771653561034415805192155408853912486669956103385421179338222363030268728665597111844204469633310359968108057193867863811409927623540088826535268123163692486863492410755732302574453165104460331768382226432.000000 21168642581315719785564393763039529191481990889431692053647536940664655031692540526985216.000000 50475870900951068923607914056293355296335725320545629998881255175784659312080632879942429760391460065849747647014375613923229415049328596885130727785905727703011826479688263087103624570291620492541485718173361033568722092032.000000 0.000000 5709378132463698067892644153598312370404425770792651041231131237770640538250493573113503696569432465764222903225117853818863005283688002987100447716698393750610073275317631913942587634067389451658383620548879543601238797791002624.000000 0.000444 27.000000 -0.000000 0.000000 0.252470 0.000000 0.000000 0.000000 0.000000 0.000000 0.000000
second_best_insertion_cost : 1000.000000 1000.000000 1000.000000 1000.000000 1000.000000 1000.000000 1000.000000 1000.000000 1000.000000 1000.000000 1000.000000 1000.000000 1000.000000 1000.000000 1000.000000 1000.000000 1000.000000 1000.000000 1000.000000 1000.000000 13.000000 -0.000000 1000.000000 1000.000000 1000.000000 1000.000000 1000.000000 1000.000000 1000.000000 1000.000000 1000.000000 1000.000000 1000.000000 1000.000000 1000.000000 4.281398 1000.000000 1000.000000 1000.000000 1000.000000 1000.000000 1000.000000 158456325028530751065041141760.000000 -0.000000 1000.000000 1000.000000 1000.000000 1000.000000 1000.000000 1000.000000 1000.000000 1000.000000 1000.000000 1000.000000 1000.000000 1000.000000 1000.000000 4.281398 1000.000000 1000.000000 1000.000000 1000.000000 1000.000000 1000.000000 16.000000 -0.000000 1000.000000 1000.000000 1000.000000 1000.000000 1000.000000 1000.000000 1000.000000 1000.000000 1000.000000 1000.000000 1000.000000 1000.000000 1000.000000 1000.000000 1000.000000 1000.000000 1000.000000 1000.000000 1000.000000 1000.000000 11.000000 -0.000000 1000.000000 1000.000000 1000.000000 1000.000000 1000.000000 1000.000000 1000.000000 1000.000000 1000.000000 1000.000000 1000.000000 1000.000000 1000.000000 1000.000000 1000.000000 1000.000000 1000.000000 1000.000000 1000.000000 1000.000000 101.000000 -0.000000 1000.000000 1000.000000 1000.000000 1000.000000 1000.000000 1000.000000 1000.000000 1000.000000 1000.000000 1000.000000 1000.000000 1000.000000 1000.000000 1000.000000 1000.000000 1000.000000 1000.000000 1000.000000 1000.000000 1000.000000 44.000000 -0.000000 1000.000000 1000.000000 1000.000000 1000.000000 1000.000000 1000.000000 1000.000000 1000.000000
best_predecessor : -1 -1 -1 -1 -1 -1 -1 -1 -1 -1 -1 -1 -1 -1 -1 -1 -1 -1 -1 -1 -1 -1 -1 -1 -1 -1 -1 -1 -1 -1 -1 -1 -1 -1 -1 -1 -1 -1 -1 -1 -1 -1 -1 -1 -1 -1 -1 -1 -1 -1 -1 -1 -1 -1 -1 -1 -1 -1 -1 -1 -1 -1 -1 -1 -1 -1 -1 -1 -1 -1 -1 -1 -1 -1 -1 -1 -1 -1 -1 -1 -1 -1 -1 -1 -1 -1 -1 -1 -1 -1 -1 -1 -1 -1 -1 -1 -1 -1 -1 -1 -1 -1 -1 -1 -1 -1 -1 -1 -1 -1 -1 -1 -1 -1 -1 -1 -1 -1 -1 -1 0 1077280768 -2118961767 -1879044608 -1 -1 -1 -1 -1 -1 -1 -1 -1 -1 -1 -1 -1 -1 -1 -1
best_successor : -1 -1 -1 -1 -1 -1 -1 -1 -1 -1 -1 -1 -1 -1 -1 -1 -1 -1 -1 -1 -1 -1 -1 -1 -1 -1 -1 -1 -1 -1 -1 -1 -1 -1 -1 -1 -1 -1 -1 -1 -1 -1 -1 -1 -1 -1 -1 -1 -1 -1 -1 -1 -1 -1 -1 -1 -1 -1 -1 -1 -1 -1 -1 -1 -1 -1 -1 -1 -1 -1 -1 -1 -1 -1 -1 -1 -1 -1 -1 -1 -1 -1 -1 -1 -1 -1 -1 -1 -1 -1 -1 -1 -1 -1 -1 -1 -1 -1 -1 -1 -1 -1 -1 -1 -1 -1 -1 -1 -1 -1 -1 -1 -1 -1 -1 -1 -1 -1 -1 -1 0 1079181312 -2117061242 -2147479808 -1 -1 2 2 128 0 0 -1 -1 2 4 64 0 0 -1 -1
best_vehicle1 : -1 -1 -1 -1 -1 -1 -1 -1 -1 -1 -1 -1 -1 -1 -1 -1 -1 -1 -1 -1 2105239441 1077859412 911736438 1078095064 -1444280505 1077932697 -1900495121 1077283776 2094050179 1077210334 -771303406 1077006377 -1460142582 1077667234 -279854321 1075287555 882123624 1077514920 1951937151 1077044792 -1018309242 1077189061 -1407741205 1077307856 1675128663 1075295521 -1372794442 1077244538 -1255842612 1077061738 1364353841 1077375179 0 0 1165724705 1077786976 0 0 0 0 0 0 0 0 0 0 0 0 0 0 0 0 0 0 0 0 0 0 0 0 0 0 0 0 0 0 0 0 0 0 0 0 0 0 0 0 1035825404 1077218528 -883116505 1076896443 -584651264 1074175241 -350409464 1076149123 -54892459 1073746290 2106961822 1077411474 -1547863434 1077738337 342602386 1077005417 -1992834058 1075424231 1330197432 1078086638 1007667966 1077233761 1948573193 1077256246 -1744375255 1076895623 -2128726724 -1879045703 -1 -1 -1 -1 -1 -1 -1 -1 -1 -1 -1 -1 -1 -1 -1 -1
best_vehicle2 : -1 -1 -1 -1 -1 -1 -1 -1 -1 -1 -1 -1 -1 -1 -1 -1 -1 -1 -1 -1 0 1077018624 0 1078165504 0 1078067200 0 1078067200 0 1078722560 0 1078067200 0 1077805056 0 1079476224 0 1078820864 0 1079099392 0 1079427072 0 1080049664 0 1080066048 0 1079918592 0 1080221696 0 1080115200 0 1080066048 0 1080475648 0 1078788096 0 1078132736 0 1079017472 0 1079050240 0 1079246848 0 1079246848 0 1078984704 0 1079377920 0 1079541760 0 1079508992 0 1080115200 0 1080164352 0 1080229888 0 1080098816 0 1080197120 0 1080557568 0 1080377344 0 1080492032 0 1080606720 0 1080524800 0 1077280768 0 0 0 1074790400 0 1076953088 0 1076625408 0 1076625408 0 1078001664 0 1076625408 0 1075838976 0 1079115776 0 1078099968 0 1078493184 0 1079066624 -2126564067 -1879045632 -1 -1 -1 -1 -1 -1 -1 -1 -1 -1 -1 -1 -1 -1 -1 -1
second_best_vehicle1 : -1 -1 -1 -1 -1 -1 -1 -1 -1 -1 -1 -1 -1 -1 -1 -1 -1 -1 -1 -1 0 1078788096 0 1078788096 0 1078263808 0 1079017472 0 1079181312 0 1079148544 0 1079836672 0 1079934976 0 1080049664 0 1079803904 0 1080000512 0 1080377344 0 1080197120 0 1080311808 0 1080426496 0 1080344576 0 1077018624 0 1074790400 0 0 0 1077215232 0 1077018624 0 1077018624 0 1078132736 0 1077018624 0 1076363264 0 1079181312 0 1078231040 0 1078624256 0 1079132160 0 1079771136 0 1079803904 0 1079623680 0 1080074240 0 1079902208 0 1079803904 0 1080328192 0 1078198272 0 1077149696 0 1078460416 0 1078525952 0 1078919168 0 1078919168 0 1078394880 0 1079083008 0 1079246848 0 1079214080 0 1079902208 0 1080000512 0 1080082432 0 1079869440 0 1080049664 -2124663302 -1879045376 10 4 82 23 21 11 26 87 18 29 20 91 25 33 34 14
second_best_vehicle2 : -1 -1 -1 -1 -1 -1 -1 -1 -1 -1 -1 -1 -1 -1 -1 -1 -1 -1 -1 -1 0 0 0 0 0 0 0 0 0 0 0 0 0 0 0 0 0 0 0 0 0 0 0 0 0 0 0 0 1618148525 1077434522 918755429 1077919486 1516421187 1077622564 -1293226195 1077718838 307639885 1077867250 1998469550 1075162211 0 0 2083075037 1077724276 -848124252 1077343011 -135842297 1077405022 -1254550184 1077139634 1656995529 1077938262 -1653146162 1078046171 -1475679084 1075127870 1063414795 1077837892 556043924 1077831301 325663261 1077541531 -307519514 1075046326 2094050179 1077210334 -1547863434 1077738337 0 0 0 0 0 0 0 0 0 0 0 0 0 0 0 0 0 0 0 0 0 0 0 0 0 0 0 0 0 0 0 0 0 0 -2144979404 -2147483392 0 0 0 0 -152928617 1075380205 1003894370 1074833135 -150409040 1077109498 63393626 1077624085 146042529 1077027644 848976874 1077555231
best_terminal1 : -1 -1 -1 -1 -1 -1 -1 -1 -1 -1 -1 -1 -1 -1 -1 -1 -1 -1 -1 -1 755577905 822685745 -2133131359 -2147474887 8 18 19 12 15 4 13 7 5 11 0 10 16 14 9 1 17 6 2 3 822751286 839463216 -2133000281 -2147474640 7274579 7602278 6357111 6619250 5046364 6488169 7274610 7274611 7602278 5046364 6488169 7274610 7274611 7602278 5439520 4980817 5439520 7471205 6619254 6029426 3145785 909377536 -2133393507 -2147474380 909183280 875639049 875771950 808988937 959657006 856240393 875967497 892350730 808529161 154415369 775172401 154548273 775043121 154678068 154339633 171259444 154546225 154153261 822686257 925774641 822686003 875443256 -2132213869 -2147474167 822752822 755578672 940126257 858861833 942945326 943206665 926495534 856240393 926299145 942682378 808529161 822687241 908997425 822688050 892221240 154208564 909379891 808520248 825035065 154405168 775172401 154219056 -2132607095 -2147473867 873018121 822753590 755576881 839462961 875639049 959460910 859320585 859125038 856240393 808924169 825307402 808529161 822685705 858666289 822687799 892219704 822687029 873018121 822751543 755577393
best_terminal2 : -1 -1 -1 -1 -1 -1 -1 -1 -1 -1 -1 -1 -1 -1 -1 -1 -1 -1 -1 -1 856240393 856306743 -2142044391 -1979707856 42478391 655361 2888 0 142083632 685 142083642 685 5505102 5046348 5111808 4980820 2097229 6619219 7667811 6881394 7929972 5242912 6488161 6357099 6619239 0 -2141913313 -2147479762 7274579 7602278 6357111 6619250 5046364 6488169 7274610 7274611 7602278 5046364 6488169 7274610 7274611 7602278 5439520 4980817 5439520 7471205 6619254 6029426 3145785 154140672 -2140209387 -2147479501 53 53 0 0 126 80 4 4 11 11 14 14 31 31 24 24 34 34 53 73 923350328 856240178 -2141126901 -2147479240 808519991 808529161 923349001 805908530 873017865 873084720 808519992 808529161 923349001 805908530 873017865 873084976 808519993 808529161 923349001 805908530 873017865 889862448 825035056 825830960 775293241 154742836 -2139422975 -2147478990 40 40 2 2 9 9 22 22 8 8 28 28 6 6 26 26 29 29 40 60
request_bank_prior : 
request_bank_non_prior : 
------------------------------------------------------------

