Solution format is:
total_distance
predecessor[0..n_nodes-1]
successor[0..n_nodes-1]
map_to_node[0..n_nodes-1]
map_to_request[0..n_nodes-1]
map_to_vehicle[0..n_nodes-1]
load_mobile[0..n_nodes-1]
load_wheelchair[0..n_nodes-1]
service_start[0..n_nodes-1]
earliest_time[0..n_nodes-1]
latest_time[0..n_nodes-1]
best_insertion_cost[0..n_nodes-1]
second_best_insertion_cost[0..n_nodes-1]
best_predecessor[0..n_nodes-1]
best_successor[0..n_nodes-1]
best_vehicle1[0..n_nodes-1]
best_vehicle2[0..n_nodes-1]
second_best_vehicle1[0..n_nodes-1]
second_best_vehicle2[0..n_nodes-1]
best_terminal1[0..n_nodes-1]
best_terminal2[0..n_nodes-1]
request_bank_prior (list)
request_bank_non_prior (list)

total_distance : 97.864478
predecessor : 85 3 4 42 1 41 20 13 43 15 92 24 27 86 35 57 11 50 16 38 0 82 102 21 23 105 22 7 8 9 10 36 112 30 14 29 18 17 31 19 60 61 62 63 64 65 66 67 68 69 70 71 72 73 74 75 76 77 78 79 40 33 39 32 44 45 46 47 26 49 37 51 52 53 54 55 56 34 58 59 -1 -1 2 -1 -1 5 6 -1 -1 -1 -1 -1 12 -1 -1 -1 -1 -1 -1 -1 -1 -1 106 -1 -1 28 48 -1 -1 -1 -1 -1 25 -1 -1 -1 -1 -1 -1 -1 0 0 -2140787296 -1879047424 -1 -1 -1 -1 -1 -1 -1 -1 -1 -1 -1 -1 -1 -1 -1 -1
successor : 20 4 82 1 2 85 86 27 28 29 30 16 92 7 34 9 18 37 36 39 6 23 26 24 11 112 68 12 105 35 33 38 63 61 77 14 31 70 19 62 60 5 3 8 64 65 66 67 106 69 17 71 72 73 74 75 76 15 78 79 40 41 42 43 44 45 46 47 48 49 50 51 52 53 54 55 56 57 58 59 -1 -1 21 -1 -1 0 13 -1 -1 -1 -1 -1 10 -1 -1 -1 -1 -1 -1 -1 -1 -1 22 -1 -1 25 102 -1 -1 -1 -1 -1 32 -1 -1 -1 -1 -1 -1 -1 0 0 -2122371959 -1879045120 -1 -1 -1 -1 -1 -1 -1 -1 -1 -1 -1 -1 -1 -1 -1 -1
map_to_node : 0 1 2 3 4 5 6 7 8 9 10 11 12 13 14 15 16 17 18 19 20 21 22 23 24 25 26 27 28 29 30 31 32 33 34 35 36 37 38 39 40 41 42 43 44 45 46 47 48 49 50 51 52 53 54 55 56 57 58 59 40 41 42 43 44 45 46 47 48 49 50 51 52 53 54 55 56 57 58 59 -1 -1 108 -1 -1 117 114 -1 -1 -1 -1 -1 72 -1 -1 -1 -1 -1 -1 -1 -1 -1 96 -1 -1 77 96 -1 -1 -1 -1 -1 78 -1 -1 -1 -1 -1 -1 -1 0 0 -2094191909 -1879041536 -1 -1 -1 -1 -1 -1 -1 -1 -1 -1 -1 -1 -1 -1 -1 -1
map_to_request : 0 1 2 3 4 5 6 7 8 9 10 11 12 13 14 15 16 17 18 19 0 1 2 3 4 5 6 7 8 9 10 11 12 13 14 15 16 17 18 19 -1 -1 -1 -1 -1 -1 -1 -1 -1 -1 -1 -1 -1 -1 -1 -1 -1 -1 -1 -1 -1 -1 -1 -1 -1 -1 -1 -1 -1 -1 -1 -1 -1 -1 -1 -1 -1 -1 -1 -1 0 1 2 3 4 5 6 7 8 9 10 11 12 13 14 15 16 17 18 19 0 1 2 3 4 5 6 7 8 9 10 11 12 13 14 15 16 17 18 19 0 0 -2084427452 -1879040256 0 0 1 0 1 0 0 1 0 1 1 0 1 1 0 1
map_to_vehicle : 1 2 2 2 2 1 1 1 3 17 1 2 1 1 17 17 2 10 2 2 1 2 8 2 2 3 8 1 3 17 1 2 3 1 17 17 2 10 2 2 0 1 2 3 4 5 6 7 8 9 10 11 12 13 14 15 16 17 18 19 0 1 2 3 4 5 6 7 8 9 10 11 12 13 14 15 16 17 18 19 -1 -1 2 -1 -1 1 1 -1 -1 -1 -1 -1 1 -1 -1 -1 -1 -1 -1 -1 -1 -1 8 -1 -1 3 8 -1 -1 -1 -1 -1 3 -1 -1 -1 -1 -1 -1 -1 0 0 -2102842785 -1879042560 -1 -1 -1 -1 -1 -1 -1 -1 -1 -1 -1 -1 -1 -1 -1 -1
load_mobile : 1 2 3 1 2 1 1 1 1 1 1 1 1 0 1 0 2 0 3 0 0 1 1 0 0 0 0 0 0 0 0 1 0 0 0 0 2 0 0 0 0 0 0 0 0 0 0 0 0 0 0 0 0 0 0 0 0 0 0 0 0 0 0 0 0 0 0 0 0 0 0 0 0 0 0 0 0 0 0 0 0 0 2 0 0 0 0 0 0 0 0 0 0 0 0 0 0 0 0 0 0 0 2 0 0 1 1 0 0 0 0 0 1 0 0 0 0 0 0 0 0 0 -2108281936 -1879043328 -1 -1 -1 -1 -1 -1 -1 -1 -1 -1 -1 -1 -1 -1 -1 -1
load_wheelchair : 0 0 1 0 1 0 0 1 0 1 1 0 1 1 0 1 0 1 0 1 0 1 0 1 0 0 0 1 0 1 1 0 0 0 0 0 0 0 0 0 0 0 0 0 0 0 0 0 0 0 0 0 0 0 0 0 0 0 0 0 0 0 0 0 0 0 0 0 0 0 0 0 0 0 0 0 0 0 0 0 0 0 1 0 0 0 0 0 0 0 0 0 1 0 0 0 0 0 0 0 0 0 0 0 0 0 0 0 0 0 0 0 0 0 0 0 0 0 0 0 0 0 -2082264795 -1879040000 -1 -1 -1 -1 -1 -1 -1 -1 -1 -1 -1 -1 -1 -1 -1 -1
service_start : 296.452570 286.994096 290.994096 285.994096 287.994096 284.056852 303.112729 325.948052 320.749885 336.000000 337.000000 328.000000 329.825630 322.948052 347.998978 333.000000 342.859265 351.000000 343.859265 359.000000 302.112729 315.777236 334.159449 318.716795 325.000000 341.811743 337.918592 328.825630 328.500369 341.000000 341.000000 350.942414 347.602600 361.672245 354.000000 344.998978 349.942414 369.000000 358.000000 369.000000 288.543557 226.058913 278.541721 314.000000 278.541721 150.542397 109.585308 257.000000 0.000000 0.000000 321.674561 122.032456 321.000000 312.000000 308.000000 350.000000 317.000000 323.000000 0.000000 0.000000 720.000000 720.000000 720.000000 720.000000 720.000000 720.000000 720.000000 720.000000 720.000000 720.000000 720.000000 720.000000 720.000000 720.000000 720.000000 720.000000 720.000000 720.000000 720.000000 720.000000 0.000000 0.000000 293.000000 0.000000 0.000000 287.000000 305.000000 0.000000 0.000000 0.000000 0.000000 0.000000 333.000000 0.000000 0.000000 0.000000 0.000000 0.000000 0.000000 0.000000 0.000000 0.000000 331.610581 0.000000 0.000000 336.431302 330.610581 0.000000 0.000000 0.000000 0.000000 0.000000 346.298901 0.000000 0.000000 0.000000 0.000000 0.000000 0.000000 0.000000 0.970156 -0.000000 2.000488 0.000000 0.000000 285.993897 0.000000 284.056641 0.000000 325.948000 0.000000 336.000000 0.000000 328.000000 0.000000 322.947998 0.000000 333.000000 0.000000 351.000000
earliest_time : 292.000000 280.541721 287.000000 279.541721 284.000000 276.000000 298.660159 314.000000 315.000000 335.000000 324.174370 326.283205 320.000000 311.000000 345.564303 332.000000 328.000000 336.000000 337.000000 354.057586 297.660159 308.000000 307.000000 317.000000 323.283205 336.061858 328.000000 316.877578 322.750483 339.144723 327.223228 346.000000 341.852714 347.000000 351.565326 342.564303 345.000000 350.749387 353.057586 363.190800 288.543557 226.058913 278.541721 314.000000 278.541721 150.542397 109.585308 257.000000 0.000000 0.000000 321.674561 122.032456 321.000000 312.000000 308.000000 350.000000 317.000000 323.000000 0.000000 0.000000 291.543557 350.722098 369.824262 342.852714 279.541721 151.542397 112.585308 258.000000 330.641463 0.000000 357.486109 123.032456 322.000000 315.000000 309.000000 351.000000 318.000000 352.565326 0.000000 0.000000 0.000000 0.000000 289.005904 0.000000 0.000000 278.943148 300.547430 0.000000 0.000000 0.000000 0.000000 0.000000 323.174370 0.000000 0.000000 0.000000 0.000000 0.000000 0.000000 0.000000 0.000000 0.000000 275.461832 0.000000 0.000000 330.681417 274.461832 0.000000 0.000000 0.000000 0.000000 0.000000 340.549015 0.000000 0.000000 0.000000 0.000000 0.000000 0.000000 0.000000 0.000000 -0.000000 296.452570 227.058913 290.994096 289.000000 287.994096 284.056852 303.112729 325.948052 328.249517 336.000000 337.000000 328.000000 329.825630 326.825630 347.998978 333.000000 342.859265 351.000000
latest_time : 307.000000 290.000000 294.000000 289.000000 291.000000 303.056852 321.000000 328.948052 325.147286 336.000000 337.000000 328.000000 332.825630 325.948052 347.998978 333.000000 342.859265 351.000000 343.859265 359.000000 314.000000 315.777236 337.000000 318.716795 325.000000 346.209144 343.000000 331.825630 332.897769 341.000000 341.000000 350.942414 352.000000 362.000000 354.000000 344.998978 349.942414 369.000000 358.000000 369.000000 717.000000 302.056852 288.000000 324.147286 719.000000 719.000000 717.000000 719.000000 333.451131 720.000000 350.000000 719.000000 719.000000 717.000000 719.000000 719.000000 719.000000 330.000000 720.000000 720.000000 720.000000 720.000000 720.000000 720.000000 720.000000 720.000000 720.000000 720.000000 720.000000 720.000000 720.000000 720.000000 720.000000 720.000000 720.000000 720.000000 720.000000 720.000000 720.000000 720.000000 1440.000000 1440.000000 312.976675 1440.000000 1440.000000 306.000000 324.948052 1440.000000 1440.000000 1440.000000 1440.000000 1440.000000 336.000000 1440.000000 1440.000000 1440.000000 1440.000000 1440.000000 1440.000000 1440.000000 1440.000000 1440.000000 334.451131 1440.000000 1440.000000 340.828703 333.451131 1440.000000 1440.000000 1440.000000 1440.000000 1440.000000 350.696301 1440.000000 1440.000000 1440.000000 1440.000000 1440.000000 1440.000000 1440.000000 0.000000 -0.000000 227.058913 293.239207 290.994096 279.541721 285.893420 227.058913 298.660159 301.547430 328.249517 336.000000 325.051948 328.000000 320.877578 317.877578 329.000000 333.000000 343.000000 351.000000
best_insertion_cost : 1000.000000 1000.000000 1000.000000 1000.000000 1000.000000 1000.000000 1000.000000 1000.000000 1000.000000 1000.000000 1000.000000 1000.000000 1000.000000 1000.000000 1000.000000 1000.000000 1000.000000 1000.000000 1000.000000 1000.000000 158456325028530751065041141760.000000 -0.000000 1000.000000 1000.000000 1000.000000 1000.000000 1000.000000 1000.000000 1000.000000 1000.000000 1000.000000 1000.000000 1000.000000 1000.000000 1000.000000 1000.000000 1000.000000 1000.000000 1000.000000 1000.000000 1000.000000 1000.000000 87.000000 -0.000000 1000.000000 1000.000000 1000.000000 1000.000000 1000.000000 1000.000000 1000.000000 1000.000000 1000.000000 1000.000000 1000.000000 1000.000000 1000.000000 1000.000000 1000.000000 1000.000000 1000.000000 1000.000000 1000.000000 1000.000000 100.000000 -0.000000 2951280107730783811503171422287652952774906640816988848273678265403724702360063616915499381402842719697804397889167844785243552484889975259022665352638443033190752502102837183496005869274360591376568708366667818895432220672.000000 0.000000 2595772935336981172544926398419832168754818983956127455887190850511845148331914767534887701117292597259872591129494896514728192932894981875443405785314865684309593572882023106854677132909603668755264426710526792345614962539932144805969082578556912307857554014551932928.000000 0.000000 0.000000 171439353999200940158348123320392185987432946703053487162227579556665192292170817647551282654343371372115486984654181073341167739338581353606335748694330727989248.000000 36204823500631764649195717450617760714214726605286198541626684137516254253420757720584454484271934623904844084521751390035760844967538425404090542170116248984403706362756038034232220143968274176046708161478586810689523041251448884005313047117635485657849013469184.000000 0.000000 11285566333732930028973188189277889977366160233611555045103918619847815913961094663278154662986068319245821022307517308668751633442093109096106573931906609821510005693360599865004929316439011121706840982533703509116028548183854529347606664206747468756848601679530689912629100544.000000 11647794053640510336818983510093186900085726598581063921561868816632656673318367316377234583699685132829895618919473690469311661042881001513531939487744.000000 41734011269589572527444084777261148503945724443796622378802781814909430766378850049523093359234233904825688827032218656495885137707278999611093319340477998440227265627557698749265639734156222651170816.000000 52530112958070291580863634451555561597838875316346638948648268032791198621832343502791275523480345378816.000000 259459196081543599141029834769752493467836026935243989129555305102434060980912668311428806775278945260938673427512712088336011988488122010232332760781302366470144.000000 129148970806140741706892176624881074037644563968037373368665906202472873984.000000 5719866883324519162160244771653561034415805192155408853912486669956103385421179338222363030268728665597111844204469633310359968108057193867863811409927623540088826535268123163692486863492410755732302574453165104460331768382226432.000000 21168642581315719785564393763039529191481990889431692053647536940664655031692540526985216.000000 50475870900951068923607914056293355296335725320545629998881255175784659312080632879942429760391460065849747647014375613923229415049328596885130727785905727703011826479688263087103624570291620492541485718173361033568722092032.000000 0.000000 5709378132463698067892644153598312370404425770792651041231131237770640538250493573113503696569432465764222903225117853818863005283688002987100447716698393750610073275317631913942587634067389451658383620548879543601238797791002624.000000 0.000444 139.000000 -0.000000 1000.000000 1000.000000 1000.000000 1000.000000 1000.000000 1000.000000 1000.000000 1000.000000 1000.000000 1000.000000 1000.000000 1000.000000 1000.000000 1000.000000 1000.000000 1000.000000 1000.000000 1000.000000 1000.000000 1000.000000 54.000000 -0.000000 1000.000000 1000.000000 1000.000000 1000.000000 1000.000000 1000.000000 1000.000000 1000.000000 1000.000000 1000.000000 1000.000000 1000.000000 1000.000000 1000.000000 1000.000000 1000.000000 1000.000000 1000.000000 1000.000000 1000.000000 81.000000 -0.000000 1000.000000 1000.000000 1000.000000 1000.000000 1000.000000 1000.000000 1000.000000 1000.000000
second_best_insertion_cost : 1000.000000 1000.000000 1000.000000 1000.000000 1000.000000 1000.000000 1000.000000 1000.000000 1000.000000 1000.000000 1000.000000 1000.000000 1000.000000 1000.000000 1000.000000 1000.000000 1000.000000 1000.000000 1000.000000 1000.000000 100.000000 -0.000000 2951280107730783811503171422287652952774906640816988848273678265403724702360063616915499381402842719697804397889167844785243552484889975259022665352638443033190752502102837183496005869274360591376568708366667818895432220672.000000 0.000000 2595772935336981172544926398419832168754818983956127455887190850511845148331914767534887701117292597259872591129494896514728192932894981875443405785314865684309593572882023106854677132909603668755264426710526792345614962539932144805969082578556912307857554014551932928.000000 0.000000 0.000000 171439353999200940158348123320392185987432946703053487162227579556665192292170817647551282654343371372115486984654181073341167739338581353606335748694330727989248.000000 36204823500631764649195717450617760714214726605286198541626684137516254253420757720584454484271934623904844084521751390035760844967538425404090542170116248984403706362756038034232220143968274176046708161478586810689523041251448884005313047117635485657849013469184.000000 0.000000 11285566333732930028973188189277889977366160233611555045103918619847815913961094663278154662986068319245821022307517308668751633442093109096106573931906609821510005693360599865004929316439011121706840982533703509116028548183854529347606664206747468756848601679530689912629100544.000000 11647794053640510336818983510093186900085726598581063921561868816632656673318367316377234583699685132829895618919473690469311661042881001513531939487744.000000 41734011269589572527444084777261148503945724443796622378802781814909430766378850049523093359234233904825688827032218656495885137707278999611093319340477998440227265627557698749265639734156222651170816.000000 52530112958070291580863634451555561597838875316346638948648268032791198621832343502791275523480345378816.000000 259459196081543599141029834769752493467836026935243989129555305102434060980912668311428806775278945260938673427512712088336011988488122010232332760781302366470144.000000 129148970806140741706892176624881074037644563968037373368665906202472873984.000000 5719866883324519162160244771653561034415805192155408853912486669956103385421179338222363030268728665597111844204469633310359968108057193867863811409927623540088826535268123163692486863492410755732302574453165104460331768382226432.000000 21168642581315719785564393763039529191481990889431692053647536940664655031692540526985216.000000 50475870900951068923607914056293355296335725320545629998881255175784659312080632879942429760391460065849747647014375613923229415049328596885130727785905727703011826479688263087103624570291620492541485718173361033568722092032.000000 0.000000 5709378132463698067892644153598312370404425770792651041231131237770640538250493573113503696569432465764222903225117853818863005283688002987100447716698393750610073275317631913942587634067389451658383620548879543601238797791002624.000000 0.000444 139.000000 -0.000000 1000.000000 1000.000000 1000.000000 1000.000000 1000.000000 1000.000000 1000.000000 1000.000000 1000.000000 1000.000000 1000.000000 1000.000000 1000.000000 1000.000000 1000.000000 1000.000000 1000.000000 1000.000000 1000.000000 1000.000000 54.000000 -0.000000 1000.000000 1000.000000 1000.000000 1000.000000 1000.000000 1000.000000 1000.000000 1000.000000 1000.000000 1000.000000 1000.000000 1000.000000 1000.000000 1000.000000 1000.000000 1000.000000 1000.000000 1000.000000 1000.000000 1000.000000 81.000000 -0.000000 1000.000000 1000.000000 1000.000000 1000.000000 1000.000000 1000.000000 1000.000000 1000.000000 1000.000000 1000.000000 1000.000000 1000.000000 1000.000000 1000.000000 1000.000000 1000.000000 1000.000000 1000.000000 1000.000000 1000.000000 58.000000 -0.000000 1000.000000 1000.000000 1000.000000 1000.000000 1000.000000 1000.000000 1000.000000 1000.000000 1000.000000 1000.000000 1000.000000 1000.000000 1000.000000 1000.000000 1000.000000 1000.000000 1000.000000 1000.000000 1000.000000 1000.000000 102.000000 -0.000000 1000.000000 1000.000000 1000.000000 1000.000000 1000.000000 1000.000000 1000.000000 1000.000000
best_predecessor : -1 -1 -1 -1 -1 -1 -1 -1 -1 -1 -1 -1 -1 -1 -1 -1 -1 -1 -1 -1 -1 -1 -1 -1 -1 -1 -1 -1 -1 -1 -1 -1 -1 -1 -1 -1 -1 -1 -1 -1 -1 -1 -1 -1 -1 -1 -1 -1 -1 -1 -1 -1 -1 -1 -1 -1 -1 -1 -1 -1 -1 -1 -1 -1 -1 -1 -1 -1 -1 -1 -1 -1 -1 -1 -1 -1 -1 -1 -1 -1 -1 -1 -1 -1 -1 -1 -1 -1 -1 -1 -1 -1 -1 -1 -1 -1 -1 -1 -1 -1 -1 -1 -1 -1 -1 -1 -1 -1 -1 -1 -1 -1 -1 -1 -1 -1 -1 -1 -1 -1 0 0 -2092029256 -1879041280 -1 2 -1 2 -1 -1 -1 -1 -1 -1 -1 -1 -1 1 17 -1
best_successor : -1 -1 -1 -1 -1 -1 -1 -1 -1 -1 -1 -1 -1 -1 -1 -1 -1 -1 -1 -1 -1 -1 -1 -1 -1 -1 -1 -1 -1 -1 -1 -1 -1 -1 -1 -1 -1 -1 -1 -1 -1 -1 -1 -1 -1 -1 -1 -1 -1 -1 -1 -1 -1 -1 -1 -1 -1 -1 -1 -1 -1 -1 -1 -1 -1 -1 -1 -1 -1 -1 -1 -1 -1 -1 -1 -1 -1 -1 -1 -1 -1 -1 -1 -1 -1 -1 -1 -1 -1 -1 -1 -1 -1 -1 -1 -1 -1 -1 -1 -1 -1 -1 -1 -1 -1 -1 -1 -1 -1 -1 -1 -1 -1 -1 -1 -1 -1 -1 -1 -1 0 0 -2077939229 -2147474944 0 0 0 0 0 0 0 0 0 0 0 0 0 0 0 0
best_vehicle1 : -1 -1 -1 -1 -1 -1 -1 -1 -1 -1 -1 -1 -1 -1 -1 -1 -1 -1 -1 -1 0 0 0 0 0 0 0 0 0 0 0 0 0 0 0 0 0 0 0 0 0 0 0 0 0 0 0 0 0 0 0 0 0 0 0 0 0 0 0 0 0 0 0 0 0 0 0 0 0 0 0 0 0 0 0 0 0 0 0 0 0 0 0 0 0 0 0 0 0 0 0 0 0 0 0 0 0 0 0 0 0 0 0 0 0 0 0 0 0 0 0 0 0 0 0 0 0 0 0 0 0 0 -2138624639 -1879047168 20 4 82 1 2 85 86 27 28 29 30 16 92 7 34 9
best_vehicle2 : -1 -1 -1 -1 -1 -1 -1 -1 -1 -1 -1 -1 -1 -1 -1 -1 -1 -1 -1 -1 0 0 0 0 0 0 0 0 0 0 0 0 0 0 0 0 0 0 0 0 0 0 0 0 0 0 0 0 0 0 0 0 0 0 0 0 0 0 0 0 0 0 0 0 0 0 0 0 0 0 0 0 0 0 0 0 0 0 0 0 0 0 0 0 0 0 0 0 0 0 0 0 0 0 0 0 0 0 0 0 0 0 0 0 0 0 0 0 0 0 0 0 0 0 0 0 0 0 0 0 0 0 -2126697269 -1879045632 -1 -1 -1 -1 -1 -1 -1 -1 -1 -1 -1 -1 -1 -1 -1 -1
second_best_vehicle1 : -1 -1 -1 -1 -1 -1 -1 -1 -1 -1 -1 -1 -1 -1 -1 -1 -1 -1 -1 -1 0 0 0 0 0 0 0 0 0 0 0 0 0 0 0 0 0 0 0 0 0 0 0 0 0 0 0 0 0 0 0 0 0 0 0 0 0 0 0 0 0 0 0 0 0 0 0 0 0 0 0 0 0 0 0 0 0 0 0 0 0 0 0 0 0 0 0 0 0 0 0 0 0 0 0 0 0 0 0 0 0 0 0 0 0 0 0 0 0 0 0 0 0 0 0 0 0 0 0 0 0 0 -2100680132 -1879042304 -1 -1 -1 -1 -1 -1 -1 -1 -1 -1 -1 -1 -1 -1 -1 -1
second_best_vehicle2 : -1 -1 -1 -1 -1 -1 -1 -1 -1 -1 -1 -1 -1 -1 -1 -1 -1 -1 -1 -1 0 0 0 0 0 0 0 0 0 0 0 0 0 0 0 0 0 0 0 0 0 0 0 0 0 0 0 0 0 0 0 0 0 0 0 0 0 0 0 0 0 0 0 0 0 0 0 0 0 0 0 0 0 0 0 0 0 0 0 0 0 0 0 0 0 0 0 0 0 0 0 0 0 0 0 0 0 0 0 0 0 0 0 0 0 0 0 0 0 0 0 0 0 0 0 0 0 0 0 0 0 0 -2080102142 -1879039744 -1 -1 -1 -1 -1 -1 -1 -1 -1 -1 -1 -1 -1 -1 -1 -1
best_terminal1 : -1 -1 -1 -1 -1 -1 -1 -1 -1 -1 -1 -1 -1 -1 -1 -1 -1 -1 -1 -1 3145785 942866432 -2144535364 -2147482103 7667823 7340148 7602293 6029427 6619250 7667827 7602284 6226035 6357092 6357108 6881382 6619244 7536735 6422645 6619251 6226036 3014710 7864436 116 808519993 808594697 959787529 -2144666446 -2147481847 7667823 7340148 7602293 6029427 6619250 7667827 7602284 6226035 6357092 6357108 6881382 6619244 7536735 6422645 6619251 6226036 3014711 7864436 116 858982704 154208560 170920240 -2144273240 -2147481544 0 4 2 1 16 11 8 10 14 17 9 15 13 3 6 19 7 18 12 5 825373449 822685961 -2143355730 -1879045878 -1 -1 -1 -1 -1 -1 -1 -1 -1 -1 -1 -1 -1 -1 -1 -1 -1 -1 -1 -1 856241464 856240176 -2142962524 -2147481038 775293237 154482233 925773873 839463219 856242233 856240945 856240393 839528498 942475574 925970478 774975753 154743089 154155314 154480691 154208561 171062067 755578674 908997169 822686512 943140400
best_terminal2 : -1 -1 -1 -1 -1 -1 -1 -1 -1 -1 -1 -1 -1 -1 -1 -1 -1 -1 -1 -1 856241464 856240176 -2142962524 -2147481038 775293237 154482233 925773873 839463219 856242233 856240945 856240393 839528498 942475574 925970478 774975753 154743089 154155314 154480691 154208561 171062067 755578674 908997169 822686512 943140400 959580471 808651059 -2143093606 -2147480783 942803510 775433481 154220848 858665773 808651061 825428274 154208567 959580465 959580724 774910217 154219060 841889581 959580465 825428277 154208564 892471601 808651319 775433481 154285881 774910253 154744888 154548530 -2142700400 -2147480527 -1 -1 -1 -1 1048604 8200 1200 0 0 0 -65536 -1475884790 0 0 0 0 0 0 0 0 0 0 -2141782890 -2147480269 154208561 171455794 755577907 925775153 956903987 859256878 909128457 875770633 822686473 858862345 154481418 925775409 822687541 808726067 858982708 892537141 154208560 909314353 909314616 774975753 755577393 841888049 -2141389684 -2147480055 7274579 7602278 6357111 6619250 5046364 6488169 7274610 7274611 7602278 5046364 6488169 7274610 7274611 7602278 5439520 4980817 5439520 7471205 6619254 6029426
request_bank_prior : 
request_bank_non_prior : 
------------------------------------------------------------

