Solution format is:
total_distance
predecessor[0..n_nodes-1]
successor[0..n_nodes-1]
map_to_node[0..n_nodes-1]
map_to_request[0..n_nodes-1]
map_to_vehicle[0..n_nodes-1]
load_mobile[0..n_nodes-1]
load_wheelchair[0..n_nodes-1]
service_start[0..n_nodes-1]
earliest_time[0..n_nodes-1]
latest_time[0..n_nodes-1]
best_insertion_cost[0..n_nodes-1]
second_best_insertion_cost[0..n_nodes-1]
best_predecessor[0..n_nodes-1]
best_successor[0..n_nodes-1]
best_vehicle1[0..n_nodes-1]
best_vehicle2[0..n_nodes-1]
second_best_vehicle1[0..n_nodes-1]
second_best_vehicle2[0..n_nodes-1]
best_terminal1[0..n_nodes-1]
best_terminal2[0..n_nodes-1]
request_bank_prior (list)
request_bank_non_prior (list)

total_distance : 97.798823
predecessor : 1 55 54 43 10 29 7 22 11 21 2 40 3 8 23 20 31 16 19 56 9 0 4 12 27 5 6 26 13 15 24 28 34 37 14 25 17 36 39 18 60 61 62 63 64 65 66 67 68 69 70 71 72 73 74 75 76 77 78 79 33 41 42 32 44 45 46 47 48 49 50 51 52 53 30 35 38 57 58 59 -1 -1 -1 -1 -1 -1 -1 -1 -1 -1 -1 -1 -1 -1 -1 -1 -1 -1 -1 -1 -1 -1 -1 -1 -1 -1 -1 -1 -1 -1 -1 -1 -1 -1 -1 -1 -1 -1 -1 -1 0 0 -2098659579 -1879042048 -1 -1 -1 -1 -1 -1 -1 -1 -1 -1 -1 -1 -1 -1 -1 -1
successor : 21 0 10 12 22 25 26 6 13 20 4 8 23 28 34 29 17 36 39 18 15 9 7 14 30 35 27 24 31 5 74 16 63 60 32 75 37 33 76 38 11 61 62 3 64 65 66 67 68 69 70 71 72 73 2 1 19 77 78 79 40 41 42 43 44 45 46 47 48 49 50 51 52 53 54 55 56 57 58 59 -1 -1 -1 -1 -1 -1 -1 -1 -1 -1 -1 -1 -1 -1 -1 -1 -1 -1 -1 -1 -1 -1 -1 -1 -1 -1 -1 -1 -1 -1 -1 -1 -1 -1 -1 -1 -1 -1 -1 -1 0 1078591488 -2121072546 -2147480320 0 1077542912 0 1079017472 0 1078853632 0 1078657024 0 1078165504 0 1078460416 0 0 0 0
map_to_node : 0 1 2 3 4 5 6 7 8 9 10 11 12 13 14 15 16 17 18 19 20 21 22 23 24 25 26 27 28 29 30 31 32 33 34 35 36 37 38 39 40 41 42 43 44 45 46 47 48 49 50 51 52 53 54 55 56 57 58 59 40 41 42 43 44 45 46 47 48 49 50 51 52 53 54 55 56 57 58 59 -1 -1 -1 -1 -1 -1 -1 -1 -1 -1 -1 -1 -1 -1 -1 -1 -1 -1 -1 -1 -1 -1 -1 -1 -1 -1 -1 -1 -1 -1 -1 -1 -1 -1 -1 -1 -1 -1 -1 -1 0 1078591488 -2133262060 -1879046400 -1 -1 -1 -1 -1 -1 -1 -1 -1 -1 -1 -1 -1 -1 -1 -1
map_to_request : 0 1 2 3 4 5 6 7 8 9 10 11 12 13 14 15 16 17 18 19 0 1 2 3 4 5 6 7 8 9 10 11 12 13 14 15 16 17 18 19 -1 -1 -1 -1 -1 -1 -1 -1 -1 -1 -1 -1 -1 -1 -1 -1 -1 -1 -1 -1 -1 -1 -1 -1 -1 -1 -1 -1 -1 -1 -1 -1 -1 -1 -1 -1 -1 -1 -1 -1 0 1 2 3 4 5 6 7 8 9 10 11 12 13 14 15 16 17 18 19 0 1 2 3 4 5 6 7 8 9 10 11 12 13 14 15 16 17 18 19 0 1078099968 -2135293641 -1879046656 0 1 2 3 4 5 6 7 8 9 10 11 12 13 14 15
map_to_vehicle : 15 15 14 3 14 15 14 14 0 15 14 0 3 0 3 15 0 0 16 16 15 15 14 3 14 15 14 14 0 15 14 0 3 0 3 15 0 0 16 16 0 1 2 3 4 5 6 7 8 9 10 11 12 13 14 15 16 17 18 19 0 1 2 3 4 5 6 7 8 9 10 11 12 13 14 15 16 17 18 19 -1 -1 -1 -1 -1 -1 -1 -1 -1 -1 -1 -1 -1 -1 -1 -1 -1 -1 -1 -1 -1 -1 -1 -1 -1 -1 -1 -1 -1 -1 -1 -1 -1 -1 -1 -1 -1 -1 -1 -1 0 0 -2090008703 -1879041024 2 1 1 1 2 1 3 2 1 2 1 1 2 1 1 1
load_mobile : 2 1 1 1 2 1 3 2 1 2 1 1 2 1 1 1 1 2 2 1 1 1 1 1 0 0 2 1 1 0 0 0 0 0 1 0 1 0 0 1 0 0 0 0 0 0 0 0 0 0 0 0 0 0 0 0 0 0 0 0 0 0 0 0 0 0 0 0 0 0 0 0 0 0 0 0 0 0 0 0 0 0 0 0 0 0 0 0 0 0 0 0 0 0 0 0 0 0 0 0 0 0 0 0 0 0 0 0 0 0 0 0 0 0 0 0 0 0 0 0 0 0 -2088501650 -1879040768 -1 -1 -1 -1 -1 -1 -1 -1 -1 -1 -1 -1 -1 -1 -1 -1
load_wheelchair : 0 0 0 0 1 1 1 1 1 0 1 0 0 2 1 1 1 1 0 0 0 0 1 0 1 1 1 1 1 1 0 1 0 0 0 0 1 1 0 0 0 0 0 0 0 0 0 0 0 0 0 0 0 0 0 0 0 0 0 0 0 0 0 0 0 0 0 0 0 0 0 0 0 0 0 0 0 0 0 0 0 0 0 0 0 0 0 0 0 0 0 0 0 0 0 0 0 0 0 0 0 0 0 0 0 0 0 0 0 0 0 0 0 0 0 0 0 0 0 0 0 0 -2084438484 -2147475712 0 0 0 0 0 0 0 0 0 0 0 0 0 0 0 0
service_start : 265.876746 260.000000 252.000000 270.000000 256.000000 276.544318 277.344731 276.344731 275.000000 268.596402 253.000000 268.000000 275.556080 278.000000 295.472190 270.953743 297.167231 298.167231 290.709985 289.709985 269.953743 267.596402 275.344731 283.000000 308.000000 279.000000 281.827252 285.000000 288.543557 275.544318 312.000000 296.167231 308.000000 323.000000 300.000000 301.153915 302.401998 308.000000 317.000000 297.089851 158.230201 226.058913 278.541721 262.268215 278.541721 150.542397 109.585308 257.000000 0.000000 0.000000 249.000000 122.032456 254.000000 156.000000 211.863676 237.000000 0.000000 0.000000 0.000000 0.000000 720.000000 720.000000 720.000000 720.000000 720.000000 720.000000 720.000000 720.000000 720.000000 720.000000 720.000000 720.000000 720.000000 720.000000 720.000000 720.000000 720.000000 720.000000 720.000000 720.000000 0.000000 0.000000 0.000000 0.000000 0.000000 0.000000 0.000000 0.000000 0.000000 0.000000 0.000000 0.000000 0.000000 0.000000 0.000000 0.000000 0.000000 0.000000 0.000000 0.000000 0.000000 0.000000 0.000000 0.000000 0.000000 0.000000 0.000000 0.000000 0.000000 0.000000 0.000000 0.000000 0.000000 0.000000 0.000000 0.000000 0.000000 0.000000 0.000000 0.000000 0.000000 -0.000000 265.876746 260.000000 252.000000 270.000000 256.000000 276.544318 277.344731 276.344731 275.000000 268.596402 253.000000 268.000000 275.556080 278.000000 295.472190 270.953743 297.167231 298.167231
earliest_time : 251.000000 245.000000 242.000000 265.268215 246.000000 275.590575 267.000000 266.000000 263.000000 267.000000 243.000000 253.000000 266.268215 266.000000 282.000000 270.000000 289.000000 290.000000 290.000000 289.000000 268.357342 262.000000 265.000000 273.712135 276.707269 278.046257 271.482521 274.655269 274.030781 274.590575 297.000000 288.000000 293.000000 302.958777 286.527810 298.000000 294.234768 299.832769 316.290015 296.379866 158.230201 226.058913 278.541721 262.268215 278.541721 150.542397 109.585308 257.000000 0.000000 0.000000 249.000000 122.032456 254.000000 156.000000 211.863676 237.000000 0.000000 0.000000 0.000000 0.000000 322.962516 227.058913 279.541721 294.000000 279.541721 151.542397 112.585308 258.000000 0.000000 0.000000 250.000000 123.032456 255.000000 159.000000 305.456244 301.141156 324.208597 0.000000 0.000000 0.000000 0.000000 0.000000 0.000000 0.000000 0.000000 0.000000 0.000000 0.000000 0.000000 0.000000 0.000000 0.000000 0.000000 0.000000 0.000000 0.000000 0.000000 0.000000 0.000000 0.000000 0.000000 0.000000 0.000000 0.000000 0.000000 0.000000 0.000000 0.000000 0.000000 0.000000 0.000000 0.000000 0.000000 0.000000 0.000000 0.000000 0.000000 0.000000 0.000000 0.000000 56.000000 -0.000000 265.876746 260.000000 252.000000 270.000000 256.000000 276.544318 277.344731 276.344731 275.000000 268.596402 253.000000 268.000000 275.556080 278.000000 295.472190 270.953743 297.167231 298.167231
latest_time : 265.876746 260.000000 252.000000 270.000000 256.000000 276.544318 277.344731 276.344731 275.000000 268.596402 253.000000 268.000000 275.556080 278.000000 295.472190 270.953743 297.167231 298.167231 290.709985 289.709985 269.953743 267.596402 275.344731 283.000000 308.000000 279.000000 281.827252 285.000000 288.543557 275.544318 312.000000 296.167231 308.000000 323.000000 300.000000 313.000000 302.401998 308.000000 317.000000 297.089851 267.000000 719.000000 719.000000 267.000000 719.000000 719.000000 717.000000 719.000000 720.000000 720.000000 719.000000 719.000000 719.000000 717.000000 251.000000 259.000000 289.709985 720.000000 720.000000 720.000000 720.000000 720.000000 720.000000 720.000000 720.000000 720.000000 720.000000 720.000000 720.000000 720.000000 720.000000 720.000000 720.000000 720.000000 720.000000 720.000000 720.000000 720.000000 720.000000 720.000000 1440.000000 1440.000000 1440.000000 1440.000000 1440.000000 1440.000000 1440.000000 1440.000000 1440.000000 1440.000000 1440.000000 1440.000000 1440.000000 1440.000000 1440.000000 1440.000000 1440.000000 1440.000000 1440.000000 1440.000000 1440.000000 1440.000000 1440.000000 1440.000000 1440.000000 1440.000000 1440.000000 1440.000000 1440.000000 1440.000000 1440.000000 1440.000000 1440.000000 1440.000000 1440.000000 1440.000000 1440.000000 1440.000000 1440.000000 1440.000000 86.000000 -0.000000 251.000000 245.000000 242.000000 265.268215 246.000000 275.590575 267.000000 266.000000 263.000000 267.000000 243.000000 253.000000 266.268215 266.000000 282.000000 270.000000 289.000000 290.000000
best_insertion_cost : 1000.000000 1000.000000 1000.000000 1000.000000 1000.000000 1000.000000 1000.000000 1000.000000 1000.000000 1000.000000 1000.000000 1000.000000 1000.000000 1000.000000 1000.000000 1000.000000 1000.000000 1000.000000 1000.000000 1000.000000 64.000000 -0.000000 2951280107730783811503171422287652952774906640816988848273678265403724702360063616915499381402842719697804397889167844785243552484889975259022665352638443033190752502102837183496005869274360591376568708366667818895432220672.000000 0.000000 2595772935336981172544926398419832168754818983956127455887190850511845148331914767534887701117292597259872591129494896514728192932894981875443405785314865684309593572882023106854677132909603668755264426710526792345614962539932144805969082578556912307857554014551932928.000000 0.000000 0.000000 171439353999200940158348123320392185987432946703053487162227579556665192292170817647551282654343371372115486984654181073341167739338581353606335748694330727989248.000000 36204823500631764649195717450617760714214726605286198541626684137516254253420757720584454484271934623904844084521751390035760844967538425404090542170116248984403706362756038034232220143968274176046708161478586810689523041251448884005313047117635485657849013469184.000000 0.000000 11285566333732930028973188189277889977366160233611555045103918619847815913961094663278154662986068319245821022307517308668751633442093109096106573931906609821510005693360599865004929316439011121706840982533703509116028548183854529347606664206747468756848601679530689912629100544.000000 11647794053640510336818983510093186900085726598581063921561868816632656673318367316377234583699685132829895618919473690469311661042881001513531939487744.000000 41734011269589572527444084777261148503945724443796622378802781814909430766378850049523093359234233904825688827032218656495885137707278999611093319340477998440227265627557698749265639734156222651170816.000000 52530112958070291580863634451555561597838875316346638948648268032791198621832343502791275523480345378816.000000 259459196081543599141029834769752493467836026935243989129555305102434060980912668311428806775278945260938673427512712088336011988488122010232332760781302366470144.000000 129148970806140741706892176624881074037644563968037373368665906202472873984.000000 5719866883324519162160244771653561034415805192155408853912486669956103385421179338222363030268728665597111844204469633310359968108057193867863811409927623540088826535268123163692486863492410755732302574453165104460331768382226432.000000 21168642581315719785564393763039529191481990889431692053647536940664655031692540526985216.000000 50475870900951068923607914056293355296335725320545629998881255175784659312080632879942429760391460065849747647014375613923229415049328596885130727785905727703011826479688263087103624570291620492541485718173361033568722092032.000000 0.000000 5709378132463698067892644153598312370404425770792651041231131237770640538250493573113503696569432465764222903225117853818863005283688002987100447716698393750610073275317631913942587634067389451658383620548879543601238797791002624.000000 0.000444 158456325028530751065041141760.000000 65.000000 36.000000 22.000000 6.000000 0.000000 0.000000 0.000000 -53465618062651961157386408450981504351596435298113692164810090367572426245513852071541969425562922513102788221707642385763142784327048040423995390854197472652683621785403563448736793007819257019760176786816649386225940759347296418660352.000000 14.000003 0.000000 0.000000 nan 70.000000 64.000000 -0.000000 nan nan nan nan nan nan nan nan nan nan 50.000000 29.000000 49.000000 5.000000 20.000000 20.000000 7.000000 24.000000 51.000000 49.000000 33.000000 49.000000 59.000000 64.000000 75.000000 63.000000 38.000000 24.000000 8.000000 6.000000 2.000000 0.000000 22.000000 12.000000 26.000000 34.000000 58.000000 68.000000 62.000000 70.000000 90.000000 80.000000 70.000000 88.000000 86.000000 114.000000 121.000000 132.000000 104.000000 104.000000 72.000000 51.000000 71.000000 17.000000 2.000000 2.000000 15.000000 2.000000 29.000000 27.000000 11.000000 -0.000000 nan nan nan nan nan nan nan nan nan nan 0.000000 10.000000 4.000000 12.000000 36.000000 46.000000 40.000000 48.000000 68.000000 58.000000
second_best_insertion_cost : 1000.000000 1000.000000 1000.000000 1000.000000 1000.000000 1000.000000 1000.000000 1000.000000 1000.000000 1000.000000 1000.000000 1000.000000 1000.000000 1000.000000 1000.000000 1000.000000 1000.000000 1000.000000 1000.000000 1000.000000 158456325028530751065041141760.000000 -0.000000 1000.000000 1000.000000 1000.000000 1000.000000 1000.000000 1000.000000 1000.000000 1000.000000 1000.000000 1000.000000 1000.000000 1000.000000 1000.000000 1000.000000 1000.000000 1000.000000 1000.000000 1000.000000 1000.000000 1000.000000 19.000000 -0.000000 2951280107730783811503171422287652952774906640816988848273678265403724702360063616915499381402842719697804397889167844785243552484889975259022665352638443033190752502102837183496005869274360591376568708366667818895432220672.000000 0.000000 2595772935336981172544926398419832168754818983956127455887190850511845148331914767534887701117292597259872591129494896514728192932894981875443405785314865684309593572882023106854677132909603668755264426710526792345614962539932144805969082578556912307857554014551932928.000000 0.000000 0.000000 171439353999200940158348123320392185987432946703053487162227579556665192292170817647551282654343371372115486984654181073341167739338581353606335748694330727989248.000000 36204823500631764649195717450617760714214726605286198541626684137516254253420757720584454484271934623904844084521751390035760844967538425404090542170116248984403706362756038034232220143968274176046708161478586810689523041251448884005313047117635485657849013469184.000000 0.000000 11285566333732930028973188189277889977366160233611555045103918619847815913961094663278154662986068319245821022307517308668751633442093109096106573931906609821510005693360599865004929316439011121706840982533703509116028548183854529347606664206747468756848601679530689912629100544.000000 11647794053640510336818983510093186900085726598581063921561868816632656673318367316377234583699685132829895618919473690469311661042881001513531939487744.000000 41734011269589572527444084777261148503945724443796622378802781814909430766378850049523093359234233904825688827032218656495885137707278999611093319340477998440227265627557698749265639734156222651170816.000000 52530112958070291580863634451555561597838875316346638948648268032791198621832343502791275523480345378816.000000 259459196081543599141029834769752493467836026935243989129555305102434060980912668311428806775278945260938673427512712088336011988488122010232332760781302366470144.000000 129148970806140741706892176624881074037644563968037373368665906202472873984.000000 5719866883324519162160244771653561034415805192155408853912486669956103385421179338222363030268728665597111844204469633310359968108057193867863811409927623540088826535268123163692486863492410755732302574453165104460331768382226432.000000 21168642581315719785564393763039529191481990889431692053647536940664655031692540526985216.000000 50475870900951068923607914056293355296335725320545629998881255175784659312080632879942429760391460065849747647014375613923229415049328596885130727785905727703011826479688263087103624570291620492541485718173361033568722092032.000000 0.000000 5709378132463698067892644153598312370404425770792651041231131237770640538250493573113503696569432465764222903225117853818863005283688002987100447716698393750610073275317631913942587634067389451658383620548879543601238797791002624.000000 0.000444 17.000000 -0.000000 1000.000000 1000.000000 1000.000000 1000.000000 1000.000000 1000.000000 1000.000000 1000.000000 1000.000000 1000.000000 1000.000000 1000.000000 1000.000000 1000.000000 1000.000000 1000.000000 1000.000000 1000.000000 1000.000000 1000.000000 38.000000 -0.000000 -16.725678 1000.000000 1000.000000 1000.000000 1000.000000 1000.000000 1000.000000 1000.000000 1000.000000 1000.000000 1000.000000 1000.000000 1000.000000 1000.000000 1000.000000 1000.000000 1000.000000 1000.000000 1000.000000 1000.000000 18.000000 -0.000000 1000.000000 1000.000000 1000.000000 1000.000000 1000.000000 1000.000000 1000.000000 1000.000000 1000.000000 1000.000000 1000.000000 1000.000000 1000.000000 1000.000000 1000.000000 1000.000000 1000.000000 1000.000000 1000.000000 1000.000000 19.000000 -0.000000 1000.000000 1000.000000 1000.000000 1000.000000 1000.000000 1000.000000 1000.000000 1000.000000
best_predecessor : -1 -1 -1 -1 -1 -1 -1 -1 -1 -1 -1 -1 -1 -1 -1 -1 -1 -1 -1 -1 -1 -1 -1 -1 -1 -1 -1 -1 -1 -1 -1 -1 -1 -1 -1 -1 -1 -1 -1 -1 -1 -1 -1 -1 -1 -1 -1 -1 -1 -1 -1 -1 -1 -1 -1 -1 -1 -1 -1 -1 -1 -1 -1 -1 -1 -1 -1 -1 -1 -1 -1 -1 -1 -1 -1 -1 -1 -1 -1 -1 -1 -1 -1 -1 -1 -1 -1 -1 -1 -1 -1 -1 -1 -1 -1 -1 -1 -1 -1 -1 -1 -1 -1 -1 -1 -1 -1 -1 -1 -1 -1 -1 -1 -1 -1 -1 -1 -1 -1 -1 0 0 -2096103454 -2147477248 0 0 0 0 0 0 0 0 0 0 0 0 0 0 0 0
best_successor : -1 -1 -1 -1 -1 -1 -1 -1 -1 -1 -1 -1 -1 -1 -1 -1 -1 -1 -1 -1 -1 -1 -1 -1 -1 -1 -1 -1 -1 -1 -1 -1 -1 -1 -1 -1 -1 -1 -1 -1 -1 -1 -1 -1 -1 -1 -1 -1 -1 -1 -1 -1 -1 -1 -1 -1 -1 -1 -1 -1 -1 -1 -1 -1 -1 -1 -1 -1 -1 -1 -1 -1 -1 -1 -1 -1 -1 -1 -1 -1 -1 -1 -1 -1 -1 -1 -1 -1 -1 -1 -1 -1 -1 -1 -1 -1 -1 -1 -1 -1 -1 -1 -1 -1 -1 -1 -1 -1 -1 -1 -1 -1 -1 -1 -1 -1 -1 -1 -1 -1 0 1078067200 -2117009380 -1879044352 -1 -1 -1 -1 -1 -1 -1 -1 -1 -1 -1 -1 -1 -1 -1 -1
best_vehicle1 : -1 -1 -1 -1 -1 -1 -1 -1 -1 -1 -1 -1 -1 -1 -1 -1 -1 -1 -1 -1 0 1077542912 0 1079017472 0 1078853632 0 1078657024 0 1078165504 0 1078460416 0 0 0 0 0 1075838976 0 1075314688 0 1077411840 0 1073741824 0 1076625408 0 1075838976 0 1076101120 0 0 0 0 738197548 1053679 142921536 685 142505328 685 0 0 0 0 0 0 0 0 0 0 0 0 0 0 0 0 0 0 0 0 0 0 0 0 0 0 0 0 0 0 0 0 0 0 0 0 0 0 0 0 0 0 0 0 0 0 0 0 0 0 0 0 0 0 0 0 0 0 0 0 0 0 -2108358504 -2147478784 0 0 0 0 0 0 0 0 0 0 0 0 0 0 0 0
best_vehicle2 : -1 -1 -1 -1 -1 -1 -1 -1 -1 -1 -1 -1 -1 -1 -1 -1 -1 -1 -1 -1 0 1078067200 0 1077149696 0 1072693248 0 0 0 1078198272 0 1077411840 0 1078231040 0 1078263808 0 1077477376 0 1078591488 0 1075838976 0 1075838976 0 1076887552 0 1075052544 0 1078263808 0 1073741824 0 1075838976 0 1076625408 0 1077739520 0 1077149696 0 1079050240 0 1079050240 0 1078853632 0 1079148544 0 1078329344 0 1079083008 0 1078657024 0 1078853632 0 1079214080 0 1079050240 0 1078853632 0 1079181312 0 1079279616 0 1078722560 0 1079312384 0 1078263808 0 1078231040 0 1078427648 0 1078198272 0 1077739520 0 1079181312 0 1078853632 0 1078165504 0 1078198272 0 0 0 1076887552 0 1072693248 0 1073741824 0 1076756480 0 1076363264 0 1078460416 -2142895445 -1879047680 -1 -1 -1 -1 -1 -1 -1 -1 -1 -1 -1 -1 -1 -1 -1 -1
second_best_vehicle1 : -1 -1 -1 -1 -1 -1 -1 -1 -1 -1 -1 -1 -1 -1 -1 -1 -1 -1 -1 -1 0 0 0 0 0 0 0 0 0 0 0 0 0 0 0 0 0 0 0 0 0 0 0 0 0 0 0 0 0 0 0 0 0 0 0 0 0 0 0 0 0 0 0 0 0 0 0 0 0 0 0 0 0 0 0 0 0 0 0 0 0 0 0 0 0 0 0 0 0 0 0 0 0 0 0 0 0 0 0 0 0 0 0 0 0 0 0 0 0 0 0 0 0 0 0 0 0 0 0 0 0 0 -2086470065 -1879040512 0 0 0 0 1 1 1 1 1 0 1 0 0 2 1 1
second_best_vehicle2 : -1 -1 -1 -1 -1 -1 -1 -1 -1 -1 -1 -1 -1 -1 -1 -1 -1 -1 -1 -1 0 1077149696 0 1078001664 0 1074790400 0 1077805056 0 1076625408 0 1077149696 0 1078132736 0 1077673984 0 1078329344 0 1078853632 0 1079017472 0 1078198272 0 1079050240 0 1077542912 0 1077477376 0 1077870592 0 1077411840 0 1076494336 0 1078853632 0 1078329344 0 1077346304 0 1077411840 0 1076887552 0 0 0 1076953088 0 1077018624 0 1072693248 0 1077673984 0 1077936128 0 1076887552 0 1075838976 0 1077084160 0 1077018624 0 1077280768 0 1076887552 0 1076101120 0 1075052544 0 1074790400 0 1078329344 0 1078329344 0 1078067200 0 1078525952 0 1077149696 0 1078394880 0 1077805056 0 1078067200 0 1078657024 0 1078329344 0 1078886400 0 1079197696 0 1079296000 -2140863864 -2147482880 0 1079328768 0 1078296576 0 1078263808 0 1078460416 0 1078231040 0 1077805056 0 1079197696 0 1078886400
best_terminal1 : -1 -1 -1 -1 -1 -1 -1 -1 -1 -1 -1 -1 -1 -1 -1 -1 -1 -1 -1 -1 822688051 841812272 -2145190071 -1979709901 6881357 7471203 7536751 6684783 4259956 6488163 7667823 7602286 6619228 7995502 3014767 6815860 7536741 6881395 7667813 7274560 7602293 7274604 7012463 6488110 7143535 0 -2145058993 -1879046347 -1 -1 -1 -1 -1 -1 -1 -1 -1 -1 -1 -1 -1 -1 -1 -1 -1 -1 -1 -1 841889073 755578674 -2143355067 -1979709388 42478391 655361 2888 0 142083056 685 142083066 685 5505102 5046348 5111808 4980820 2097229 6619219 7667811 6881394 7929972 5242912 6488161 6357099 6619239 0 -2144272581 -1879045837 -1 -1 -1 -1 -1 -1 -1 -1 -1 -1 -1 -1 -1 -1 -1 -1 -1 -1 -1 -1 154481162 959458869 -2142568655 -2147481042 0 4 2 1 16 11 8 10 14 17 9 15 13 3 6 19 7 18 12 5
best_terminal2 : -1 -1 -1 -1 -1 -1 -1 -1 -1 -1 -1 -1 -1 -1 -1 -1 -1 -1 -1 -1 0 0 -2135621697 -1879040204 -1 -1 -1 -1 -1 -1 -1 -1 -1 -1 -1 76 -1 -1 -1 -1 -1 -1 -1 -1 875639049 154548014 -2133917771 -1879039947 -1 -1 -1 -1 -1 -1 -1 -1 -1 -1 -1 -1 -1 -1 -1 -1 -1 -1 -1 -1 825297200 943074867 -2134835285 -1879039687 -1 -1 -1 -1 -1 -1 -1 -1 -1 -1 -1 -1 -1 -1 -1 -1 -1 -1 -1 -1 755577905 822685745 -2133131359 -1879039431 -1 113 -1 -1 -1 -1 -1 94 -1 -1 -1 -1 -1 -1 -1 -1 -1 98 -1 -1 822751286 839463216 -2133000281 -1979702480 6881357 7471203 7536751 6684783 4259956 6488163 7667823 7602286 6619228 7995502 3014767 6815860 7536741 6881395 7667813 7274560 7602293 7274604 7012463 6488110
request_bank_prior : 
request_bank_non_prior : 
------------------------------------------------------------

