Solution format is:
total_distance
predecessor[0..n_nodes-1]
successor[0..n_nodes-1]
map_to_node[0..n_nodes-1]
map_to_request[0..n_nodes-1]
map_to_vehicle[0..n_nodes-1]
load_mobile[0..n_nodes-1]
load_wheelchair[0..n_nodes-1]
service_start[0..n_nodes-1]
earliest_time[0..n_nodes-1]
latest_time[0..n_nodes-1]
best_insertion_cost[0..n_nodes-1]
second_best_insertion_cost[0..n_nodes-1]
best_predecessor[0..n_nodes-1]
best_successor[0..n_nodes-1]
best_vehicle1[0..n_nodes-1]
best_vehicle2[0..n_nodes-1]
second_best_vehicle1[0..n_nodes-1]
second_best_vehicle2[0..n_nodes-1]
best_terminal1[0..n_nodes-1]
best_terminal2[0..n_nodes-1]
request_bank_prior (list)
request_bank_non_prior (list)

total_distance : 71.774400
predecessor : 9 24 6 14 89 49 48 22 15 44 -1 -1 28 26 5 7 -1 -1 -1 -1 21 1 2 3 4 23 92 33 8 109 -1 -1 112 13 -1 -1 -1 -1 -1 -1 60 61 62 63 64 65 66 67 68 69 70 71 72 73 74 75 76 77 78 79 40 41 42 43 20 45 46 47 27 25 50 51 52 53 54 55 56 57 58 32 -1 -1 -1 -1 -1 -1 -1 -1 -1 0 -1 -1 12 -1 -1 -1 -1 -1 -1 -1 -1 -1 -1 -1 -1 -1 -1 -1 -1 59 -1 -1 29 -1 -1 -1 -1 -1 -1 -1 0 0 -2059864871 -1879037184 0 1 2 3 4 5 6 7 8 9 10 11 12 13 14 15
successor : 89 21 22 23 24 14 2 15 28 0 -1 -1 92 33 3 8 -1 -1 -1 -1 64 20 7 25 1 69 13 68 12 112 -1 -1 79 27 -1 -1 -1 -1 -1 -1 60 61 62 63 9 65 66 67 6 5 70 71 72 73 74 75 76 77 78 109 40 41 42 43 44 45 46 47 48 49 50 51 52 53 54 55 56 57 58 59 -1 -1 -1 -1 -1 -1 -1 -1 -1 4 -1 -1 26 -1 -1 -1 -1 -1 -1 -1 -1 -1 -1 -1 -1 -1 -1 -1 -1 29 -1 -1 32 -1 -1 -1 -1 -1 -1 -1 0 0 -2031422933 -1879033600 -1 -1 -1 -1 -1 -1 -1 -1 -1 -1 -1 -1 -1 -1 -1 -1
map_to_node : 0 1 2 3 4 5 6 7 8 9 10 11 12 13 14 15 16 17 18 19 20 21 22 23 24 25 26 27 28 29 30 31 32 33 34 35 36 37 38 39 40 41 42 43 44 45 46 47 48 49 50 51 52 53 54 55 56 57 58 59 40 41 42 43 44 45 46 47 48 49 50 51 52 53 54 55 56 57 58 59 -1 -1 -1 -1 -1 -1 -1 -1 -1 63 -1 -1 96 -1 -1 -1 -1 -1 -1 -1 -1 -1 -1 -1 -1 -1 -1 -1 -1 86 -1 -1 86 -1 -1 -1 -1 -1 -1 -1 0 0 -2021133676 -1879032320 -1 -1 -1 -1 -1 -1 -1 -1 -1 -1 -1 -1 -1 -1 -1 -1
map_to_request : 0 1 2 3 4 5 6 7 8 9 10 11 12 13 14 15 16 17 18 19 0 1 2 3 4 5 6 7 8 9 10 11 12 13 14 15 16 17 18 19 -1 -1 -1 -1 -1 -1 -1 -1 -1 -1 -1 -1 -1 -1 -1 -1 -1 -1 -1 -1 -1 -1 -1 -1 -1 -1 -1 -1 -1 -1 -1 -1 -1 -1 -1 -1 -1 -1 -1 -1 0 1 2 3 4 5 6 7 8 9 10 11 12 13 14 15 16 17 18 19 0 1 2 3 4 5 6 7 8 9 10 11 12 13 14 15 16 17 18 19 0 0 -2057702202 -1879036928 1 1 2 1 1 1 1 1 1 0 0 0 1 0 1 1
map_to_vehicle : 4 4 8 9 4 9 8 8 8 4 -1 -1 8 8 9 8 -1 -1 -1 -1 4 4 8 9 4 9 8 8 8 19 -1 -1 19 8 -1 -1 -1 -1 -1 -1 0 1 2 3 4 5 6 7 8 9 10 11 12 13 14 15 16 17 18 19 0 1 2 3 4 5 6 7 8 9 10 11 12 13 14 15 16 17 18 19 -1 -1 -1 -1 -1 -1 -1 -1 -1 4 -1 -1 8 -1 -1 -1 -1 -1 -1 -1 -1 -1 -1 -1 -1 -1 -1 -1 -1 19 -1 -1 19 -1 -1 -1 -1 -1 -1 -1 0 0 -2023296329 -1879032576 0 1 2 3 4 5 6 7 8 9 10 11 12 13 14 15
load_mobile : 1 1 0 2 1 0 0 1 3 1 2 1 3 3 1 2 0 2 2 1 0 0 0 1 0 1 2 1 2 0 1 0 0 2 0 0 0 1 1 0 0 0 0 0 0 0 0 0 0 0 0 0 0 0 0 0 0 0 0 0 0 0 0 0 0 0 0 0 0 0 0 0 0 0 0 0 0 0 0 0 0 0 0 0 0 0 0 0 0 0 0 0 2 0 0 0 0 0 0 0 0 0 0 0 0 0 0 0 0 1 0 0 1 0 0 0 0 0 0 0 0 0 -2047675613 -1879035648 -1 -1 -1 -1 -1 -1 -1 -1 -1 -1 -1 -1 -1 -1 -1 -1
load_wheelchair : 1 1 2 1 1 1 1 1 1 0 0 0 1 0 1 1 1 0 0 0 0 1 1 1 1 0 0 0 1 0 0 0 0 0 0 0 0 0 0 0 0 0 0 0 0 0 0 0 0 0 0 0 0 0 0 0 0 0 0 0 0 0 0 0 0 0 0 0 0 0 0 0 0 0 0 0 0 0 0 0 0 0 0 0 0 0 0 0 0 1 0 0 1 0 0 0 0 0 0 0 0 0 0 0 0 0 0 0 0 0 0 0 0 0 0 0 0 0 0 0 0 0 -2055801689 -1879036672 -1 -1 -1 -1 -1 -1 -1 -1 -1 -1 -1 -1 -1 -1 -1 -1
service_start : 380.898034 392.000000 383.884521 394.000000 387.601880 390.000000 380.884521 399.000000 404.156129 379.898034 -1.000000 -1.000000 406.987502 415.414864 393.000000 403.156129 -1.000000 -1.000000 -1.000000 -1.000000 409.000000 399.000000 396.000000 398.000000 391.000000 411.071778 412.414864 421.189517 405.987502 416.220881 -1.000000 -1.000000 435.000000 419.613034 -1.000000 -1.000000 -1.000000 -1.000000 -1.000000 -1.000000 391.724549 424.623465 393.741254 347.602600 365.000000 391.724549 109.585308 257.000000 377.000000 372.000000 369.000000 380.486401 321.000000 395.000000 393.000000 350.000000 395.591447 375.000000 426.000000 385.000000 720.000000 720.000000 720.000000 720.000000 720.000000 720.000000 720.000000 720.000000 720.000000 720.000000 720.000000 720.000000 720.000000 720.000000 720.000000 720.000000 720.000000 720.000000 720.000000 720.000000 0.000000 0.000000 0.000000 0.000000 0.000000 0.000000 0.000000 0.000000 0.000000 385.000000 0.000000 0.000000 409.000000 0.000000 0.000000 0.000000 0.000000 0.000000 0.000000 0.000000 0.000000 0.000000 0.000000 0.000000 0.000000 0.000000 0.000000 0.000000 0.000000 413.636140 0.000000 0.000000 433.560027 0.000000 0.000000 0.000000 0.000000 0.000000 0.000000 0.000000 26.261758 -0.000000 379.996484 392.000000 383.884521 382.996484 387.601880 390.000000 391.000000 399.000000 404.156129 379.898034 415.000000 414.348516 406.987502 415.414864 393.000000 403.156129 427.472190 429.000000
earliest_time : 376.000000 385.500086 381.000000 394.000000 381.101966 378.000000 378.000000 396.115479 400.000000 375.000000 404.993703 399.000000 402.831373 409.514520 393.000000 399.000000 425.602835 414.000000 420.000000 433.130645 394.000000 390.550075 393.115479 397.089302 384.500086 401.993703 406.514520 415.289172 401.831373 411.000000 406.880536 403.000000 420.000000 413.712689 434.833908 424.602835 430.130645 419.705385 423.000000 434.350726 391.724549 424.623465 393.741254 347.602600 365.000000 391.724549 109.585308 257.000000 377.000000 372.000000 369.000000 380.486401 321.000000 395.000000 393.000000 350.000000 395.591447 375.000000 426.000000 385.000000 392.724549 425.623465 394.741254 348.602600 407.110155 392.724549 112.585308 258.000000 437.190322 440.488731 372.000000 381.486401 322.000000 398.000000 394.000000 351.000000 396.591447 378.000000 427.000000 421.409683 0.000000 0.000000 0.000000 0.000000 0.000000 0.000000 0.000000 0.000000 0.000000 380.101966 0.000000 0.000000 404.843871 0.000000 0.000000 0.000000 0.000000 0.000000 0.000000 0.000000 0.000000 0.000000 0.000000 0.000000 0.000000 0.000000 0.000000 0.000000 0.000000 386.463249 0.000000 0.000000 413.584741 0.000000 0.000000 0.000000 0.000000 0.000000 0.000000 0.000000 0.000000 -0.000000 2.000488 0.000000 0.000000 394.000000 0.000000 390.000000 0.000000 396.115481 0.000000 375.000000 0.000000 399.831299 0.000000 406.683106 0.000000 397.115479 0.000000 416.958611
latest_time : 382.000000 392.000000 383.884521 394.000000 387.601880 390.000000 380.884521 399.000000 405.900345 381.000000 415.000000 414.348516 408.731718 415.414864 393.000000 404.900345 427.472190 429.000000 422.189517 440.779918 409.000000 399.000000 396.000000 398.000000 391.000000 412.000000 412.414864 421.189517 407.731718 426.000000 417.000000 418.000000 435.000000 419.613034 452.000000 426.472190 432.000000 436.871476 424.869355 442.000000 719.000000 719.000000 719.000000 719.000000 378.000000 719.000000 717.000000 719.000000 379.884521 389.000000 717.000000 719.000000 719.000000 717.000000 719.000000 719.000000 719.000000 717.000000 719.000000 421.952009 720.000000 720.000000 720.000000 720.000000 720.000000 720.000000 720.000000 720.000000 720.000000 720.000000 720.000000 720.000000 720.000000 720.000000 720.000000 720.000000 720.000000 720.000000 720.000000 720.000000 1440.000000 1440.000000 1440.000000 1440.000000 1440.000000 1440.000000 1440.000000 1440.000000 1440.000000 386.601880 1440.000000 1440.000000 410.744216 1440.000000 1440.000000 1440.000000 1440.000000 1440.000000 1440.000000 1440.000000 1440.000000 1440.000000 1440.000000 1440.000000 1440.000000 1440.000000 1440.000000 1440.000000 1440.000000 423.415259 1440.000000 1440.000000 433.560027 1440.000000 1440.000000 1440.000000 1440.000000 1440.000000 1440.000000 1440.000000 0.676799 -0.000000 380.898034 392.000000 383.884521 394.000000 387.601880 390.000000 380.884521 399.000000 404.156129 379.898034 414.071778 414.348516 406.987502 415.414864 393.000000 403.156129 427.472190 416.958611
best_insertion_cost : 1000.000000 1000.000000 1000.000000 1000.000000 1000.000000 1000.000000 1000.000000 1000.000000 1000.000000 1000.000000 1000.000000 1000.000000 1000.000000 1000.000000 1000.000000 1000.000000 1000.000000 1000.000000 1000.000000 1000.000000 0.000000 -0.000000 2951280107730783811503171422287652952774906640816988848273678265403724702360063616915499381402842719697804397889167844785243552484889975259022665352638443033190752502102837183496005869274360591376568708366667818895432220672.000000 0.000000 2595772935336981172544926398419832168754818983956127455887190850511845148331914767534887701117292597259872591129494896514728192932894981875443405785314865684309593572882023106854677132909603668755264426710526792345614962539932144805969082578556912307857554014551932928.000000 0.000000 0.000000 171439353999200940158348123320392185987432946703053487162227579556665192292170817647551282654343371372115486984654181073341167739338581353606335748694330727989248.000000 36204823500631764649195717450617760714214726605286198541626684137516254253420757720584454484271934623904844084521751390035760844967538425404090542170116248984403706362756038034232220143968274176046708161478586810689523041251448884005313047117635485657849013469184.000000 0.000000 11285566333732930028973188189277889977366160233611555045103918619847815913961094663278154662986068319245821022307517308668751633442093109096106573931906609821510005693360599865004929316439011121706840982533703509116028548183854529347606664206747468756848601679530689912629100544.000000 11647794053640510336818983510093186900085726598581063921561868816632656673318367316377234583699685132829895618919473690469311661042881001513531939487744.000000 41734011269589572527444084777261148503945724443796622378802781814909430766378850049523093359234233904825688827032218656495885137707278999611093319340477998440227265627557698749265639734156222651170816.000000 52530112958070291580863634451555561597838875316346638948648268032791198621832343502791275523480345378816.000000 259459196081543599141029834769752493467836026935243989129555305102434060980912668311428806775278945260938673427512712088336011988488122010232332760781302366470144.000000 129148970806140741706892176624881074037644563968037373368665906202472873984.000000 5719866883324519162160244771653561034415805192155408853912486669956103385421179338222363030268728665597111844204469633310359968108057193867863811409927623540088826535268123163692486863492410755732302574453165104460331768382226432.000000 21168642581315719785564393763039529191481990889431692053647536940664655031692540526985216.000000 50475870900951068923607914056293355296335725320545629998881255175784659312080632879942429760391460065849747647014375613923229415049328596885130727785905727703011826479688263087103624570291620492541485718173361033568722092032.000000 0.000000 5709378132463698067892644153598312370404425770792651041231131237770640538250493573113503696569432465764222903225117853818863005283688002987100447716698393750610073275317631913942587634067389451658383620548879543601238797791002624.000000 0.000444 0.000000 -0.000000 2951280107730783811503171422287652952774906640816988848273678265403724702360063616915499381402842719697804397889167844785243552484889975259022665352638443033190752502102837183496005869274360591376568708366667818895432220672.000000 0.000000 2595772935336981172544926398419832168754818983956127455887190850511845148331914767534887701117292597259872591129494896514728192932894981875443405785314865684309593572882023106854677132909603668755264426710526792345614962539932144805969082578556912307857554014551932928.000000 0.000000 0.000000 171439353999200940158348123320392185987432946703053487162227579556665192292170817647551282654343371372115486984654181073341167739338581353606335748694330727989248.000000 36204823500631764649195717450617760714214726605286198541626684137516254253420757720584454484271934623904844084521751390035760844967538425404090542170116248984403706362756038034232220143968274176046708161478586810689523041251448884005313047117635485657849013469184.000000 0.000000 11285566333732930028973188189277889977366160233611555045103918619847815913961094663278154662986068319245821022307517308668751633442093109096106573931906609821510005693360599865004929316439011121706840982533703509116028548183854529347606664206747468756848601679530689912629100544.000000 11647794053640510336818983510093186900085726598581063921561868816632656673318367316377234583699685132829895618919473690469311661042881001513531939487744.000000 41734011269589572527444084777261148503945724443796622378802781814909430766378850049523093359234233904825688827032218656495885137707278999611093319340477998440227265627557698749265639734156222651170816.000000 52530112958070291580863634451555561597838875316346638948648268032791198621832343502791275523480345378816.000000 259459196081543599141029834769752493467836026935243989129555305102434060980912668311428806775278945260938673427512712088336011988488122010232332760781302366470144.000000 129148970806140741706892176624881074037644563968037373368665906202472873984.000000 5719866883324519162160244771653561034415805192155408853912486669956103385421179338222363030268728665597111844204469633310359968108057193867863811409927623540088826535268123163692486863492410755732302574453165104460331768382226432.000000 21168642581315719785564393763039529191481990889431692053647536940664655031692540526985216.000000 50475870900951068923607914056293355296335725320545629998881255175784659312080632879942429760391460065849747647014375613923229415049328596885130727785905727703011826479688263087103624570291620492541485718173361033568722092032.000000 0.000000 5709378132463698067892644153598312370404425770792651041231131237770640538250493573113503696569432465764222903225117853818863005283688002987100447716698393750610073275317631913942587634067389451658383620548879543601238797791002624.000000 0.000444 0.000000 -0.000000 2951280107730783811503171422287652952774906640816988848273678265403724702360063616915499381402842719697804397889167844785243552484889975259022665352638443033190752502102837183496005869274360591376568708366667818895432220672.000000 0.000000 2595772935336981172544926398419832168754818983956127455887190850511845148331914767534887701117292597259872591129494896514728192932894981875443405785314865684309593572882023106854677132909603668755264426710526792345614962539932144805969082578556912307857554014551932928.000000 0.000000 0.000000 171439353999200940158348123320392185987432946703053487162227579556665192292170817647551282654343371372115486984654181073341167739338581353606335748694330727989248.000000 36204823500631764649195717450617760714214726605286198541626684137516254253420757720584454484271934623904844084521751390035760844967538425404090542170116248984403706362756038034232220143968274176046708161478586810689523041251448884005313047117635485657849013469184.000000 0.000000 11285566333732930028973188189277889977366160233611555045103918619847815913961094663278154662986068319245821022307517308668751633442093109096106573931906609821510005693360599865004929316439011121706840982533703509116028548183854529347606664206747468756848601679530689912629100544.000000 11647794053640510336818983510093186900085726598581063921561868816632656673318367316377234583699685132829895618919473690469311661042881001513531939487744.000000 41734011269589572527444084777261148503945724443796622378802781814909430766378850049523093359234233904825688827032218656495885137707278999611093319340477998440227265627557698749265639734156222651170816.000000 52530112958070291580863634451555561597838875316346638948648268032791198621832343502791275523480345378816.000000 259459196081543599141029834769752493467836026935243989129555305102434060980912668311428806775278945260938673427512712088336011988488122010232332760781302366470144.000000 129148970806140741706892176624881074037644563968037373368665906202472873984.000000 5719866883324519162160244771653561034415805192155408853912486669956103385421179338222363030268728665597111844204469633310359968108057193867863811409927623540088826535268123163692486863492410755732302574453165104460331768382226432.000000 21168642581315719785564393763039529191481990889431692053647536940664655031692540526985216.000000 50475870900951068923607914056293355296335725320545629998881255175784659312080632879942429760391460065849747647014375613923229415049328596885130727785905727703011826479688263087103624570291620492541485718173361033568722092032.000000 0.000000 5709378132463698067892644153598312370404425770792651041231131237770640538250493573113503696569432465764222903225117853818863005283688002987100447716698393750610073275317631913942587634067389451658383620548879543601238797791002624.000000 0.000444 0.000000 -0.000000 1000.000000 1000.000000 1000.000000 1000.000000 1000.000000 1000.000000 1000.000000 1000.000000 -1997.114983 1000.000000 1000.000000 1000.000000 1000.000000 1000.000000 1000.000000 -1997.114983 1000.000000 -1997.114983 1000.000000 -1997.114983 0.000000 -0.000000 1000.000000 1000.000000 1000.000000 1000.000000 1000.000000 1000.000000 1000.000000 1000.000000 1000.000000 1000.000000 1000.000000 1000.000000 1000.000000 1000.000000 1000.000000 1000.000000 1000.000000 1000.000000 1000.000000 1000.000000 0.000000 -0.000000 -13.771571 0.014929 0.736914 1.477926 0.036974 -9.373586 3.669876 3.873357
second_best_insertion_cost : 1000.000000 1000.000000 1000.000000 1000.000000 1000.000000 1000.000000 1000.000000 1000.000000 1000.000000 1000.000000 1000.000000 1000.000000 1000.000000 1000.000000 1000.000000 1000.000000 1000.000000 1000.000000 1000.000000 1000.000000 158456325028530751065041141760.000000 -0.000000 1000.000000 1000.000000 1000.000000 1000.000000 1000.000000 1000.000000 1000.000000 1000.000000 1000.000000 1000.000000 1000.000000 1000.000000 1000.000000 1000.000000 1000.000000 1000.000000 1000.000000 1000.000000 1000.000000 1000.000000 0.000000 -0.000000 21.914215 1000.000000 6.591726 1000.000000 1000.000000 1000.000000 1000.000000 1000.000000 1000.000000 1000.000000 1000.000000 1000.000000 1000.000000 1000.000000 1000.000000 1000.000000 1000.000000 1000.000000 1000.000000 1000.000000 158456325028530751065041141760.000000 -0.000000 2951280107730783811503171422287652952774906640816988848273678265403724702360063616915499381402842719697804397889167844785243552484889975259022665352638443033190752502102837183496005869274360591376568708366667818895432220672.000000 0.000000 2595772935336981172544926398419832168754818983956127455887190850511845148331914767534887701117292597259872591129494896514728192932894981875443405785314865684309593572882023106854677132909603668755264426710526792345614962539932144805969082578556912307857554014551932928.000000 0.000000 0.000000 171439353999200940158348123320392185987432946703053487162227579556665192292170817647551282654343371372115486984654181073341167739338581353606335748694330727989248.000000 36204823500631764649195717450617760714214726605286198541626684137516254253420757720584454484271934623904844084521751390035760844967538425404090542170116248984403706362756038034232220143968274176046708161478586810689523041251448884005313047117635485657849013469184.000000 0.000000 11285566333732930028973188189277889977366160233611555045103918619847815913961094663278154662986068319245821022307517308668751633442093109096106573931906609821510005693360599865004929316439011121706840982533703509116028548183854529347606664206747468756848601679530689912629100544.000000 11647794053640510336818983510093186900085726598581063921561868816632656673318367316377234583699685132829895618919473690469311661042881001513531939487744.000000 41734011269589572527444084777261148503945724443796622378802781814909430766378850049523093359234233904825688827032218656495885137707278999611093319340477998440227265627557698749265639734156222651170816.000000 52530112958070291580863634451555561597838875316346638948648268032791198621832343502791275523480345378816.000000 259459196081543599141029834769752493467836026935243989129555305102434060980912668311428806775278945260938673427512712088336011988488122010232332760781302366470144.000000 129148970806140741706892176624881074037644563968037373368665906202472873984.000000 5719866883324519162160244771653561034415805192155408853912486669956103385421179338222363030268728665597111844204469633310359968108057193867863811409927623540088826535268123163692486863492410755732302574453165104460331768382226432.000000 21168642581315719785564393763039529191481990889431692053647536940664655031692540526985216.000000 50475870900951068923607914056293355296335725320545629998881255175784659312080632879942429760391460065849747647014375613923229415049328596885130727785905727703011826479688263087103624570291620492541485718173361033568722092032.000000 0.000000 5709378132463698067892644153598312370404425770792651041231131237770640538250493573113503696569432465764222903225117853818863005283688002987100447716698393750610073275317631913942587634067389451658383620548879543601238797791002624.000000 0.000444 158456325028530751065041141760.000000 -0.000000 2951280107730783811503171422287652952774906640816988848273678265403724702360063616915499381402842719697804397889167844785243552484889975259022665352638443033190752502102837183496005869274360591376568708366667818895432220672.000000 0.000000 2595772935336981172544926398419832168754818983956127455887190850511845148331914767534887701117292597259872591129494896514728192932894981875443405785314865684309593572882023106854677132909603668755264426710526792345614962539932144805969082578556912307857554014551932928.000000 0.000000 0.000000 171439353999200940158348123320392185987432946703053487162227579556665192292170817647551282654343371372115486984654181073341167739338581353606335748694330727989248.000000 36204823500631764649195717450617760714214726605286198541626684137516254253420757720584454484271934623904844084521751390035760844967538425404090542170116248984403706362756038034232220143968274176046708161478586810689523041251448884005313047117635485657849013469184.000000 0.000000 11285566333732930028973188189277889977366160233611555045103918619847815913961094663278154662986068319245821022307517308668751633442093109096106573931906609821510005693360599865004929316439011121706840982533703509116028548183854529347606664206747468756848601679530689912629100544.000000 11647794053640510336818983510093186900085726598581063921561868816632656673318367316377234583699685132829895618919473690469311661042881001513531939487744.000000 41734011269589572527444084777261148503945724443796622378802781814909430766378850049523093359234233904825688827032218656495885137707278999611093319340477998440227265627557698749265639734156222651170816.000000 52530112958070291580863634451555561597838875316346638948648268032791198621832343502791275523480345378816.000000 259459196081543599141029834769752493467836026935243989129555305102434060980912668311428806775278945260938673427512712088336011988488122010232332760781302366470144.000000 129148970806140741706892176624881074037644563968037373368665906202472873984.000000 5719866883324519162160244771653561034415805192155408853912486669956103385421179338222363030268728665597111844204469633310359968108057193867863811409927623540088826535268123163692486863492410755732302574453165104460331768382226432.000000 21168642581315719785564393763039529191481990889431692053647536940664655031692540526985216.000000 50475870900951068923607914056293355296335725320545629998881255175784659312080632879942429760391460065849747647014375613923229415049328596885130727785905727703011826479688263087103624570291620492541485718173361033568722092032.000000 0.000000 5709378132463698067892644153598312370404425770792651041231131237770640538250493573113503696569432465764222903225117853818863005283688002987100447716698393750610073275317631913942587634067389451658383620548879543601238797791002624.000000 0.000444 0.000000 -0.000000 1000.000000 1000.000000 1000.000000 1000.000000 0.120504 0.037945 0.053719 0.117012 0.048366 1000.000000 0.053454 0.141112 0.077789 0.139222 0.239482 0.116651 0.164677 0.324960 0.549327 0.189483 0.000000 -0.000000 1000.000000 1000.000000 1000.000000 1000.000000 1000.000000 1000.000000 1000.000000 1000.000000
best_predecessor : -1 -1 -1 -1 -1 -1 -1 -1 -1 -1 -1 -1 -1 -1 -1 -1 -1 -1 -1 -1 -1 -1 -1 -1 -1 -1 -1 -1 -1 -1 -1 -1 -1 -1 -1 -1 -1 -1 -1 -1 -1 -1 -1 -1 -1 -1 -1 -1 -1 -1 -1 -1 -1 -1 -1 -1 -1 -1 -1 -1 -1 -1 -1 -1 -1 -1 -1 -1 -1 -1 -1 -1 -1 -1 -1 -1 -1 -1 -1 -1 -1 -1 -1 -1 -1 -1 -1 -1 -1 -1 -1 -1 -1 -1 -1 -1 -1 -1 -1 -1 -1 -1 -1 -1 -1 -1 -1 -1 -1 -1 -1 -1 -1 -1 -1 -1 -1 -1 -1 -1 0 0 -2027359511 -1879033088 1 1 2 1 1 1 1 1 1 0 0 0 1 0 1 1
best_successor : -1 -1 -1 -1 -1 -1 -1 -1 -1 -1 -1 -1 -1 -1 -1 -1 -1 -1 -1 -1 -1 -1 -1 -1 -1 -1 -1 -1 -1 -1 -1 -1 -1 -1 -1 -1 -1 -1 -1 -1 -1 -1 -1 -1 -1 -1 -1 -1 -1 -1 -1 -1 -1 -1 -1 -1 -1 -1 -1 -1 -1 -1 -1 -1 -1 -1 -1 -1 -1 -1 -1 -1 -1 -1 -1 -1 -1 -1 -1 -1 -1 -1 -1 -1 -1 -1 -1 -1 -1 -1 -1 -1 -1 -1 -1 -1 -1 -1 -1 -1 -1 -1 -1 -1 -1 -1 -1 -1 -1 -1 -1 -1 -1 -1 -1 -1 -1 -1 -1 -1 0 0 -2019233419 -2147467520 -1 -1 2 2 128 0 0 -1 -1 2 4 64 0 0 -1 -1
best_vehicle1 : -1 -1 -1 -1 -1 -1 -1 -1 -1 -1 -1 -1 -1 -1 -1 -1 -1 -1 -1 -1 0 0 0 0 0 0 0 0 0 0 0 0 0 0 0 0 0 0 0 0 0 0 0 0 0 0 0 0 0 0 0 0 0 0 0 0 0 0 0 0 0 0 0 0 0 0 0 0 0 0 0 0 0 0 0 0 0 0 0 0 0 0 0 0 0 0 0 0 0 0 0 0 0 0 0 0 0 0 0 0 0 0 0 0 0 0 0 0 0 0 0 0 0 0 0 0 0 0 0 0 0 0 -2049576126 -1879035904 1 1 0 2 1 0 0 1 3 1 2 1 3 3 1 2
best_vehicle2 : -1 -1 -1 -1 -1 -1 -1 -1 -1 -1 -1 -1 -1 -1 -1 -1 -1 -1 -1 -1 0 0 0 0 0 0 0 0 0 0 0 0 0 0 0 0 0 0 0 0 0 0 0 0 0 0 0 0 0 0 0 0 0 0 0 0 0 0 0 0 0 0 0 0 0 0 0 0 0 0 0 0 0 0 0 0 0 0 0 0 0 0 0 0 0 0 0 0 0 0 0 0 0 0 0 0 0 0 0 0 0 0 0 0 0 0 0 0 0 0 0 0 0 0 0 0 0 0 0 0 0 0 -2029260280 -1879033344 -1 -1 -1 -1 -1 -1 -1 -1 -1 -1 -1 -1 -1 -1 -1 -1
second_best_vehicle1 : -1 -1 -1 -1 -1 -1 -1 -1 -1 -1 -1 -1 -1 -1 -1 -1 -1 -1 -1 -1 0 0 0 0 0 0 0 0 0 0 0 0 0 0 0 0 0 0 0 0 0 0 0 0 0 0 0 0 0 0 0 0 0 0 0 0 0 0 0 0 0 0 0 0 0 0 0 0 0 0 0 0 0 0 0 0 0 0 0 0 0 0 0 0 0 0 0 0 0 0 0 0 0 0 0 0 0 0 0 0 0 0 0 0 0 0 0 0 0 0 0 0 0 0 0 0 0 0 0 0 0 0 -2045512960 -1879035392 -1 -1 -1 -1 -1 -1 -1 -1 -1 -1 -1 -1 -1 -1 -1 -1
second_best_vehicle2 : -1 -1 -1 -1 -1 -1 -1 -1 -1 -1 -1 -1 -1 -1 -1 -1 -1 -1 -1 -1 0 0 0 0 0 0 0 0 0 0 0 0 0 0 0 0 0 0 0 0 0 0 0 0 0 0 0 0 0 0 0 0 0 0 0 0 0 0 0 0 0 0 0 0 0 0 0 0 0 0 0 0 0 0 0 0 0 0 0 0 0 0 0 0 0 0 0 0 0 0 0 0 0 0 0 0 0 0 0 0 0 0 0 0 0 0 0 0 0 0 0 0 0 0 0 0 0 0 0 0 0 0 -2043612191 -2147470592 0 0 0 0 0 0 0 0 0 0 0 0 0 0 0 0
best_terminal1 : -1 -1 -1 -1 -1 -1 -1 -1 -1 -1 -1 -1 -1 -1 -1 -1 -1 -1 -1 -1 154285109 154153527 -2140210306 -1879043790 -1 -1 -1 -1 -1 -1 -1 -1 -1 -1 -1 -1 -1 -1 -1 -1 -1 -1 -1 -1 755579193 859254324 -2139817100 -1879043529 -1 -1 -1 -1 -1 -1 -1 -1 -1 -1 -1 -1 -1 -1 -1 -1 -1 -1 -1 -1 171390260 923349301 -2139948182 -1879043319 -1 -1 -1 -1 -1 -1 -1 -1 -1 -1 -1 -1 -1 -1 -1 -1 -1 -1 -1 -1 0 0 -2139554976 -1979706318 42478391 655361 2888 0 144196032 685 144196042 685 5505102 5046348 5111808 4980820 2097229 6619219 7667811 6881394 7929972 5242912 6488161 6357099 6619239 0 -2138637466 -1879042767 -1 -1 -1 -1 -1 -1 -1 -1 -1 -1 -1 -1 -1 -1 -1 -1 -1 -1 -1 -1
best_terminal2 : -1 -1 -1 -1 -1 -1 -1 -1 -1 -1 -1 -1 -1 -1 -1 -1 -1 -1 -1 -1 0 0 -2139554976 -1979706318 42478391 655361 2888 0 144196032 685 144196042 685 5505102 5046348 5111808 4980820 2097229 6619219 7667811 6881394 7929972 5242912 6488161 6357099 6619239 0 -2138637466 -1879042767 -1 -1 -1 -1 -1 -1 -1 -1 -1 -1 -1 -1 -1 -1 -1 -1 -1 -1 -1 -1 926431534 942813961 -2138244260 -1879042511 -1 -1 -1 -1 -1 -1 -1 -1 -1 -1 -1 -1 -1 -1 -1 -1 -1 -1 -1 -1 943010313 825766190 -2138375342 -1979705554 42478391 655361 2888 0 144196320 685 144196330 685 5505102 5046348 5111808 4980820 2097229 6619219 7667811 6881394 7929972 5242912 6488161 6357099 6619239 0 -2137982136 -1879042039 -1 -1 -1 -1 -1 -1 -1 -1 -1 -1 -1 -1 -1 -1 -1 -1 -1 -1 -1 -1
request_bank_prior : 
request_bank_non_prior : 
------------------------------------------------------------

