=============================================
SUBPROBLEM 2 OUTPUT
n_requests=20  n_vehicles=20  n_terminals=80  n_nodes=140  n_references=120
=============================================

[NODES]
id	x	y	TWl	TWu	serv	type	actual
0	-8.158	-13.919	120	147	1	0	160
1	11.083	6.195	135	154	3	0	40
2	9.346	10.477	130	155	1	0	12
3	-8.815	4.089	142	164	3	0	130
4	9.949	12.263	139	164	1	0	32
5	-4.927	6.703	139	164	1	0	116
6	-10.701	-13.545	153	170	1	0	174
7	-11.618	8.587	138	165	1	0	144
8	10.591	-10.317	134	163	3	0	62
9	15.227	-13.845	172	189	1	0	70
10	11.996	11.373	147	179	1	0	30
11	-12.85	-4.675	154	184	1	0	194
12	-8.851	-7.507	165	193	1	0	176
13	-8.107	-9.655	190	207	1	0	186
14	10.421	-7.21	190	209	1	0	56
15	-8.709	-12.945	179	209	1	0	150
16	11.447	10.333	199	219	3	0	36
17	7.1	-12.547	190	215	1	0	54
18	-8.038	8.667	185	214	1	0	114
19	-7.589	11.439	216	233	1	0	128
20	9.435	1.329	155	170	1	1	360
21	8.305	11.663	145	160	3	1	240
22	-9.89	11.709	159	174	1	1	212
23	-17.898	11.542	160	175	3	1	330
24	-7.271	15.481	166	181	1	1	232
25	-10.043	-10.358	166	181	1	1	316
26	-8.202	-15.454	158	173	1	1	374
27	9.049	7.567	170	185	1	1	344
28	-9.772	7.442	175	190	3	1	262
29	15.679	-14.608	174	189	1	1	270
30	-13.395	-6.989	195	210	1	1	230
31	13.276	8.355	198	213	1	1	394
32	8.058	10.22	202	217	1	1	376
33	-10.404	-10.647	194	209	1	1	386
34	6.308	-11.652	200	215	1	1	256
35	7.02	10.861	222	237	1	1	350
36	4.624	7.138	211	226	3	1	236
37	-11.384	-11.628	218	233	1	1	254
38	9.238	-10.886	225	240	1	1	314
39	-7.723	13.524	220	235	1	1	328
40	5.027	6.257	158.23	720	1	2	298
41	-20	-10	47	720	1	2	441
42	9.049	7.567	185	720	1	2	344
43	10	10	0	720	0	2	403
44	10	10	0	720	0	2	404
45	6.098	-1.692	150.542	720	1	2	266
46	10.212	-2.947	109.585	720	3	2	288
47	10	-10	0	720	0	2	407
48	10	-10	0	720	0	2	408
49	10	-10	0	720	0	2	409
50	12	-10	157	720	1	2	457
51	7.551	-7.605	122.032	720	1	2	296
52	-10	10	0	720	0	2	412
53	7.172	10.889	156	720	3	2	312
54	13.067	12.792	146	720	1	2	238
55	-11.662	-12.22	124	720	1	2	372
56	-10	-10	0	720	0	2	416
57	-10	-10	0	720	0	2	417
58	-10	-10	0	720	0	2	418
59	-10	-10	0	720	0	2	419
60	-20	10	147.5	221.227	1	3	420
61	-18	10	145.537	223.136	1	3	421
62	-16	10	143.604	225.004	1	3	422
63	-14	10	141.77	226.801	1	3	423
64	-12	10	140.464	228.458	1	3	424
65	-10	10	141.148	229.804	1	3	425
66	-8	10	142.884	230.465	1	3	426
67	-6	10	143.467	230.077	1	3	427
68	-4	10	143.425	228.874	1	3	428
69	-2	10	142.356	227.279	1	3	429
70	0	10	140.358	228.927	1	3	430
71	2	10	138.361	230.907	1	3	431
72	4	10	136.367	232.86	1	3	432
73	6	10	134.38	234.665	1	3	433
74	8	10	132.428	234.695	1	3	434
75	10	10	131.809	232.898	1	3	435
76	12	10	133.697	230.946	1	3	436
77	14	10	135.678	228.967	1	3	437
78	16	10	137.671	226.979	1	3	438
79	18	10	139.667	224.986	1	3	439
80	20	10	141.665	222.991	1	3	440
81	-20	-10	133.474	223.232	1	3	441
82	-18	-10	131.594	225.187	1	3	442
83	-16	-10	129.767	227.105	1	3	443
84	-14	-10	128.035	228.919	1	3	444
85	-12	-10	126.488	230.259	1	3	445
86	-10	-10	125.33	229.863	1	3	446
87	-8	-10	124.922	228.245	1	3	447
88	-6	-10	125.474	226.375	1	3	448
89	-4	-10	126.714	225.732	1	3	449
90	-2	-10	128.299	227.727	1	3	450
91	0	-10	130.05	229.72	1	3	451
92	2	-10	131.888	231.708	1	3	452
93	4	-10	133.774	233.688	1	3	453
94	6	-10	135.69	235.643	1	3	454
95	8	-10	137.626	237.478	1	3	455
96	10	-10	137.671	237.831	1	3	456
97	12	-10	138.444	236.099	1	3	457
98	14	-10	140.424	234.156	1	3	458
99	16	-10	142.418	232.18	1	3	459
100	18	-10	144.416	230.193	1	3	460
101	20	-10	146.414	228.202	1	3	461
102	-10	20	150.527	227.135	1	3	462
103	-10	18	148.551	228.978	1	3	463
104	-10	16	146.588	230.636	1	3	464
105	-10	14	144.65	231.674	1	3	465
106	-10	12	142.777	231.26	1	3	466
107	-10	8	140.721	228.025	1	3	467
108	-10	6	141.004	226.139	1	3	468
109	-10	4	139.013	224.208	1	3	469
110	-10	2	137.025	222.253	1	3	470
111	-10	0	135.04	220.29	1	3	471
112	-10	-2	133.06	222.273	1	3	472
113	-10	-4	131.089	224.247	1	3	473
114	-10	-6	129.13	226.204	1	3	474
115	-10	-8	127.199	228.117	1	3	475
116	-10	-12	123.66	230.567	1	3	476
117	-10	-14	122.844	229.254	1	3	477
118	-10	-16	123.779	227.414	1	3	478
119	-10	-18	125.477	225.479	1	3	479
120	-10	-20	127.354	223.514	1	3	480
121	10	20	140.545	226.387	1	3	481
122	10	18	138.551	228.264	1	3	482
123	10	16	136.562	230.059	1	3	483
124	10	14	134.583	231.672	1	3	484
125	10	12	132.657	232.81	1	3	485
126	10	8	133.562	231.869	1	3	486
127	10	6	135.525	230.298	1	3	487
128	10	4	137.51	228.52	1	3	488
129	10	2	139.502	226.651	1	3	489
130	10	0	141.497	228.087	1	3	490
131	10	-2	142.72	230.081	1	3	491
132	10	-4	141.691	232.072	1	3	492
133	10	-6	140.81	234.055	1	3	493
134	10	-8	139.391	236.015	1	3	494
135	10	-12	138.784	237.65	1	3	495
136	10	-14	139.158	235.794	1	3	496
137	10	-16	139.277	233.83	1	3	497
138	10	-18	139.611	231.845	1	3	498
139	10	-20	140.149	229.854	1	3	499
