=============================================
SUBPROBLEM 11 OUTPUT
n_requests=20  n_vehicles=20  n_terminals=80  n_nodes=140  n_references=120
=============================================

[NODES]
id	x	y	TWl	TWu	serv	type	actual
0	-13.048	9.445	353	382	3	0	108
1	8.059	8.681	377	392	1	0	17
2	6.456	-14.107	372	392	3	0	50
3	-7.723	13.524	379	394	1	0	129
4	-11.744	-6.688	379	396	1	0	158
5	6.965	10.731	378	393	3	0	121
6	-9.772	7.442	376	391	3	0	63
7	-11.384	-11.628	384	399	1	0	55
8	9.745	-11.866	395	410	1	0	65
9	-15.018	14.461	375	403	1	0	142
10	15.679	-14.608	400	415	1	0	71
11	9.785	10.401	399	416	1	0	8
12	9.544	-10.904	390	416	1	0	74
13	3.364	-12.123	408	423	1	0	73
14	13.276	8.355	393	408	1	0	195
15	5.027	6.257	399	414	1	0	99
16	9.37	10.979	414	429	3	0	25
17	-6.893	10.4	414	429	1	0	139
18	10.576	-14.74	420	437	1	0	52
19	10.175	-11.048	426	442	1	0	76
20	14.158	8.737	394	409	3	1	308
21	12.014	7.809	381	399	1	1	217
22	6.987	-5.007	386	401	3	1	250
23	-7.589	11.439	381	398	1	1	329
24	-10.286	-8.592	383	398	1	1	358
25	-11.146	9.829	396	421	3	1	321
26	10.591	-10.317	403	432	3	1	263
27	7.1	-12.547	402	427	1	1	255
28	9.486	-11.076	395	412	1	1	265
29	-9.622	-8.461	411	426	1	1	342
30	15.227	-13.845	400	417	1	1	271
31	12.112	9.13	403	418	1	1	208
32	-10.426	-10.11	420	435	1	1	274
33	6.553	-12.365	411	428	1	1	273
34	-12.85	-4.675	422	452	1	1	395
35	9.84	-13.676	419	445	1	1	299
36	10.671	10.178	415	432	3	1	225
37	-4.231	6.52	418	437	1	1	339
38	9.239	-13.723	423	438	1	1	252
39	10.395	-11.042	427	442	1	1	276
40	11.802	-15.851	391.725	720	1	2	380
41	7.1	-12.547	424.623	720	1	2	255
42	-11.618	8.587	393.741	720	1	2	345
43	15.747	9.832	347.603	720	1	2	220
44	11.083	6.195	365	720	3	2	241
45	11.802	-15.851	391.725	720	1	2	380
46	10.212	-2.947	109.585	720	3	2	288
47	15.699	-4.738	257	720	1	2	384
48	11.668	-9.714	377	720	1	2	260
49	-8.287	-5.595	372	720	1	2	302
50	-8.815	4.089	369	720	3	2	331
51	4.996	-12.589	380.486	720	1	2	297
52	15.666	-15.424	321	720	1	2	279
53	11.447	10.333	395	720	3	2	237
54	11.996	11.373	393	720	1	2	231
55	16.757	13.404	350	720	1	2	368
56	-11.618	8.587	395.591	720	1	2	345
57	-5.084	-7.773	375	720	3	2	378
58	-9.622	-8.461	426	720	1	2	342
59	-10.358	-9.706	385	720	1	2	340
60	-20	10	362.974	434.676	1	3	420
61	-18	10	360.983	435.448	1	3	421
62	-16	10	359.004	435.991	1	3	422
63	-14	10	357.102	436.28	1	3	423
64	-12	10	357.186	436.3	1	3	424
65	-10	10	359.098	436.051	1	3	425
66	-8	10	361.078	435.544	1	3	426
67	-6	10	363.07	434.805	1	3	427
68	-4	10	365.065	433.863	1	3	428
69	-2	10	367.062	432.75	1	3	429
70	0	10	369.06	431.494	1	3	430
71	2	10	371.058	430.122	1	3	431
72	4	10	373.057	428.655	1	3	432
73	6	10	375.056	427.111	1	3	433
74	8	10	377.055	428.323	1	3	434
75	10	10	379.055	430.306	1	3	435
76	12	10	381.054	429.659	1	3	436
77	14	10	383.054	427.666	1	3	437
78	16	10	385.053	425.668	1	3	438
79	18	10	387.053	423.669	1	3	439
80	20	10	389.053	421.669	1	3	440
81	-20	-10	376.65	442.085	1	3	441
82	-18	-10	376.066	443.592	1	3	442
83	-16	-10	375.668	444.813	1	3	443
84	-14	-10	375.468	445.552	1	3	444
85	-12	-10	375.473	445.608	1	3	445
86	-10	-10	375.682	444.96	1	3	446
87	-8	-10	376.09	443.797	1	3	447
88	-6	-10	376.683	442.324	1	3	448
89	-4	-10	377.447	440.671	1	3	449
90	-2	-10	378.364	438.914	1	3	450
91	0	-10	379.417	437.09	1	3	451
92	2	-10	380.588	435.341	1	3	452
93	4	-10	379.785	437.099	1	3	453
94	6	-10	379.132	438.684	1	3	454
95	8	-10	379.388	439.889	1	3	455
96	10	-10	380.425	440.321	1	3	456
97	12	-10	381.9	439.736	1	3	457
98	14	-10	383.589	438.449	1	3	458
99	16	-10	385.39	436.827	1	3	459
100	18	-10	387.253	435.05	1	3	460
101	20	-10	389.153	433.195	1	3	461
102	-10	20	366.986	426.161	1	3	462
103	-10	18	365.082	428.147	1	3	463
104	-10	16	363.229	430.129	1	3	464
105	-10	14	361.481	432.109	1	3	465
106	-10	12	359.977	434.083	1	3	466
107	-10	8	359.373	438.009	1	3	467
108	-10	6	360.6	439.951	1	3	468
109	-10	4	362.24	441.869	1	3	469
110	-10	2	364.045	443.742	1	3	470
111	-10	0	365.925	445.525	1	3	471
112	-10	-2	367.844	447.091	1	3	472
113	-10	-4	369.786	448.071	1	3	473
114	-10	-6	371.743	447.857	1	3	474
115	-10	-8	373.709	446.621	1	3	475
116	-10	-12	377.661	443.14	1	3	476
117	-10	-14	379.642	441.249	1	3	477
118	-10	-16	381.627	439.322	1	3	478
119	-10	-18	383.614	437.374	1	3	479
120	-10	-20	385.602	435.412	1	3	480
121	10	20	381.35	421.155	1	3	481
122	10	18	380.585	423.149	1	3	482
123	10	16	379.962	425.139	1	3	483
124	10	14	379.494	427.12	1	3	484
125	10	12	379.189	429.058	1	3	485
126	10	8	379.093	428.721	1	3	486
127	10	6	379.304	426.768	1	3	487
128	10	4	379.682	426.559	1	3	488
129	10	2	380.221	428.323	1	3	489
130	10	0	380.908	430.323	1	3	490
131	10	-2	381.733	432.323	1	3	491
132	10	-4	382.683	434.323	1	3	492
133	10	-6	383.745	436.322	1	3	493
134	10	-8	382.061	438.322	1	3	494
135	10	-12	379.123	442.316	1	3	495
136	10	-14	378.546	443.639	1	3	496
137	10	-16	379.018	441.67	1	3	497
138	10	-18	380.265	439.673	1	3	498
139	10	-20	381.877	437.674	1	3	499
