=============================================
SUBPROBLEM 15 OUTPUT
n_requests=20  n_vehicles=20  n_terminals=80  n_nodes=140  n_references=120
=============================================

[NODES]
id	x	y	TWl	TWu	serv	type	actual
0	11.524	12.435	459	474	1	0	47
1	9.319	13.066	450	476	3	0	44
2	9.238	-10.886	453	468	1	0	115
3	10.693	10.214	468	486	1	0	34
4	-9.117	-11.764	446	477	1	0	164
5	-5.084	-7.773	472	487	3	0	179
6	-8.091	-3.35	468	483	1	0	95
7	-11.86	-11.085	468	483	3	0	105
8	12.112	9.13	482	497	1	0	9
9	-10.684	8.307	482	497	1	0	127
10	-8.734	10.849	482	499	3	0	100
11	-9.407	-9.901	483	498	1	0	171
12	8.883	8.604	485	500	1	0	7
13	11.802	-15.851	475	490	1	0	181
14	10.395	-11.042	509	524	1	0	77
15	-10.096	7.798	502	517	1	0	153
16	-12.603	10.787	513	528	1	0	137
17	-8.287	-5.595	505	520	1	0	103
18	6.987	-5.007	526	541	3	0	51
19	7.215	5.101	532	547	1	0	19
20	14.001	4.147	467	487	1	1	247
21	-10.038	10.995	480	495	3	1	244
22	-8.038	8.667	479	508	1	1	315
23	9.484	7.767	473	488	1	1	234
24	10.766	9.837	491	506	1	1	364
25	-11.481	-10.716	479	498	3	1	379
26	11.122	-12.544	489	515	1	1	295
27	-5.332	11.819	491	519	3	1	305
28	9.785	10.401	484	501	1	1	209
29	-7.211	10.237	485	503	1	1	327
30	-9.652	12.734	486	501	3	1	300
31	-10.862	-6.415	486	504	1	1	371
32	9.536	9.905	486	503	1	1	207
33	-10.344	-11.177	497	524	1	1	381
34	10.175	-11.048	509	525	1	1	277
35	-4.639	-11.635	522	548	1	1	353
36	-5.566	9.008	520	539	1	1	337
37	-3.164	14.036	525	551	1	1	303
38	6.456	-14.107	535	555	3	1	251
39	9.294	11.233	538	557	1	1	219
40	9.84	-13.676	445	720	1	2	299
41	7.1	-12.547	424.623	720	1	2	255
42	-8.057	12.104	482	720	1	2	306
43	13.465	-12.811	497.435	720	1	2	259
44	-11.835	7.482	460	720	1	2	333
45	11.802	-15.851	391.725	720	1	2	380
46	10.141	7.192	479	720	1	2	201
47	15.699	-4.738	257	720	1	2	384
48	7.1	-12.547	421.19	720	1	2	255
49	-14.804	16.245	484.81	720	1	2	323
50	-8.815	4.089	369	720	3	2	331
51	4.996	-12.589	380.486	720	1	2	297
52	15.666	-15.424	321	720	1	2	279
53	13.465	-12.811	498.799	720	1	2	259
54	10.766	9.837	502.95	720	1	2	364
55	16.757	13.404	350	720	1	2	368
56	-9.535	-13.32	489.379	720	1	2	385
57	-8.851	-7.507	478.559	720	1	2	377
58	-11.872	-13.479	487	720	1	2	369
59	-11.872	-13.479	487	720	1	2	369
60	-20	10	471.333	532.687	1	3	420
61	-18	10	470.507	534.625	1	3	421
62	-16	10	469.826	536.544	1	3	422
63	-14	10	469.305	538.437	1	3	423
64	-12	10	468.954	540.286	1	3	424
65	-10	10	468.782	542.061	1	3	425
66	-8	10	468.793	543.701	1	3	426
67	-6	10	468.623	545.067	1	3	427
68	-4	10	466.667	545.878	1	3	428
69	-2	10	464.727	545.8	1	3	429
70	0	10	462.81	546.625	1	3	430
71	2	10	460.935	548.603	1	3	431
72	4	10	459.139	550.564	1	3	432
73	6	10	457.518	552.483	1	3	433
74	8	10	456.338	554.213	1	3	434
75	10	10	456.141	554.579	1	3	435
76	12	10	457.073	553.026	1	3	436
77	14	10	458.596	551.135	1	3	437
78	16	10	460.351	549.182	1	3	438
79	18	10	462.207	547.207	1	3	439
80	20	10	464.112	545.223	1	3	440
81	-20	-10	458.025	531.552	1	3	441
82	-18	-10	456.056	533.539	1	3	442
83	-16	-10	454.105	535.522	1	3	443
84	-14	-10	452.192	537.497	1	3	444
85	-12	-10	450.38	539.46	1	3	445
86	-10	-10	448.973	541.395	1	3	446
87	-8	-10	449.088	543.262	1	3	447
88	-6	-10	450.582	544.873	1	3	448
89	-4	-10	452.413	545.245	1	3	449
90	-2	-10	454.332	544.599	1	3	450
91	0	-10	456.286	546.348	1	3	451
92	2	-10	458.256	547.94	1	3	452
93	4	-10	459.312	549.215	1	3	453
94	6	-10	457.357	549.868	1	3	454
95	8	-10	455.522	549.612	1	3	455
96	10	-10	455.169	548.575	1	3	456
97	12	-10	456.901	547.1	1	3	457
98	14	-10	458.844	545.411	1	3	458
99	16	-10	460.82	543.61	1	3	459
100	18	-10	462.807	541.747	1	3	460
101	20	-10	464.798	539.847	1	3	461
102	-10	20	473.526	540.928	1	3	462
103	-10	18	472.939	542.098	1	3	463
104	-10	16	472.541	542.887	1	3	464
105	-10	14	472.342	543.164	1	3	465
106	-10	12	470.78	542.867	1	3	466
107	-10	8	466.784	540.881	1	3	467
108	-10	6	464.786	539.45	1	3	468
109	-10	4	462.789	537.857	1	3	469
110	-10	2	460.792	536.158	1	3	470
111	-10	0	458.797	534.388	1	3	471
112	-10	-2	456.804	535.974	1	3	472
113	-10	-4	454.814	537.671	1	3	473
114	-10	-6	452.831	539.222	1	3	474
115	-10	-8	450.866	540.523	1	3	475
116	-10	-12	447.914	541.627	1	3	476
117	-10	-14	449.404	541.141	1	3	477
118	-10	-16	451.327	540.087	1	3	478
119	-10	-18	453.298	538.678	1	3	479
120	-10	-20	455.283	537.065	1	3	480
121	10	20	459.967	547.205	1	3	481
122	10	18	457.981	549.196	1	3	482
123	10	16	456.012	551.181	1	3	483
124	10	14	454.156	553.144	1	3	484
125	10	12	454.265	554.958	1	3	485
126	10	8	458.112	552.691	1	3	486
127	10	6	460.099	550.72	1	3	487
128	10	4	462.092	548.733	1	3	488
129	10	2	464.087	546.74	1	3	489
130	10	0	464.913	544.745	1	3	490
131	10	-2	462.919	542.748	1	3	491
132	10	-4	460.928	543.29	1	3	492
133	10	-6	458.945	545.152	1	3	493
134	10	-8	456.985	546.939	1	3	494
135	10	-12	455.35	549.877	1	3	495
136	10	-14	457.206	550.454	1	3	496
137	10	-16	459.17	549.982	1	3	497
138	10	-18	461.155	548.735	1	3	498
139	10	-20	463.146	547.123	1	3	499
